{
  "generated_by": {
    "program": "augur",
    "version": "7.0.2"
  },
  "models": {
    "country": {
      "alphabet": [
        "Australia",
        "Austria",
        "Belgium",
        "Brazil",
        "Canada",
        "China",
        "Czech Republic",
        "Democratic Republic of the Congo",
        "England",
        "Finland",
        "France",
        "Georgia",
        "Germany",
        "Hong Kong",
        "Iceland",
        "India",
        "Ireland",
        "Italy",
        "Japan",
        "Luxembourg",
        "Mexico",
        "Netherlands",
        "Norway",
        "Portugal",
        "Scotland",
        "Senegal",
        "Singapore",
        "South Korea",
        "Spain",
        "Switzerland",
        "Taiwan",
        "USA",
        "Wales",
        "?"
      ],
      "equilibrium_probabilities": [
        0.03196191153849292,
        0.037145899481593914,
        0.03149808374245795,
        0.03367398290478777,
        0.034796986936287105,
        0.020695974394621407,
        0.03289783810529275,
        0.037828061982602176,
        0.0194597135200935,
        0.03335993504037572,
        0.02556879363076388,
        0.03616731826536563,
        0.018832407832921404,
        0.03697585085353998,
        0.026687787964974306,
        0.028381730683427663,
        0.03493616626209006,
        0.028408661829309206,
        0.030221461491227904,
        0.01801029229014218,
        0.03748697683557397,
        0.025857866327692648,
        0.038401628849285364,
        0.012368150421581445,
        0.0288901845297099,
        0.031573038514924406,
        0.03661425271532109,
        0.033456375441042484,
        0.021551376449780724,
        0.028113355742110078,
        0.037370487542142665,
        0.03435975015129536,
        0.036447697729172474
      ],
      "rate": 368.176458037944,
      "transition_matrix": [
        [
          0.0,
          0.6928415467786085,
          0.7505185562767132,
          0.6124952073949164,
          3.5490906336224084,
          1.3949546349131139,
          0.6137130320895944,
          0.6251387048035876,
          5.320564261727081,
          0.7069978733441422,
          2.3131271937640583,
          0.8712529447164564,
          3.3316477900219774,
          0.6131019622542001,
          1.30847332805636,
          1.9024715478096619,
          0.6118209611061768,
          0.6164844733071827,
          0.897397684783358,
          4.3486092992418515,
          0.6151023470990938,
          0.7538800987001555,
          0.6189256401198017,
          3.0891806908501867,
          1.7772370045876458,
          0.6120535865392006,
          1.1554320790936463,
          0.7506861797944382,
          0.9323832191306836,
          0.9253067036288303,
          1.2360549786086288,
          4.492450389736528,
          0.7045811489173044
        ],
        [
          0.6928415467786085,
          0.0,
          1.175877025238541,
          0.6113952217327814,
          0.917695724658042,
          0.6108209506303078,
          0.6115230643187105,
          0.6120981939906528,
          1.1000815679246054,
          0.6115980932199861,
          0.6109184136324243,
          0.6113005811918749,
          2.4449249377228592,
          0.611196157888966,
          0.6124543316716169,
          0.6116363210808602,
          0.611344431532118,
          0.611823236470608,
          0.6103338843601346,
          1.2211085669584973,
          0.6122090952038469,
          0.6113963460935316,
          0.6117324293224908,
          0.9209613224075379,
          0.612796678628756,
          0.6112615750072735,
          0.6114110725473356,
          0.6112742836041377,
          1.9215250294390342,
          0.9142250675988669,
          0.6120120436149499,
          0.611423613510489,
          0.6117291810868151
        ],
        [
          0.7505185562767132,
          1.175877025238541,
          0.0,
          1.805234768807833,
          0.6915819658358012,
          0.9255124311756602,
          0.9118499811207437,
          1.3374392475908252,
          5.147302054864748,
          0.6133315145108769,
          4.956832993377534,
          0.6111867597657944,
          2.1595846596026114,
          0.6120999760802588,
          2.175016907567516,
          0.8003566909543621,
          0.6113254545784129,
          1.6215977465918003,
          0.6120112219505136,
          1.539679320068308,
          0.6119360109339326,
          2.2034031034025596,
          0.7012016393625047,
          6.327078343337658,
          0.9201445776629869,
          0.6113693944659989,
          0.6119395318035249,
          0.6110887512772307,
          1.275385519475607,
          1.6422445193513042,
          0.9248260025020717,
          0.6163507004421563,
          0.7604736110788131
        ],
        [
          0.6124952073949164,
          0.6113952217327814,
          1.805234768807833,
          0.0,
          0.6122246657158487,
          0.6110112040032137,
          0.6115486954363095,
          0.6122264567586103,
          2.4920309671425254,
          0.6117034831096743,
          0.6117495923703313,
          0.6113798278099475,
          0.9479456422168204,
          0.6112774944299563,
          0.6141215669799133,
          0.6117325284652947,
          0.6114444909730354,
          0.611862750499416,
          0.6105110080639853,
          0.6110782680611566,
          0.6119513927260104,
          0.6726976954643481,
          0.6117420864101986,
          1.6937539286079408,
          0.6124646296149652,
          0.6113526358734038,
          0.6115739170171097,
          0.6112892607466758,
          0.9252500384872547,
          0.6427325643090084,
          0.6118168211894405,
          0.6119249935633512,
          0.612568859784765
        ],
        [
          3.5490906336224084,
          0.917695724658042,
          0.6915819658358012,
          0.6122246657158487,
          0.0,
          1.8500466598264158,
          0.6135472007541595,
          0.7759381328459346,
          1.7502614757465886,
          1.2255211460426763,
          2.1467112868628497,
          0.6573658550297545,
          1.1350142220590829,
          0.6126490310509108,
          1.1114973073943593,
          0.9644658459510058,
          0.611972740269129,
          0.7169137589550717,
          2.481818864785567,
          5.228968194594932,
          0.6287920704258664,
          0.8508869425117733,
          0.9177287528760819,
          4.1766736848865795,
          0.625348844268462,
          0.612266866631946,
          0.6394103361734359,
          0.6199126306533527,
          0.6160991541739056,
          0.9199412770721014,
          2.5189756873276656,
          8.129191503132466,
          0.6123157082101803
        ],
        [
          1.3949546349131139,
          0.6108209506303078,
          0.9255124311756602,
          0.6110112040032137,
          1.8500466598264158,
          0.0,
          0.6111617582400397,
          0.6130906768478344,
          1.152412855349,
          0.9170026899450481,
          0.7586185006761904,
          0.6109045903369708,
          1.7910185395585394,
          3.9452099653278525,
          1.5328222320001803,
          0.9182687238757148,
          0.9160345481686,
          0.6128067731185665,
          3.0835815915421096,
          0.6204421663528797,
          0.7395478375670356,
          0.9148421210307678,
          0.9174085675287753,
          0.6196552978566432,
          5.009800962529791,
          1.1894728683841367,
          7.046653795254403,
          4.249985977890607,
          1.2390626941726894,
          0.6122826075303294,
          2.4611417468200094,
          2.0110226410877297,
          0.6110232995225321
        ],
        [
          0.6137130320895944,
          0.6115230643187105,
          0.9118499811207437,
          0.6115486954363095,
          0.6135472007541595,
          0.6111617582400397,
          0.0,
          0.6127225295311183,
          2.130966875698872,
          0.6121042575237474,
          0.7664554511075354,
          0.6115637949905866,
          0.6135934128450511,
          0.6114402915012858,
          0.915798611606541,
          0.6117727184673698,
          0.6115289789575683,
          0.6120882772255802,
          0.6107098602398793,
          0.7504286568527528,
          0.611947608049763,
          0.6122435084220665,
          0.6132528607381472,
          1.2576565388865795,
          0.9105283568657115,
          0.6118251991158944,
          0.6116517975000629,
          0.6113754823124614,
          0.6115066052534996,
          0.9119351287574784,
          0.6125995113307682,
          0.6127965672908455,
          0.6120433439383974
        ],
        [
          0.6251387048035876,
          0.6120981939906528,
          1.3374392475908252,
          0.6122264567586103,
          0.7759381328459346,
          0.6130906768478344,
          0.6127225295311183,
          0.0,
          1.3060288135746214,
          0.612840454181758,
          4.3191711519101,
          0.6118528613426663,
          0.6139446371836514,
          0.6125328882040614,
          0.926174646765582,
          0.6123611574188453,
          0.6119859604792338,
          0.6131270323524465,
          0.612129361136504,
          0.616835637067384,
          0.6122849440488201,
          0.6957861123219682,
          0.6126718425190972,
          0.6179732349861861,
          1.147596872689758,
          0.6119489397357867,
          0.6118215406919381,
          0.6115931464178823,
          0.6123955969904377,
          0.9165268148900284,
          0.6157413363251041,
          0.6164893344544932,
          0.6124400763428713
        ],
        [
          5.320564261727081,
          1.1000815679246054,
          5.147302054864748,
          2.4920309671425254,
          1.7502614757465886,
          1.152412855349,
          2.130966875698872,
          1.3060288135746214,
          0.0,
          2.677965305848698,
          2.7989609421821533,
          1.5232052639097995,
          6.058267598026108,
          0.6099267841063504,
          7.599801320676078,
          4.4367986050491774,
          1.5240982318336083,
          5.688017249560177,
          1.5262863615885645,
          4.279533816046988,
          0.9184269761478587,
          9.909231818265939,
          1.3875116287315605,
          18.178474797376335,
          10.322447656782847,
          2.439277764280794,
          0.6597005453570246,
          0.6107403128396077,
          6.450366491994742,
          2.1966517911479304,
          1.8869882494521186,
          3.3687599236299635,
          1.598707174643992
        ],
        [
          0.7069978733441422,
          0.6115980932199861,
          0.6133315145108769,
          0.6117034831096743,
          1.2255211460426763,
          0.9170026899450481,
          0.6121042575237474,
          0.612840454181758,
          2.677965305848698,
          0.0,
          0.9188965728228247,
          0.6113781872570467,
          1.0804044213896884,
          0.6113682430732731,
          0.9385907524928883,
          0.6123791410372132,
          0.6114181542376509,
          0.8658456511648773,
          0.6105744101138169,
          3.1142795531178384,
          0.6120323906116789,
          1.5442480980578994,
          0.863555671396141,
          0.9854422280713457,
          1.147951360031597,
          0.6115333227462041,
          0.6115988006624836,
          0.611372360395102,
          0.923257399738968,
          0.6122501753102564,
          0.612275610741616,
          0.6139195629381016,
          0.6122013345442368
        ],
        [
          2.3131271937640583,
          0.6109184136324243,
          4.956832993377534,
          0.6117495923703313,
          2.1467112868628497,
          0.7586185006761904,
          0.7664554511075354,
          4.3191711519101,
          2.7989609421821533,
          0.9188965728228247,
          0.0,
          0.6109826183868735,
          3.374301311639725,
          0.7857974933512302,
          1.0910905870864918,
          0.6122198172714252,
          0.6110996683442744,
          0.613657887622766,
          1.223347664692108,
          10.099507849816295,
          0.6119518128464957,
          1.5442892249183164,
          0.6151190134058347,
          2.463004230290294,
          0.7686573985039107,
          2.138450123778514,
          0.6132621477484488,
          0.6120800423294325,
          0.9202541494056001,
          1.8388755467649884,
          1.390984454539086,
          1.2293151840264,
          0.6131391362481703
        ],
        [
          0.8712529447164564,
          0.6113005811918749,
          0.6111867597657944,
          0.6113798278099475,
          0.6573658550297545,
          0.6109045903369708,
          0.6115637949905866,
          0.6118528613426663,
          1.5232052639097995,
          0.6113781872570467,
          0.6109826183868735,
          0.0,
          0.6114050750122481,
          0.6112432583884821,
          0.6114056647392315,
          0.9174120763735605,
          0.611393829993718,
          0.6118222735513463,
          0.9156620998061408,
          1.2212179031063224,
          0.6120706429247417,
          0.6112296865382161,
          0.611748958264063,
          0.9154843736943633,
          0.611709693870767,
          0.6113087873685193,
          0.6114764832413873,
          0.611305693057165,
          1.221698277257544,
          0.6116564756572477,
          0.6118378199960097,
          0.6113855942303522,
          0.6116874685221545
        ],
        [
          3.3316477900219774,
          2.4449249377228592,
          2.1595846596026114,
          0.9479456422168204,
          1.1350142220590829,
          1.7910185395585394,
          0.6135934128450511,
          0.6139446371836514,
          6.058267598026108,
          1.0804044213896884,
          3.374301311639725,
          0.6114050750122481,
          0.0,
          0.6119875679211095,
          2.8585818443034445,
          0.9116106873051004,
          0.6113614841670114,
          0.9008213811398053,
          0.6120043951197407,
          5.528231204842537,
          0.6137278978612146,
          2.736458620651352,
          0.6148359114721174,
          2.257305590111172,
          1.889519871552674,
          0.9172110154184853,
          0.6128940505317878,
          0.6120836750348112,
          0.7321153136100114,
          0.6662836137077005,
          0.6155649750944153,
          4.511856654284227,
          2.1429742102208156
        ],
        [
          0.6131019622542001,
          0.611196157888966,
          0.6120999760802588,
          0.6112774944299563,
          0.6126490310509108,
          3.9452099653278525,
          0.6114402915012858,
          0.6125328882040614,
          0.6099267841063504,
          0.6113682430732731,
          0.7857974933512302,
          0.6112432583884821,
          0.6119875679211095,
          0.0,
          0.6115285827768658,
          0.6113601243398947,
          0.611359500741609,
          0.6116270642723604,
          1.528457652023363,
          0.6117880876891904,
          0.6129181913842814,
          0.6112495564858024,
          0.6115780813808169,
          0.6103303282340581,
          0.6125962532338781,
          0.611802330113129,
          0.6132044009050079,
          0.6127233938512441,
          0.6110039905256761,
          0.6115744823430085,
          0.6128930062489867,
          0.6131640666827248,
          0.6114282140390512
        ],
        [
          1.30847332805636,
          0.6124543316716169,
          2.175016907567516,
          0.6141215669799133,
          1.1114973073943593,
          1.5328222320001803,
          0.915798611606541,
          0.926174646765582,
          7.599801320676078,
          0.9385907524928883,
          1.0910905870864918,
          0.6114056647392315,
          2.8585818443034445,
          0.6115285827768658,
          0.0,
          0.6968294378228693,
          0.9162913564243806,
          1.1526871888081947,
          0.9170335027107028,
          2.4807156528553125,
          0.6126368293114576,
          1.593834316738067,
          2.007022949877181,
          3.3921900514814847,
          1.0804861083668473,
          0.6118489794179927,
          0.6125242375296504,
          0.6115763024708393,
          1.2437171598946346,
          0.8308869241420426,
          0.852815441577871,
          0.9626351242836733,
          0.6185149647254339
        ],
        [
          1.9024715478096619,
          0.6116363210808602,
          0.8003566909543621,
          0.6117325284652947,
          0.9644658459510058,
          0.9182687238757148,
          0.6117727184673698,
          0.6123611574188453,
          4.4367986050491774,
          0.6123791410372132,
          0.6122198172714252,
          0.9174120763735605,
          0.9116106873051004,
          0.6113601243398947,
          0.6968294378228693,
          0.0,
          0.6115712362403679,
          1.1844603955139068,
          0.6114685594171255,
          0.613211125026392,
          0.6122549287331389,
          0.6144602472426698,
          0.6199106522247042,
          1.5369956191057788,
          0.6153022042801634,
          0.6116127858915067,
          0.6123640509424848,
          0.6117411554939906,
          0.7453632306639179,
          0.6127401466775857,
          0.6126496274426737,
          0.6150645599943343,
          0.6123250148871897
        ],
        [
          0.6118209611061768,
          0.611344431532118,
          0.6113254545784129,
          0.6114444909730354,
          0.611972740269129,
          0.9160345481686,
          0.6115289789575683,
          0.6119859604792338,
          1.5240982318336083,
          0.6114181542376509,
          0.6110996683442744,
          0.611393829993718,
          0.6113614841670114,
          0.611359500741609,
          0.9162913564243806,
          0.6115712362403679,
          0.0,
          0.6120465619247671,
          0.6104576112926113,
          0.6107077561757839,
          0.6119804012333135,
          1.222333398196097,
          0.6116615376452174,
          1.5259940105970262,
          0.6114678310392356,
          0.6113470902150616,
          0.6115132223093338,
          0.6113551219394323,
          0.6109184636138868,
          0.6118603497382507,
          0.611787781897693,
          0.6113687749867132,
          0.6117356253327513
        ],
        [
          0.6164844733071827,
          0.611823236470608,
          1.6215977465918003,
          0.611862750499416,
          0.7169137589550717,
          0.6128067731185665,
          0.6120882772255802,
          0.6131270323524465,
          5.688017249560177,
          0.8658456511648773,
          0.613657887622766,
          0.6118222735513463,
          0.9008213811398053,
          0.6116270642723604,
          1.1526871888081947,
          1.1844603955139068,
          0.6120465619247671,
          0.0,
          0.9173312761823633,
          1.2705836373452066,
          0.612343779034752,
          1.0521128892893195,
          0.6130321666174167,
          2.1509307227793846,
          0.6180600190761641,
          0.6118951848041886,
          0.6122338032652196,
          0.6116201248164249,
          1.1437527435069628,
          0.6141178061694983,
          0.6138876297598087,
          0.6162794563169288,
          0.6135427194527188
        ],
        [
          0.897397684783358,
          0.6103338843601346,
          0.6120112219505136,
          0.6105110080639853,
          2.481818864785567,
          3.0835815915421096,
          0.6107098602398793,
          0.612129361136504,
          1.5262863615885645,
          0.6105744101138169,
          1.223347664692108,
          0.9156620998061408,
          0.6120043951197407,
          1.528457652023363,
          0.9170335027107028,
          0.6114685594171255,
          0.6104576112926113,
          0.9173312761823633,
          0.0,
          0.6125476894962901,
          0.6366651968213856,
          0.6123620706862279,
          1.8392659291968596,
          3.358181530425283,
          0.6115406745464803,
          0.610628425511912,
          1.2221395665127968,
          0.65680956360209,
          1.221475773316391,
          0.6115804112665204,
          0.6126597015929739,
          0.9460678732847083,
          0.6107141416423356
        ],
        [
          4.3486092992418515,
          1.2211085669584973,
          1.539679320068308,
          0.6110782680611566,
          5.228968194594932,
          0.6204421663528797,
          0.7504286568527528,
          0.616835637067384,
          4.279533816046988,
          3.1142795531178384,
          10.099507849816295,
          1.2212179031063224,
          5.528231204842537,
          0.6117880876891904,
          2.4807156528553125,
          0.613211125026392,
          0.6107077561757839,
          1.2705836373452066,
          0.6125476894962901,
          0.0,
          0.6125425497984309,
          1.522458815887297,
          2.081887434558039,
          1.2318301087793775,
          1.9608708217435977,
          1.2216093821880163,
          0.917849181884486,
          0.6116137351593588,
          1.532869035194559,
          1.2250222331626412,
          2.4606937130108912,
          4.957689457849469,
          0.611516420407157
        ],
        [
          0.6151023470990938,
          0.6122090952038469,
          0.6119360109339326,
          0.6119513927260104,
          0.6287920704258664,
          0.7395478375670356,
          0.611947608049763,
          0.6122849440488201,
          0.9184269761478587,
          0.6120323906116789,
          0.6119518128464957,
          0.6120706429247417,
          0.6137278978612146,
          0.6129181913842814,
          0.6126368293114576,
          0.6122549287331389,
          0.6119804012333135,
          0.612343779034752,
          0.6366651968213856,
          0.6125425497984309,
          0.0,
          0.612008453561509,
          0.6123856898508373,
          0.9210807438491623,
          0.6140137500945893,
          0.6121590730890114,
          0.614354745360964,
          0.6136571993244717,
          2.382009110292873,
          0.612418640655853,
          0.7826079289715955,
          1.1108383841159961,
          0.6121251882974206
        ],
        [
          0.7538800987001555,
          0.6113963460935316,
          2.2034031034025596,
          0.6726976954643481,
          0.8508869425117733,
          0.9148421210307678,
          0.6122435084220665,
          0.6957861123219682,
          9.909231818265939,
          1.5442480980578994,
          1.5442892249183164,
          0.6112296865382161,
          2.736458620651352,
          0.6112495564858024,
          1.593834316738067,
          0.6144602472426698,
          1.222333398196097,
          1.0521128892893195,
          0.6123620706862279,
          1.522458815887297,
          0.612008453561509,
          0.0,
          0.6225106623279777,
          3.2808200497861413,
          2.2173694933959465,
          1.2224413177595532,
          0.6124185801746824,
          0.6111740901257645,
          1.2419708149343245,
          1.6066479027271208,
          0.9228540871454707,
          0.7841448709208604,
          0.6149109373631512
        ],
        [
          0.6189256401198017,
          0.6117324293224908,
          0.7012016393625047,
          0.6117420864101986,
          0.9177287528760819,
          0.9174085675287753,
          0.6132528607381472,
          0.6126718425190972,
          1.3875116287315605,
          0.863555671396141,
          0.6151190134058347,
          0.611748958264063,
          0.6148359114721174,
          0.6115780813808169,
          2.007022949877181,
          0.6199106522247042,
          0.6116615376452174,
          0.6130321666174167,
          1.8392659291968596,
          2.081887434558039,
          0.6123856898508373,
          0.6225106623279777,
          0.0,
          0.8009575067449625,
          0.7963177341363183,
          0.6116601579699352,
          0.611799721452895,
          0.6115495955596769,
          0.6174199214702175,
          0.6127504981986195,
          0.6159568175493031,
          0.6141829413823034,
          0.6119700458926608
        ],
        [
          3.0891806908501867,
          0.9209613224075379,
          6.327078343337658,
          1.6937539286079408,
          4.1766736848865795,
          0.6196552978566432,
          1.2576565388865795,
          0.6179732349861861,
          18.178474797376335,
          0.9854422280713457,
          2.463004230290294,
          0.9154843736943633,
          2.257305590111172,
          0.6103303282340581,
          3.3921900514814847,
          1.5369956191057788,
          1.5259940105970262,
          2.1509307227793846,
          3.358181530425283,
          1.2318301087793775,
          0.9210807438491623,
          3.2808200497861413,
          0.8009575067449625,
          0.0,
          2.9390614109134225,
          0.6107661002122502,
          0.921747013915442,
          0.6106968706758013,
          4.351328824970894,
          4.431180369993855,
          2.322797321882492,
          1.855022043021085,
          0.9444166276712336
        ],
        [
          1.7772370045876458,
          0.612796678628756,
          0.9201445776629869,
          0.6124646296149652,
          0.625348844268462,
          5.009800962529791,
          0.9105283568657115,
          1.147596872689758,
          10.322447656782847,
          1.147951360031597,
          0.7686573985039107,
          0.611709693870767,
          1.889519871552674,
          0.6125962532338781,
          1.0804861083668473,
          0.6153022042801634,
          0.6114678310392356,
          0.6180600190761641,
          0.6115406745464803,
          1.9608708217435977,
          0.6140137500945893,
          2.2173694933959465,
          0.7963177341363183,
          2.9390614109134225,
          0.0,
          0.612390289588167,
          0.6148427059440462,
          0.6137245196916836,
          2.3916819165667302,
          0.6159068347226015,
          0.6151929400020915,
          0.6208999077558053,
          0.6139664123559446
        ],
        [
          0.6120535865392006,
          0.6112615750072735,
          0.6113693944659989,
          0.6113526358734038,
          0.612266866631946,
          1.1894728683841367,
          0.6118251991158944,
          0.6119489397357867,
          2.439277764280794,
          0.6115333227462041,
          2.138450123778514,
          0.6113087873685193,
          0.9172110154184853,
          0.611802330113129,
          0.6118489794179927,
          0.6116127858915067,
          0.6113470902150616,
          0.6118951848041886,
          0.610628425511912,
          1.2216093821880163,
          0.6121590730890114,
          1.2224413177595532,
          0.6116601579699352,
          0.6107661002122502,
          0.612390289588167,
          0.0,
          0.6304976250588255,
          0.6113305371605506,
          0.9165266302364264,
          0.6117967166825017,
          0.6121201408677539,
          0.6683877781275703,
          0.6117404925738072
        ],
        [
          1.1554320790936463,
          0.6114110725473356,
          0.6119395318035249,
          0.6115739170171097,
          0.6394103361734359,
          7.046653795254403,
          0.6116517975000629,
          0.6118215406919381,
          0.6597005453570246,
          0.6115988006624836,
          0.6132621477484488,
          0.6114764832413873,
          0.6128940505317878,
          0.6132044009050079,
          0.6125242375296504,
          0.6123640509424848,
          0.6115132223093338,
          0.6122338032652196,
          1.2221395665127968,
          0.917849181884486,
          0.614354745360964,
          0.6124185801746824,
          0.611799721452895,
          0.921747013915442,
          0.6148427059440462,
          0.6304976250588255,
          0.0,
          0.6138349274757322,
          0.612041769043826,
          0.6118515845908465,
          0.6125477484660692,
          0.6590799263031347,
          0.6117129767199277
        ],
        [
          0.7506861797944382,
          0.6112742836041377,
          0.6110887512772307,
          0.6112892607466758,
          0.6199126306533527,
          4.249985977890607,
          0.6113754823124614,
          0.6115931464178823,
          0.6107403128396077,
          0.611372360395102,
          0.6120800423294325,
          0.611305693057165,
          0.6120836750348112,
          0.6127233938512441,
          0.6115763024708393,
          0.6117411554939906,
          0.6113551219394323,
          0.6116201248164249,
          0.65680956360209,
          0.6116137351593588,
          0.6136571993244717,
          0.6111740901257645,
          0.6115495955596769,
          0.6106968706758013,
          0.6137245196916836,
          0.6113305371605506,
          0.6138349274757322,
          0.0,
          0.6111607725015962,
          0.6114867218867284,
          0.6180641104223878,
          0.9079683104148702,
          0.6114857836290941
        ],
        [
          0.9323832191306836,
          1.9215250294390342,
          1.275385519475607,
          0.9252500384872547,
          0.6160991541739056,
          1.2390626941726894,
          0.6115066052534996,
          0.6123955969904377,
          6.450366491994742,
          0.923257399738968,
          0.9202541494056001,
          1.221698277257544,
          0.7321153136100114,
          0.6110039905256761,
          1.2437171598946346,
          0.7453632306639179,
          0.6109184636138868,
          1.1437527435069628,
          1.221475773316391,
          1.532869035194559,
          2.382009110292873,
          1.2419708149343245,
          0.6174199214702175,
          4.351328824970894,
          2.3916819165667302,
          0.9165266302364264,
          0.612041769043826,
          0.6111607725015962,
          0.0,
          1.2259008337834638,
          1.1012069478036306,
          0.9228972170651737,
          0.6125059515502379
        ],
        [
          0.9253067036288303,
          0.9142250675988669,
          1.6422445193513042,
          0.6427325643090084,
          0.9199412770721014,
          0.6122826075303294,
          0.9119351287574784,
          0.9165268148900284,
          2.1966517911479304,
          0.6122501753102564,
          1.8388755467649884,
          0.6116564756572477,
          0.6662836137077005,
          0.6115744823430085,
          0.8308869241420426,
          0.6127401466775857,
          0.6118603497382507,
          0.6141178061694983,
          0.6115804112665204,
          1.2250222331626412,
          0.612418640655853,
          1.6066479027271208,
          0.6127504981986195,
          4.431180369993855,
          0.6159068347226015,
          0.6117967166825017,
          0.6118515845908465,
          0.6114867218867284,
          1.2259008337834638,
          0.0,
          0.6134061909087569,
          1.0852712362518313,
          0.9127755311162954
        ],
        [
          1.2360549786086288,
          0.6120120436149499,
          0.9248260025020717,
          0.6118168211894405,
          2.5189756873276656,
          2.4611417468200094,
          0.6125995113307682,
          0.6157413363251041,
          1.8869882494521186,
          0.612275610741616,
          1.390984454539086,
          0.6118378199960097,
          0.6155649750944153,
          0.6128930062489867,
          0.852815441577871,
          0.6126496274426737,
          0.611787781897693,
          0.6138876297598087,
          0.6126597015929739,
          2.4606937130108912,
          0.7826079289715955,
          0.9228540871454707,
          0.6159568175493031,
          2.322797321882492,
          0.6151929400020915,
          0.6121201408677539,
          0.6125477484660692,
          0.6180641104223878,
          1.1012069478036306,
          0.6134061909087569,
          0.0,
          0.6171657547445216,
          0.6122766830381615
        ],
        [
          4.492450389736528,
          0.611423613510489,
          0.6163507004421563,
          0.6119249935633512,
          8.129191503132466,
          2.0110226410877297,
          0.6127965672908455,
          0.6164893344544932,
          3.3687599236299635,
          0.6139195629381016,
          1.2293151840264,
          0.6113855942303522,
          4.511856654284227,
          0.6131640666827248,
          0.9626351242836733,
          0.6150645599943343,
          0.6113687749867132,
          0.6162794563169288,
          0.9460678732847083,
          4.957689457849469,
          1.1108383841159961,
          0.7841448709208604,
          0.6141829413823034,
          1.855022043021085,
          0.6208999077558053,
          0.6683877781275703,
          0.6590799263031347,
          0.9079683104148702,
          0.9228972170651737,
          1.0852712362518313,
          0.6171657547445216,
          0.0,
          0.612162535329876
        ],
        [
          0.7045811489173044,
          0.6117291810868151,
          0.7604736110788131,
          0.612568859784765,
          0.6123157082101803,
          0.6110232995225321,
          0.6120433439383974,
          0.6124400763428713,
          1.598707174643992,
          0.6122013345442368,
          0.6131391362481703,
          0.6116874685221545,
          2.1429742102208156,
          0.6114282140390512,
          0.6185149647254339,
          0.6123250148871897,
          0.6117356253327513,
          0.6135427194527188,
          0.6107141416423356,
          0.611516420407157,
          0.6121251882974206,
          0.6149109373631512,
          0.6119700458926608,
          0.9444166276712336,
          0.6139664123559446,
          0.6117404925738072,
          0.6117129767199277,
          0.6114857836290941,
          0.6125059515502379,
          0.9127755311162954,
          0.6122766830381615,
          0.612162535329876,
          0.0
        ]
      ]
    }
  },
  "nodes": {
    "EPI_ISL_402120": {
      "country": "China",
      "country_confidence": {
        "China": 1.0
      },
      "country_entropy": -1.000088900581841e-12
    },
    "EPI_ISL_402121": {
      "country": "China",
      "country_confidence": {
        "China": 1.0
      },
      "country_entropy": -1.000088900581841e-12
    },
    "EPI_ISL_402125": {
      "country": "China",
      "country_confidence": {
        "China": 1.0
      },
      "country_entropy": -1.000088900581841e-12
    },
    "EPI_ISL_402132": {
      "country": "China",
      "country_confidence": {
        "China": 1.0
      },
      "country_entropy": -1.000088900581841e-12
    },
    "EPI_ISL_403929": {
      "country": "China",
      "country_confidence": {
        "China": 1.0
      },
      "country_entropy": -1.000088900581841e-12
    },
    "EPI_ISL_403932": {
      "country": "China",
      "country_confidence": {
        "China": 1.0
      },
      "country_entropy": -1.000088900581841e-12
    },
    "EPI_ISL_404227": {
      "country": "China",
      "country_confidence": {
        "China": 1.0
      },
      "country_entropy": -1.000088900581841e-12
    },
    "EPI_ISL_404228": {
      "country": "China",
      "country_confidence": {
        "China": 1.0
      },
      "country_entropy": -1.000088900581841e-12
    },
    "EPI_ISL_406031": {
      "country": "Taiwan",
      "country_confidence": {
        "Taiwan": 1.0
      },
      "country_entropy": -1.000088900581841e-12
    },
    "EPI_ISL_406538": {
      "country": "China",
      "country_confidence": {
        "China": 1.0
      },
      "country_entropy": -1.000088900581841e-12
    },
    "EPI_ISL_406593": {
      "country": "China",
      "country_confidence": {
        "China": 1.0
      },
      "country_entropy": -1.000088900581841e-12
    },
    "EPI_ISL_406594": {
      "country": "China",
      "country_confidence": {
        "China": 1.0
      },
      "country_entropy": -1.000088900581841e-12
    },
    "EPI_ISL_406716": {
      "country": "China",
      "country_confidence": {
        "China": 1.0
      },
      "country_entropy": -1.000088900581841e-12
    },
    "EPI_ISL_406862": {
      "country": "Germany",
      "country_confidence": {
        "Germany": 1.0
      },
      "country_entropy": -1.000088900581841e-12
    },
    "EPI_ISL_406973": {
      "country": "Singapore",
      "country_confidence": {
        "Singapore": 1.0
      },
      "country_entropy": -1.000088900581841e-12
    },
    "EPI_ISL_407079": {
      "country": "Finland",
      "country_confidence": {
        "Finland": 1.0
      },
      "country_entropy": -1.000088900581841e-12
    },
    "EPI_ISL_407193": {
      "country": "South Korea",
      "country_confidence": {
        "South Korea": 1.0
      },
      "country_entropy": -1.000088900581841e-12
    },
    "EPI_ISL_407976": {
      "country": "Belgium",
      "country_confidence": {
        "Belgium": 1.0
      },
      "country_entropy": -1.000088900581841e-12
    },
    "EPI_ISL_407987": {
      "country": "Singapore",
      "country_confidence": {
        "Singapore": 1.0
      },
      "country_entropy": -1.000088900581841e-12
    },
    "EPI_ISL_407988": {
      "country": "Singapore",
      "country_confidence": {
        "Singapore": 1.0
      },
      "country_entropy": -1.000088900581841e-12
    },
    "EPI_ISL_408430": {
      "country": "France",
      "country_confidence": {
        "France": 1.0
      },
      "country_entropy": -1.000088900581841e-12
    },
    "EPI_ISL_408479": {
      "country": "China",
      "country_confidence": {
        "China": 1.0
      },
      "country_entropy": -1.000088900581841e-12
    },
    "EPI_ISL_408480": {
      "country": "China",
      "country_confidence": {
        "China": 1.0
      },
      "country_entropy": -1.000088900581841e-12
    },
    "EPI_ISL_408486": {
      "country": "China",
      "country_confidence": {
        "China": 1.0
      },
      "country_entropy": -1.000088900581841e-12
    },
    "EPI_ISL_408489": {
      "country": "Taiwan",
      "country_confidence": {
        "Taiwan": 1.0
      },
      "country_entropy": -1.000088900581841e-12
    },
    "EPI_ISL_408514": {
      "country": "China",
      "country_confidence": {
        "China": 1.0
      },
      "country_entropy": -1.000088900581841e-12
    },
    "EPI_ISL_408515": {
      "country": "China",
      "country_confidence": {
        "China": 1.0
      },
      "country_entropy": -1.000088900581841e-12
    },
    "EPI_ISL_408665": {
      "country": "Japan",
      "country_confidence": {
        "Japan": 1.0
      },
      "country_entropy": -1.000088900581841e-12
    },
    "EPI_ISL_408666": {
      "country": "Japan",
      "country_confidence": {
        "Japan": 1.0
      },
      "country_entropy": -1.000088900581841e-12
    },
    "EPI_ISL_408667": {
      "country": "Japan",
      "country_confidence": {
        "Japan": 1.0
      },
      "country_entropy": -1.000088900581841e-12
    },
    "EPI_ISL_408669": {
      "country": "Japan",
      "country_confidence": {
        "Japan": 0.9999999999999999
      },
      "country_entropy": -9.99866855976916e-13
    },
    "EPI_ISL_410218": {
      "country": "Taiwan",
      "country_confidence": {
        "Taiwan": 1.0
      },
      "country_entropy": -1.000088900581841e-12
    },
    "EPI_ISL_410531": {
      "country": "Japan",
      "country_confidence": {
        "Japan": 1.0
      },
