{
  "generated_by": {
    "program": "augur",
    "version": "7.0.2"
  },
  "models": {
    "country": {
      "alphabet": [
        "Argentina",
        "Australia",
        "Austria",
        "Bangladesh",
        "Belgium",
        "Bosnia and Herzegovina",
        "Brazil",
        "Canada",
        "Chile",
        "China",
        "Colombia",
        "Czech Republic",
        "Democratic Republic of the Congo",
        "Denmark",
        "Finland",
        "France",
        "Georgia",
        "Germany",
        "Greece",
        "Hong Kong",
        "Hungary",
        "Iceland",
        "India",
        "Israel",
        "Italy",
        "Japan",
        "Jordan",
        "Kazakhstan",
        "Latvia",
        "Luxembourg",
        "Malaysia",
        "Mexico",
        "Morocco",
        "Netherlands",
        "New Zealand",
        "Nigeria",
        "Norway",
        "Oman",
        "Poland",
        "Portugal",
        "Romania",
        "Russia",
        "Saudi Arabia",
        "Senegal",
        "Singapore",
        "South Africa",
        "South Korea",
        "Spain",
        "Sweden",
        "Switzerland",
        "Taiwan",
        "Thailand",
        "Turkey",
        "USA",
        "Uganda",
        "United Arab Emirates",
        "United Kingdom",
        "Uruguay",
        "Vietnam",
        "?"
      ],
      "equilibrium_probabilities": [
        0.01868090214213388,
        0.01742977471724906,
        0.01588990341934956,
        0.017343463432408533,
        0.01872229850642161,
        0.016993573924509623,
        0.017610790750726326,
        0.017032213472134343,
        0.018392851129413003,
        0.011713707572471548,
        0.01773113127662724,
        0.01653431902542979,
        0.01729880565642852,
        0.014200350771007715,
        0.01716780990300379,
        0.014086797592103798,
        0.01856870942157766,
        0.017097861079172643,
        0.018420579352947768,
        0.01781002623953411,
        0.017515993425896537,
        0.01791859019766464,
        0.017478884802700195,
        0.013940646411587149,
        0.016128134394734955,
        0.014966552705360202,
        0.016803963850144356,
        0.018337374268949894,
        0.017978097587161044,
        0.01641231875067862,
        0.015796465752853546,
        0.017793980660109607,
        0.018150333003516924,
        0.014038419384164329,
        0.019522386124419127,
        0.018166848748073595,
        0.01756653893731438,
        0.01736549409228184,
        0.013679331254764022,
        0.019029184753663997,
        0.018315272997778142,
        0.016304681517307143,
        0.0171812700036502,
        0.01695107399621426,
        0.016967627343676725,
        0.018224147289056407,
        0.016619792022239295,
        0.01416829822610194,
        0.014274268833217248,
        0.017424425695990488,
        0.015296577123724796,
        0.0157305186617709,
        0.018829763560332165,
        0.015671213841510524,
        0.018294052704571205,
        0.017446750447751257,
        0.01921159827180086,
        0.018439421256695367,
        0.017333837715921552
      ],
      "rate": 359.64786169882063,
      "transition_matrix": [
        [
          0.0,
          1.2318196292276324,
          1.151712534617197,
          0.760489575842587,
          0.7721918719452651,
          0.7705518124474441,
          1.5674105457379772,
          0.9910356529980859,
          0.7669712822468915,
          0.7651070928428119,
          1.230457665794839,
          0.9721262395362483,
          0.7970697420482512,
          0.7712813098158636,
          0.7593418152511896,
          0.7890961008279046,
          0.7602283184823135,
          0.9176390830745059,
          0.7636501018159144,
          0.7588930819259521,
          0.9915293782843367,
          0.7620810525462531,
          1.0607241371287215,
          1.8346129793725698,
          0.8043971967855456,
          1.3310850953769733,
          0.825384164024528,
          0.7567508740769496,
          0.7615275327058629,
          0.7664919380139632,
          0.7574825205701504,
          0.7604868360997079,
          0.7630898104283607,
          1.1472240452001743,
          0.7631603135021685,
          0.7576557127299522,
          0.7646011085654203,
          0.8108678057825903,
          1.1788506787315278,
          0.9967691365560346,
          0.7576241979620169,
          1.24261828542269,
          0.7647426686999473,
          0.7775360204921724,
          0.762790217203013,
          0.996620440462198,
          0.7559036152941188,
          2.707795405343548,
          1.125071841132898,
          0.949495981802831,
          0.7717741394966022,
          0.7579213069192696,
          0.9900441266942903,
          0.7812565060399433,
          0.7577411467373013,
          0.7626327495756149,
          1.1551819952046034,
          0.9934916710396539,
          0.8084195826804994
        ],
        [
          1.2318196292276324,
          0.0,
          0.8482903361257732,
          1.5110933315720105,
          1.1403206220313749,
          1.8277828371216227,
          0.9465137245173487,
          0.898651532050651,
          1.3769290156661564,
          3.874621625953876,
          1.040473352219885,
          0.8074596961403513,
          1.002371637498137,
          0.8438941614206811,
          0.7750011216223855,
          1.5162582372947901,
          0.8103000353031696,
          1.468495626451419,
          0.7877467989577267,
          2.01240794831209,
          0.8127555859787952,
          0.8326936546028959,
          1.2239092863774008,
          1.8800299978723218,
          0.9407927634780233,
          2.040466281575852,
          0.8081043387151899,
          0.7655896461243876,
          0.7717838187574965,
          0.8323995399942884,
          1.1506490722674292,
          0.7724396222537151,
          0.8067364431783606,
          1.1845842669352702,
          1.0037766411179714,
          0.7678268031552569,
          1.158407458643513,
          1.976795657353392,
          1.4962521793960268,
          0.8875302560304765,
          0.7663087334014546,
          0.9735262911073093,
          2.332370088301239,
          1.230574269469743,
          2.0797241624334926,
          0.7721265195849986,
          0.765268961071256,
          1.7981404021739025,
          1.0605547852919932,
          0.9618018565348352,
          1.1881799390175225,
          0.9395145789131383,
          1.0193789273276619,
          3.5547048171495716,
          0.7676553605349217,
          1.4752753493384194,
          1.034824206247385,
          0.9879693610705413,
          1.425973105415152
        ],
        [
          1.151712534617197,
          0.8482903361257732,
          0.0,
          0.7677568408148624,
          1.9727358517089073,
          1.2229764786795552,
          1.3094673783922235,
          0.874329656500941,
          0.9264641297508217,
          1.100972083421914,
          1.2528422247570694,
          0.780452085621542,
          0.81968151296508,
          1.1347937934976884,
          1.1490491335215143,
          1.2122615477004157,
          1.1519458292287301,
          1.7553544150036446,
          1.1506567846897575,
          0.7636330281126732,
          0.7755768233375531,
          0.7749604420444962,
          0.9298516464918314,
          1.2778916237434237,
          1.0833636774320636,
          0.8599512587304162,
          0.8180197011518057,
          0.7652853106736105,
          0.7831694094353101,
          1.009605510510872,
          0.763581247645012,
          1.3007378264194127,
          1.1920613236913806,
          3.0184789389247686,
          0.776663499613748,
          0.7618622583449969,
          2.1562117694766543,
          1.8273610258227806,
          2.4278942491144813,
          1.6329680810628562,
          0.7627552891516532,
          2.2183794057724655,
          1.4373355313750025,
          0.9320380760802154,
          0.7860560544337025,
          0.7798062830088799,
          0.7619148407273092,
          1.3292746188661235,
          1.6639238114320927,
          2.0641781144228477,
          1.0224287539994301,
          0.7642725727122993,
          0.7718428652844427,
          1.491908113335877,
          1.0215758368105567,
          0.777581393284709,
          1.1840360846616207,
          0.7679678475833446,
          1.2446640727759162
        ],
        [
          0.760489575842587,
          1.5110933315720105,
          0.7677568408148624,
          0.0,
          0.9121178580109878,
          0.7641767750387317,
          0.7616855442826813,
          0.7609300646047301,
          0.8326657029091895,
          1.1493257611830536,
          0.7629372634130525,
          0.8961520479036539,
          0.7704662144015448,
          0.8868264115727922,
          0.7568315961794,
          0.875869209152259,
          0.75843271712866,
          0.7733375383189044,
          0.7589117045473192,
          0.7576873015097131,
          0.7618173898918291,
          0.7607730071086061,
          1.1441210048520472,
          0.7648100770391756,
          0.7693854713135095,
          0.7663274442425403,
          0.7603439262430105,
          0.7556345630336896,
          0.759529439624894,
          0.7642246245368608,
          0.7563458051135121,
          0.7582431896246843,
          0.7591473254612704,
          0.8606037258574131,
          0.7610244871856765,
          0.7559568806544645,
          0.7624203670879885,
          0.7612969875938643,
          2.028580565944119,
          0.7652778593081744,
          0.7564263915576501,
          1.4996728008003806,
          1.141147011467503,
          0.763098836269751,
          0.7612241561862323,
          0.7622223052836892,
          0.7551742366405486,
          0.9398678058473018,
          0.7789134154640026,
          0.892100068381183,
          0.8535166786256808,
          0.757521098290128,
          0.7647499096978858,
          1.6732799517025363,
          0.7560904368214856,
          0.7630365376748554,
          0.7675360317346953,
          0.7557710777879316,
          0.7637082018445753
        ],
        [
          0.7721918719452651,
          1.1403206220313749,
          1.9727358517089073,
          0.9121178580109878,
          0.0,
          1.0072533228059457,
          1.0632096653320477,
          1.407280367417705,
          1.7570027635563703,
          0.9203175044301852,
          1.0929836947793863,
          0.8613461920849811,
          2.236845438160078,
          1.0344543769697114,
          0.7689871264117675,
          1.2410435424431143,
          0.777772230024726,
          1.785443424259485,
          0.8108345042613209,
          0.7776183135004089,
          1.528819460847802,
          0.8028068569771818,
          1.1698558816223894,
          1.2783702370488244,
          2.0958081904596564,
          1.4265558504246592,
          0.7921714950053728,
          0.7612628044633236,
          0.7705236012247746,
          1.9753123405071114,
          0.7622899322816542,
          1.0371840355474315,
          0.7703766023082288,
          2.044114678711079,
          1.18073222816663,
          0.7618958535883543,
          0.8832294986045649,
          1.003732562384103,
          1.9670047042522292,
          1.6580129874570535,
          0.7632854730918631,
          1.2402744524840952,
          0.7808554950510684,
          1.5713497297450605,
          0.817855824936615,
          1.069061883138422,
          0.759922770701062,
          1.4734521823439264,
          0.8466653057869334,
          1.6841545312801347,
          0.7747188089350413,
          1.1435499941355456,
          1.5519130075636796,
          1.5880736725397258,
          0.7697423251740597,
          0.7703634076366748,
          0.857045544268906,
          0.7613816598287408,
          1.2783273137963682
        ],
        [
          0.7705518124474441,
          1.8277828371216227,
          1.2229764786795552,
          0.7641767750387317,
          1.0072533228059457,
          0.0,
          1.191303844651308,
          0.9766410159851696,
          0.769525885026788,
          0.8719947488563536,
          0.7699070486999483,
          1.172941640154376,
          0.9327643843547945,
          1.575543244291416,
          0.7618784098670943,
          1.4185643241101695,
          0.7636313679057267,
          1.7579688348062097,
          0.7647023855573085,
          0.7623362677321326,
          0.7721208992830416,
          0.767443944334898,
          1.1767225978571632,
          0.7745218272600568,
          1.1308635519008032,
          0.7736085686563602,
          0.7684219094266612,
          0.7660456169546905,
          1.3268712991772988,
          0.8126981191979601,
          0.7604049231583324,
          0.7631606109629109,
          0.7648720886938453,
          1.5411198606913774,
          0.7662600222909735,
          0.7595342881806287,
          1.1582652957492658,
          0.8809145776873644,
          1.179034576539519,
          0.7727234201992284,
          0.7630951393922364,
          1.1770030211141371,
          0.7684067924168855,
          1.0821440813072958,
          0.7766451490127243,
          0.7840640070316028,
          0.758970362755216,
          0.7657297508869391,
          1.2619615533639301,
          1.2106135611137396,
          0.8982237509246019,
          0.7619197110200471,
          0.7665325088885465,
          1.3404824718632677,
          1.342520521498844,
          0.9144160282181677,
          0.7830055075959245,
          0.7624230160957925,
          0.7707655620226894
        ],
        [
          1.5674105457379772,
          0.9465137245173487,
          1.3094673783922235,
          0.7616855442826813,
          1.0632096653320477,
          1.191303844651308,
          0.0,
          0.8096329415433723,
          1.9208321796080932,
          0.8663263661624057,
          1.1869978212896515,
          0.7705948867350658,
          0.8121300744072957,
          0.8305475966439156,
          0.761737948717578,
          0.835581369985931,
          0.7646143064368258,
          1.1013973861946487,
          0.7659224316912872,
          0.7596778534747045,
          0.78427091308606,
          1.0786380435588996,
          0.7804935164310514,
          0.7706170615598538,
          1.1659025046271623,
          1.0779054949294515,
          1.0022089064212578,
          0.7577293073636461,
          0.7623959189447341,
          0.7911085864764769,
          0.7586170071295775,
          0.7635312887194994,
          0.762785194048394,
          2.3053479757154625,
          0.7893280870041519,
          0.7969595365790954,
          0.8098702787550303,
          0.9756221312717216,
          1.468908364795227,
          0.7700641354038894,
          0.7623168376175515,
          0.7730128576403672,
          1.0656355807068276,
          0.8961957540853387,
          0.7636707638903493,
          0.7633614339390742,
          0.7575102750307124,
          0.7661741699144891,
          0.8254760819591472,
          1.2937255523969173,
          0.7698627911433767,
          0.7593092677804943,
          0.9510363008752253,
          0.8346638306114149,
          0.7612245510568144,
          0.7646580260051103,
          1.5981423187343935,
          1.1481979203775268,
          0.7670781775264824
        ],
        [
          0.9910356529980859,
          0.898651532050651,
          0.874329656500941,
          0.7609300646047301,
          1.407280367417705,
          0.9766410159851696,
          0.8096329415433723,
          0.0,
          0.8590830693687025,
          1.804108921134417,
          1.1905134544525038,
          1.1433185562823194,
          1.681137745175543,
          1.3511583690714308,
          1.0846729045796892,
          1.0806569919175344,
          0.7637345902720934,
          1.646242671823205,
          1.0595913275310542,
          0.9492036696431381,
          0.7926281853207868,
          0.7640276302057061,
          0.8700789214074619,
          2.9789891960409034,
          0.9834954280231324,
          1.461122634856811,
          0.8955200704246263,
          0.758173995748748,
          0.8584276357691287,
          0.8862161277871167,
          0.759835821122838,
          0.7619000086640185,
          0.7638788348580048,
          0.9411891344220789,
          0.8508932859019669,
          0.7599342327460573,
          1.0496442705491258,
          1.1413231407742817,
          1.0348846050158966,
          0.8269821418954443,
          0.7588410829325599,
          0.7731574076989555,
          0.7658254210640858,
          0.8299350729063494,
          0.8781691337394282,
          0.7711559062003773,
          0.7574551827900035,
          0.7663711772956573,
          1.3692767125435477,
          0.7929426100555624,
          0.7736165174932507,
          0.7649539503204348,
          0.7775953584707403,
          3.1824667869399965,
          0.7596690978667836,
          0.7679928029365638,
          1.1487396956914975,
          0.7574984484102024,
          0.7683225360375888
        ],
        [
          0.7669712822468915,
          1.3769290156661564,
          0.9264641297508217,
          0.8326657029091895,
          1.7570027635563703,
          0.769525885026788,
          1.9208321796080932,
          0.8590830693687025,
          0.0,
          0.7802495473703057,
          0.8607015408433677,
          0.7690054574570694,
          1.2732553516456033,
          0.7840131031569326,
          0.789315735161359,
          1.0346289507814665,
          1.0265603015681668,
          1.4384509479187226,
          1.7378048133452564,
          0.7738725504077296,
          1.0130724844144043,
          0.7756986480846454,
          0.8064659146712093,
          1.0323826948544406,
          1.0455768370999226,
          1.6060249362102317,
          0.9499769886250088,
          0.7592490509312981,
          0.7652086286537038,
          1.1258381259384311,
          1.1052725516239035,
          0.7665712059695757,
          0.7781063783194632,
          0.9072377923913109,
          0.7686369450887726,
          0.7605247959625803,
          0.7700255137441434,
          1.0958327295835595,
          1.3397362488767648,
          0.861784947084514,
          0.7683205058353207,
          0.8037606513123575,
          0.7865392318245497,
          0.7683277721382819,
          0.7663543859254426,
          0.7641217434382713,
          0.7581622077652106,
          3.5174039675120907,
          1.0413956940282096,
          0.8081130728894894,
          0.7940381259862723,
          0.7616851025496236,
          0.7681255810561447,
          0.8839146412669253,
          0.7677852487310421,
          1.0002631998645133,
          1.0744339489310732,
          0.7620381831445615,
          0.7709616619760317
        ],
        [
          0.7651070928428119,
          3.874621625953876,
          1.100972083421914,
          1.1493257611830536,
          0.9203175044301852,
          0.8719947488563536,
          0.8663263661624057,
          1.804108921134417,
          0.7802495473703057,
          0.0,
          1.149901823835292,
          0.7669182631309459,
          0.7963164213709943,
          0.8919679379698032,
          1.0088174018358995,
          1.35758102882387,
          0.9256066691346726,
          1.0975126243059885,
          0.7869759718992677,
          2.6162159716099302,
          0.7680515443513058,
          1.453627392050314,
          0.9690261405720372,
          1.1855953327207311,
          0.8854378658391137,
          2.8764809494199524,
          0.8692186517109598,
          0.7638599814527401,
          1.147507640932087,
          0.7717040883403596,
          2.5448127923426567,
          0.9250758729830624,
          0.769749338717529,
          0.9749415031116385,
          0.9891238524801078,
          0.7604343754511129,
          1.1585155884076692,
          1.7545503307564154,
          0.7930752117360333,
          0.769683403155054,
          0.7593630033464824,
          1.0208563266058404,
          1.1729407448850953,
          0.7679424359185096,
          4.827142303593379,
          1.1492334262765782,
          3.4391799206382174,
          2.179693593574326,
          0.9481732370818319,
          0.7817378989502668,
          5.234515258851362,
          3.6302383091989325,
          0.9723195943734464,
          5.233922586018959,
          0.7599566325110605,
          3.0159258403426987,
          1.1804644586884865,
          0.7596868162250168,
          1.775898110235004
        ],
        [
          1.230457665794839,
          1.040473352219885,
          1.2528422247570694,
          0.7629372634130525,
          1.0929836947793863,
          0.7699070486999483,
          1.1869978212896515,
          1.1905134544525038,
          0.8607015408433677,
          1.149901823835292,
          0.0,
          0.9684034688024329,
          0.9045083424821588,
          1.3019166110426206,
          1.13987823384428,
          1.689612147073721,
          0.7648632666788354,
          0.7911801830892853,
          0.7908961071615203,
          0.7618205303276934,
          1.0134954926001667,
          0.7674834798094697,
          0.7777402293488996,
          0.9367938389714981,
          0.8802228442727348,
          1.999325667553803,
          0.979666578197028,
          0.760073504621855,
          0.771280497647134,
          0.7889874701643262,
          0.7604118602086043,
          0.8532224291776849,
          0.7671857786798661,
          1.2970463095045774,
          1.1594876027118801,
          1.2592494256123123,
          0.9522466158377907,
          0.813552745159634,
          1.4624403521704419,
          1.0749841580789254,
          0.7611915792994116,
          0.7734502311818803,
          0.8278957085310339,
          1.07185944873475,
          0.7653532073021201,
          0.7772449818351371,
          0.7584674809168829,
          2.1681018317635665,
          0.7936961649979531,
          1.0452881762588688,
          0.7669753401606305,
          0.7611488749435955,
          0.823561986765853,
          1.019720746891002,
          0.7608867107263406,
          0.7663079723607762,
          1.0096363389810286,
          0.7608709751757623,
          0.831838202186353
        ],
        [
          0.9721262395362483,
          0.8074596961403513,
          0.780452085621542,
          0.8961520479036539,
          0.8613461920849811,
          1.172941640154376,
          0.7705948867350658,
          1.1433185562823194,
          0.7690054574570694,
          0.7669182631309459,
          0.9684034688024329,
          0.0,
          0.9498635770392077,
          1.0813215965612584,
          0.7723694981883723,
          2.002373415319837,
          0.7632578709947314,
          0.9306976418417114,
          0.7696184047361487,
          0.7990784729427817,
          0.7699495083482689,
          0.7655947865060245,
          0.8385751757343488,
          0.7740901865326594,
          1.0665149450430742,
          1.5657140725767675,
          1.3852067630721465,
          0.7593223631817168,
          0.9998444680232935,
          1.004485319015473,
          0.7595242600290585,
          0.7630843893074327,
          0.7674630077593182,
          1.821058903999736,
          0.7675398883500087,
          0.7635454609536322,
          0.7697202138583047,
          0.7662363886207356,
          1.6494541750020613,
          1.606555520879501,
          0.7620105945507524,
          2.0794351464541356,
          0.7658036017231007,
          0.7666446554583151,
          0.7672296047158937,
          1.1699343811285925,
          0.7585318184427978,
          0.7673902378551671,
          1.250968790293122,
          1.5849059299654018,
          0.7772183529306746,
          0.761763574944126,
          1.032300330004545,
          1.2244143464086539,
          0.7608618285334888,
          0.8055979997098367,
          0.8359980022087906,
          0.7598449399981115,
          1.0158862026426911
        ],
        [
          0.7970697420482512,
          1.002371637498137,
          0.81968151296508,
          0.7704662144015448,
          2.236845438160078,
          0.9327643843547945,
          0.8121300744072957,
          1.681137745175543,
          1.2732553516456033,
          0.7963164213709943,
          0.9045083424821588,
          0.9498635770392077,
          0.0,
          1.1460637690073123,
          0.7778249990457792,
          2.2864873008472872,
          0.8504479473839708,
          0.8214292631386448,
          0.7657049798248552,
          0.7603073896963874,
          1.3387144494723062,
          0.8292753758309991,
          0.8538337406712292,
          0.9848002544019178,
          1.216676634352981,
          0.7735819490239159,
          0.7667976526016483,
          0.7589467218752427,
          0.7634408354580831,
          3.012034905041135,
          0.7590806664329195,
          0.7634676147118452,
          0.7641800240247278,
          1.8337842651558847,
          0.7728505130735809,
          0.7596952304303423,
          1.0252351351313607,
          1.0962922870847012,
          1.4848828979144428,
          0.793512706435348,
          0.7771890546689537,
          0.7762365354685133,
          1.168565865925313,
          0.8186399490266408,
          0.7656230366443001,
          0.7666661680670653,
          0.7581488586326331,
          1.1517341837053505,
          0.7810940969288784,
          1.6511709822803118,
          0.802428668477092,
          0.760381546265619,
          0.7957866244096031,
          0.8487494676272687,
          0.7608626453126166,
          0.7655089877603063,
          0.7781193669663948,
          0.7590379378895878,
          0.7675787125955593
        ],
        [
          0.7712813098158636,
          0.8438941614206811,
          1.1347937934976884,
          0.8868264115727922,
          1.0344543769697114,
          1.575543244291416,
          0.8305475966439156,
          1.3511583690714308,
          0.7840131031569326,
          0.8919679379698032,
          1.3019166110426206,
          1.0813215965612584,
          1.1460637690073123,
          0.0,
          0.7699890671688638,
          2.9404312373085744,
          0.7691633932927766,
          2.8884840104991727,
          0.7725413825981711,
          0.7650429437673467,
          1.2593292537710798,
          1.2768798525780274,
          1.3618921963092872,
          2.210175901856882,
          1.3578183238515815,
          0.7892993763802708,
          0.7777007493223944,
          0.7667655976441706,
          0.7716901957435776,
          0.826183228651666,
          0.7635871795532803,
          0.7898987030390597,
          1.1756985654226229,
          1.7648817479817087,
          1.9862789109627907,
          0.7629617799600392,
          1.3378162885124976,
          0.7694520638657985,
          0.8554743856348491,
          1.3948261445213115,
          0.962989858268287,
          0.9100798854851152,
          0.8125493043034776,
          0.7856134412712112,
          0.7743137991472142,
          1.5796527381448655,
          0.7618351802453488,
          1.2601145328046528,
          1.754871566413942,
          2.455680290809768,
          0.875912556965536,
          0.7654623073517973,
          0.8120782609153565,
          2.2683578064545764,
          0.7831748963884688,
          0.7755408870953864,
          1.0105761760168674,
          0.7626085455596092,
          0.7873090307329592
        ],
        [
          0.7593418152511896,
          0.7750011216223855,
          1.1490491335215143,
          0.7568315961794,
          0.7689871264117675,
          0.7618784098670943,
          0.761737948717578,
          1.0846729045796892,
          0.789315735161359,
          1.0088174018358995,
          1.13987823384428,
          0.7723694981883723,
          0.7778249990457792,
          0.7699890671688638,
          0.0,
          1.4281938592353007,
          0.7596658431878215,
          0.7739909559298971,
          0.7613035979039825,
          0.7569486361680241,
          0.7620457197076923,
          0.7592254443194785,
          1.696678204397691,
          1.4242553582811714,
          0.7822272256396702,
          0.7698813557709606,
          0.7605686288898648,
          0.755263131042431,
          0.7585132094842516,
          1.9676626160161346,
          1.1292310036812756,
          0.7583894362543109,
          0.761845671258882,
          1.1350524992478828,
          0.7608824079377603,
          0.8667872311426535,
          0.7625175713395118,
          0.7608553723940057,
          1.5462919988401327,
          0.7643429398400825,
          0.7560011711524098,
          0.7944406464653081,
          2.7333988471802715,
          0.7626792611384662,
          0.7615680303737649,
          0.7592912171598422,
          0.7559700701326316,
          1.1251494495800602,
          1.0399705821003953,
          0.7830310494296765,
          0.7640425900800394,
          0.9170154768572032,
          0.7611416098262022,
          0.7728340142590185,
          0.7571045279517852,
          0.7600982400331069,
          1.0286662447273425,
          0.7554233278982919,
          0.7619843509113502
        ],
        [
          0.7890961008279046,
          1.5162582372947901,
          1.2122615477004157,
          0.875869209152259,
          1.2410435424431143,
          1.4185643241101695,
          0.835581369985931,
          1.0806569919175344,
          1.0346289507814665,
          1.35758102882387,
          1.689612147073721,
          2.002373415319837,
          2.2864873008472872,
          2.9404312373085744,
          1.4281938592353007,
          0.0,
          0.8508593104263202,
          1.8939730871753864,
          0.896786609369985,
          0.771732924410193,
          1.488592437914539,
          1.0159039303836699,
          1.4694194773183678,
          2.2419879325060568,
          2.582784762898115,
          1.586475008941714,
          0.7870056518957254,
          0.7971976485560901,
          1.3633155530131,
          1.8488879385471986,
          0.770030772571608,
          0.913339375968214,
          1.5073970949723396,
          3.1838595136981365,
          0.8365171361802165,
          1.25301293613622,
          2.3260453919277153,
          0.8329254964131954,
          1.5222155823649817,
          0.930369048378195,
          0.9868517561975986,
          1.1957898489353778,
          0.8188909456017006,
          2.748156087346686,
          1.370084113153577,
          0.859994295751368,
          0.9899062909447667,
          1.172355875651142,
          3.350278490288257,
          1.6628664434989242,
          1.1955916537226534,
          1.372789218687114,
          1.1984827781911405,
          2.7076567715449262,
          0.8397908881980035,
          1.5795616623881192,
          1.447263813963752,
          1.1444332512069915,
          1.2462058756642205
        ],
        [
          0.7602283184823135,
          0.8103000353031696,
          1.1519458292287301,
          0.75843271712866,
          0.777772230024726,
          0.7636313679057267,
          0.7646143064368258,
          0.7637345902720934,
          1.0265603015681668,
          0.9256066691346726,
          0.7648632666788354,
          0.7632578709947314,
          0.8504479473839708,
          0.7691633932927766,
          0.7596658431878215,
          0.8508593104263202,
          0.0,
          0.7684271451645194,
          0.7865598407247595,
          0.758670071188308,
          0.810414382172324,
          0.7637702393464995,
          1.041381735943278,
          0.7914933353195093,
          1.5657161352727516,
          0.7765725527728109,
          0.763612911050872,
          0.7565968671202342,
          0.7598232422467308,
          1.5781650541923997,
          0.7589149793016859,
          1.0142676553204202,
          0.7600840844552375,
          0.9848346282651743,
          1.024029555940477,
          0.7574797321346044,
          0.7642649933316334,
          1.1437060328330129,
          0.7737398570715455,
          0.8264206603211278,
          0.7575963452433199,
          0.766859657713208,
          0.7617147865126074,
          0.7629673864117364,
          0.7828272083507785,
          0.7608662646828115,
          0.7567431003417944,
          1.1480338874129554,
          0.7987067302552973,
          0.8517601787839647,
          0.8850643366424971,
          0.8508599404251083,
          0.7972847003224862,
          1.061142522331448,
          0.7580616941634879,
          0.7683684583701947,
          0.7723017728988861,
          0.7572292911666078,
          0.7632934580796746
        ],
        [
          0.9176390830745059,
          1.468495626451419,
          1.7553544150036446,
          0.7733375383189044,
          1.785443424259485,
          1.7579688348062097,
          1.1013973861946487,
          1.646242671823205,
          1.4384509479187226,
          1.0975126243059885,
          0.7911801830892853,
          0.9306976418417114,
          0.8214292631386448,
          2.8884840104991727,
          0.7739909559298971,
          1.8939730871753864,
          0.7684271451645194,
          0.0,
          0.7824053256284055,
          0.7647293982436744,
          0.79138509723675,
          0.8206068199710225,
          1.524819789197132,
          1.0104115194785492,
          1.5245277415911107,
          1.4655401575303286,
          1.0807797046310699,
          0.7629772328825003,
          1.8490876584356497,
          1.2366466437126926,
          0.7632399322613366,
          0.7709325110821916,
          1.1263887306911087,
          4.310715696738083,
          1.0827711870157315,
          0.7632716574695999,
          1.0962468120781943,
          0.7792634958102994,
          2.7379874401991113,
          0.828135133222709,
          0.7803929139579115,
          1.0576269814560995,
          0.7802911803007649,
          1.4925102845513807,
          0.8083132424719885,
          0.8119272414049483,
          0.7607148132162505,
          0.7747900821914901,
          1.4967276892575505,
          1.129614952872765,
          1.2648296988895382,
          0.7645967316990783,
          0.7729520981147421,
          1.1387765311164506,
          1.2234521664318312,
          0.8739977183510463,
          1.2250047681848018,
          0.7613603748826686,
          0.8909393206856729
        ],
        [
          0.7636501018159144,
          0.7877467989577267,
          1.1506567846897575,
          0.7589117045473192,
          0.8108345042613209,
          0.7647023855573085,
          0.7659224316912872,
          1.0595913275310542,
          1.7378048133452564,
          0.7869759718992677,
          0.7908961071615203,
          0.7696184047361487,
          0.7657049798248552,
          0.7725413825981711,
          0.7613035979039825,
          0.896786609369985,
          0.7865598407247595,
          0.7824053256284055,
          0.0,
          0.7596034113506527,
          1.129284479068085,
          0.7642333893231226,
          0.7692550436285841,
          0.8528393362241781,
          0.9768815788380597,
          1.228950278227326,
          2.1720115794792156,
          0.7576815238594656,
          1.2854216872850555,
          0.7869015023909292,
          0.7593479922363958,
          0.7609159344600824,
          0.7770540258221464,
          1.0513404192728246,
          0.7801172976044484,
          1.444574349955609,
          0.7696873518970019,
          0.777840256721316,
          0.9669988897915177,
          1.0196741474793265,
          0.7585954815687307,
          0.7742681636494586,
          0.7715294448341967,
          0.807584305573245,
          0.8814431155323839,
          0.7633281465154892,
          0.757925633855375,
          1.155299159676943,
          1.3474420043938578,
          0.785474010564316,
          0.8736073115972862,
          0.9336151870640842,
          0.7637238621279994,
          0.7817033193234887,
          0.7592790140376711,
          0.7662912676180896,
          3.289811135115055,
          0.7575421247551958,
          1.1572535024784252
        ],
        [
          0.7588930819259521,
          2.01240794831209,
          0.7636330281126732,
          0.7576873015097131,
          0.7776183135004089,
          0.7623362677321326,
          0.7596778534747045,
          0.9492036696431381,
          0.7738725504077296,
          2.6162159716099302,
          0.7618205303276934,
          0.7990784729427817,
          0.7603073896963874,
          0.7650429437673467,
          0.7569486361680241,
          0.771732924410193,
          0.758670071188308,
          0.7647293982436744,
          0.7596034113506527,
          0.0,
          0.7617730989395288,
          0.7593599698026611,
          0.9858042409164887,
          0.763759334623222,
          0.7651643667628721,
          1.5392755789360184,
          0.8007262494908362,
          0.7549992056706367,
          0.7584523626803998,
          0.7613743529424846,
          1.4988408740585184,
          0.7573040304572949,
          0.7584777479427374,
          0.765730421141842,
          0.7610298837130112,
          0.755919593526958,
          0.7611805380171586,
          0.7623036468665061,
          0.7682587309449598,
          1.0609664651658866,
          0.7560948928909281,
          0.7648666163878032,
          0.7607423474532935,
          0.7600334222843755,
          0.8604054182907975,
          0.7589525920621526,
          0.7582196661439609,
          0.7627177938643962,
          0.7677796039829464,
          0.8103809607496946,
          0.9298855768627183,
          1.5107020836350176,
          0.7605236313124792,
          1.4145233855201111,
          0.7558456609931067,
          1.3284183771471196,
          0.766053289981416,
          0.7555265916397151,
          0.7703111346430629
        ],
        [
          0.9915293782843367,
          0.8127555859787952,
          0.7755768233375531,
          0.7618173898918291,
          1.528819460847802,
          0.7721208992830416,
          0.78427091308606,
          0.7926281853207868,
          1.0130724844144043,
          0.7680515443513058,
          1.0134954926001667,
          0.7699495083482689,
          1.3387144494723062,
          1.2593292537710798,
          0.7620457197076923,
          1.488592437914539,
          0.810414382172324,
          0.79138509723675,
          1.129284479068085,
          0.7617730989395288,
          0.0,
          1.1158451776590372,
          0.9196255365948022,
          1.0834252774398103,
          0.7942769917615989,
          1.9174724584549756,
          0.8653821253002912,
          0.7590302339442289,
          0.7637181252700813,
          0.7725044853506243,
          0.7603907368995134,
          0.7701233974272165,
          0.7653554902947554,
          0.8587924382976184,
          0.7755487376643408,
          0.7611054134181876,
          0.7682301719731098,
          0.7714295947234637,
          0.7829661211165831,
          1.0348225970496048,
          0.7647639052879777,
          0.8698358456075741,
          0.7852475479635952,
          1.0681505064223942,
          0.7654189207228783,
          0.7720249722134017,
          0.7582814027457757,
          2.3404119652081423,
          0.7759337785858429,
          1.3801458546711125,
          0.7678452212863128,
