Map from character to field name
A:	Argentina
B:	Australia
C:	Austria
D:	Bangladesh
E:	Belgium
F:	Bosnia and Herzegovina
G:	Brazil
H:	Canada
I:	Chile
J:	China
K:	Colombia
L:	Czech Republic
M:	Democratic Republic of the Congo
N:	Denmark
O:	Finland
P:	France
Q:	Georgia
R:	Germany
S:	Greece
T:	Hong Kong
U:	Hungary
V:	Iceland
W:	India
X:	Israel
Y:	Italy
Z:	Japan
[:	Jordan
\:	Kazakhstan
]:	Latvia
^:	Luxembourg
_:	Malaysia
`:	Mexico
a:	Morocco
b:	Netherlands
c:	New Zealand
d:	Nigeria
e:	Norway
f:	Oman
g:	Poland
h:	Portugal
i:	Romania
j:	Russia
k:	Saudi Arabia
l:	Senegal
m:	Singapore
n:	South Africa
o:	South Korea
p:	Spain
q:	Sweden
r:	Switzerland
s:	Taiwan
t:	Thailand
u:	Turkey
v:	USA
w:	Uganda
x:	United Arab Emirates
y:	United Kingdom
z:	Uruguay
{:	Vietnam
|:	?


Substitution rate (mu): 359.647862

Equilibrium frequencies (pi_i):
  A: 0.0187
  B: 0.0174
  C: 0.0159
  D: 0.0173
  E: 0.0187
  F: 0.017
  G: 0.0176
  H: 0.017
  I: 0.0184
  J: 0.0117
  K: 0.0177
  L: 0.0165
  M: 0.0173
  N: 0.0142
  O: 0.0172
  P: 0.0141
  Q: 0.0186
  R: 0.0171
  S: 0.0184
  T: 0.0178
  U: 0.0175
  V: 0.0179
  W: 0.0175
  X: 0.0139
  Y: 0.0161
  Z: 0.015
  [: 0.0168
  \: 0.0183
  ]: 0.018
  ^: 0.0164
  _: 0.0158
  `: 0.0178
  a: 0.0182
  b: 0.014
  c: 0.0195
  d: 0.0182
  e: 0.0176
  f: 0.0174
  g: 0.0137
  h: 0.019
  i: 0.0183
  j: 0.0163
  k: 0.0172
  l: 0.017
  m: 0.017
  n: 0.0182
  o: 0.0166
  p: 0.0142
  q: 0.0143
  r: 0.0174
  s: 0.0153
  t: 0.0157
  u: 0.0188
  v: 0.0157
  w: 0.0183
  x: 0.0174
  y: 0.0192
  z: 0.0184
  {: 0.0173

Symmetrized rates from j->i (W_ij):
	A	B	C	D	E	F	G	H	I	J	K	L	M	N	O	P	Q	R	S	T	U	V	W	X	Y	Z	[	\	]	^	_	`	a	b	c	d	e	f	g	h	i	j	k	l	m	n	o	p	q	r	s	t	u	v	w	x	y	z	{
  A	0	1.2318	1.1517	0.7605	0.7722	0.7706	1.5674	0.991	0.767	0.7651	1.2305	0.9721	0.7971	0.7713	0.7593	0.7891	0.7602	0.9176	0.7637	0.7589	0.9915	0.7621	1.0607	1.8346	0.8044	1.3311	0.8254	0.7568	0.7615	0.7665	0.7575	0.7605	0.7631	1.1472	0.7632	0.7577	0.7646	0.8109	1.1789	0.9968	0.7576	1.2426	0.7647	0.7775	0.7628	0.9966	0.7559	2.7078	1.1251	0.9495	0.7718	0.7579	0.99	0.7813	0.7577	0.7626	1.1552	0.9935	0.8084
  B	1.2318	0	0.8483	1.5111	1.1403	1.8278	0.9465	0.8987	1.3769	3.8746	1.0405	0.8075	1.0024	0.8439	0.775	1.5163	0.8103	1.4685	0.7877	2.0124	0.8128	0.8327	1.2239	1.88	0.9408	2.0405	0.8081	0.7656	0.7718	0.8324	1.1506	0.7724	0.8067	1.1846	1.0038	0.7678	1.1584	1.9768	1.4963	0.8875	0.7663	0.9735	2.3324	1.2306	2.0797	0.7721	0.7653	1.7981	1.0606	0.9618	1.1882	0.9395	1.0194	3.5547	0.7677	1.4753	1.0348	0.988	1.426
  C	1.1517	0.8483	0	0.7678	1.9727	1.223	1.3095	0.8743	0.9265	1.101	1.2528	0.7805	0.8197	1.1348	1.149	1.2123	1.1519	1.7554	1.1507	0.7636	0.7756	0.775	0.9299	1.2779	1.0834	0.86	0.818	0.7653	0.7832	1.0096	0.7636	1.3007	1.1921	3.0185	0.7767	0.7619	2.1562	1.8274	2.4279	1.633	0.7628	2.2184	1.4373	0.932	0.7861	0.7798	0.7619	1.3293	1.6639	2.0642	1.0224	0.7643	0.7718	1.4919	1.0216	0.7776	1.184	0.768	1.2447
  D	0.7605	1.5111	0.7678	0	0.9121	0.7642	0.7617	0.7609	0.8327	1.1493	0.7629	0.8962	0.7705	0.8868	0.7568	0.8759	0.7584	0.7733	0.7589	0.7577	0.7618	0.7608	1.1441	0.7648	0.7694	0.7663	0.7603	0.7556	0.7595	0.7642	0.7563	0.7582	0.7591	0.8606	0.761	0.756	0.7624	0.7613	2.0286	0.7653	0.7564	1.4997	1.1411	0.7631	0.7612	0.7622	0.7552	0.9399	0.7789	0.8921	0.8535	0.7575	0.7647	1.6733	0.7561	0.763	0.7675	0.7558	0.7637
  E	0.7722	1.1403	1.9727	0.9121	0	1.0073	1.0632	1.4073	1.757	0.9203	1.093	0.8613	2.2368	1.0345	0.769	1.241	0.7778	1.7854	0.8108	0.7776	1.5288	0.8028	1.1699	1.2784	2.0958	1.4266	0.7922	0.7613	0.7705	1.9753	0.7623	1.0372	0.7704	2.0441	1.1807	0.7619	0.8832	1.0037	1.967	1.658	0.7633	1.2403	0.7809	1.5713	0.8179	1.0691	0.7599	1.4735	0.8467	1.6842	0.7747	1.1435	1.5519	1.5881	0.7697	0.7704	0.857	0.7614	1.2783
  F	0.7706	1.8278	1.223	0.7642	1.0073	0	1.1913	0.9766	0.7695	0.872	0.7699	1.1729	0.9328	1.5755	0.7619	1.4186	0.7636	1.758	0.7647	0.7623	0.7721	0.7674	1.1767	0.7745	1.1309	0.7736	0.7684	0.766	1.3269	0.8127	0.7604	0.7632	0.7649	1.5411	0.7663	0.7595	1.1583	0.8809	1.179	0.7727	0.7631	1.177	0.7684	1.0821	0.7766	0.7841	0.759	0.7657	1.262	1.2106	0.8982	0.7619	0.7665	1.3405	1.3425	0.9144	0.783	0.7624	0.7708
  G	1.5674	0.9465	1.3095	0.7617	1.0632	1.1913	0	0.8096	1.9208	0.8663	1.187	0.7706	0.8121	0.8305	0.7617	0.8356	0.7646	1.1014	0.7659	0.7597	0.7843	1.0786	0.7805	0.7706	1.1659	1.0779	1.0022	0.7577	0.7624	0.7911	0.7586	0.7635	0.7628	2.3053	0.7893	0.797	0.8099	0.9756	1.4689	0.7701	0.7623	0.773	1.0656	0.8962	0.7637	0.7634	0.7575	0.7662	0.8255	1.2937	0.7699	0.7593	0.951	0.8347	0.7612	0.7647	1.5981	1.1482	0.7671
  H	0.991	0.8987	0.8743	0.7609	1.4073	0.9766	0.8096	0	0.8591	1.8041	1.1905	1.1433	1.6811	1.3512	1.0847	1.0807	0.7637	1.6462	1.0596	0.9492	0.7926	0.764	0.8701	2.979	0.9835	1.4611	0.8955	0.7582	0.8584	0.8862	0.7598	0.7619	0.7639	0.9412	0.8509	0.7599	1.0496	1.1413	1.0349	0.827	0.7588	0.7732	0.7658	0.8299	0.8782	0.7712	0.7575	0.7664	1.3693	0.7929	0.7736	0.765	0.7776	3.1825	0.7597	0.768	1.1487	0.7575	0.7683
  I	0.767	1.3769	0.9265	0.8327	1.757	0.7695	1.9208	0.8591	0	0.7802	0.8607	0.769	1.2733	0.784	0.7893	1.0346	1.0266	1.4385	1.7378	0.7739	1.0131	0.7757	0.8065	1.0324	1.0456	1.606	0.95	0.7592	0.7652	1.1258	1.1053	0.7666	0.7781	0.9072	0.7686	0.7605	0.77	1.0958	1.3397	0.8618	0.7683	0.8038	0.7865	0.7683	0.7664	0.7641	0.7582	3.5174	1.0414	0.8081	0.794	0.7617	0.7681	0.8839	0.7678	1.0003	1.0744	0.762	0.771
  J	0.7651	3.8746	1.101	1.1493	0.9203	0.872	0.8663	1.8041	0.7802	0	1.1499	0.7669	0.7963	0.892	1.0088	1.3576	0.9256	1.0975	0.787	2.6162	0.7681	1.4536	0.969	1.1856	0.8854	2.8765	0.8692	0.7639	1.1475	0.7717	2.5448	0.9251	0.7697	0.9749	0.9891	0.7604	1.1585	1.7546	0.7931	0.7697	0.7594	1.0209	1.1729	0.7679	4.8271	1.1492	3.4392	2.1797	0.9482	0.7817	5.2345	3.6302	0.9723	5.2339	0.76	3.0159	1.1805	0.7597	1.7759
  K	1.2305	1.0405	1.2528	0.7629	1.093	0.7699	1.187	1.1905	0.8607	1.1499	0	0.9684	0.9045	1.3019	1.1399	1.6896	0.7649	0.7912	0.7909	0.7618	1.0135	0.7675	0.7777	0.9368	0.8802	1.9993	0.9797	0.7601	0.7713	0.789	0.7604	0.8532	0.7672	1.297	1.1595	1.2592	0.9522	0.8136	1.4624	1.075	0.7612	0.7735	0.8279	1.0719	0.7654	0.7772	0.7585	2.1681	0.7937	1.0453	0.767	0.7611	0.8236	1.0197	0.7609	0.7663	1.0096	0.7609	0.8318
  L	0.9721	0.8075	0.7805	0.8962	0.8613	1.1729	0.7706	1.1433	0.769	0.7669	0.9684	0	0.9499	1.0813	0.7724	2.0024	0.7633	0.9307	0.7696	0.7991	0.7699	0.7656	0.8386	0.7741	1.0665	1.5657	1.3852	0.7593	0.9998	1.0045	0.7595	0.7631	0.7675	1.8211	0.7675	0.7635	0.7697	0.7662	1.6495	1.6066	0.762	2.0794	0.7658	0.7666	0.7672	1.1699	0.7585	0.7674	1.251	1.5849	0.7772	0.7618	1.0323	1.2244	0.7609	0.8056	0.836	0.7598	1.0159
  M	0.7971	1.0024	0.8197	0.7705	2.2368	0.9328	0.8121	1.6811	1.2733	0.7963	0.9045	0.9499	0	1.1461	0.7778	2.2865	0.8504	0.8214	0.7657	0.7603	1.3387	0.8293	0.8538	0.9848	1.2167	0.7736	0.7668	0.7589	0.7634	3.012	0.7591	0.7635	0.7642	1.8338	0.7729	0.7597	1.0252	1.0963	1.4849	0.7935	0.7772	0.7762	1.1686	0.8186	0.7656	0.7667	0.7581	1.1517	0.7811	1.6512	0.8024	0.7604	0.7958	0.8487	0.7609	0.7655	0.7781	0.759	0.7676
  N	0.7713	0.8439	1.1348	0.8868	1.0345	1.5755	0.8305	1.3512	0.784	0.892	1.3019	1.0813	1.1461	0	0.77	2.9404	0.7692	2.8885	0.7725	0.765	1.2593	1.2769	1.3619	2.2102	1.3578	0.7893	0.7777	0.7668	0.7717	0.8262	0.7636	0.7899	1.1757	1.7649	1.9863	0.763	1.3378	0.7695	0.8555	1.3948	0.963	0.9101	0.8125	0.7856	0.7743	1.5797	0.7618	1.2601	1.7549	2.4557	0.8759	0.7655	0.8121	2.2684	0.7832	0.7755	1.0106	0.7626	0.7873
  O	0.7593	0.775	1.149	0.7568	0.769	0.7619	0.7617	1.0847	0.7893	1.0088	1.1399	0.7724	0.7778	0.77	0	1.4282	0.7597	0.774	0.7613	0.7569	0.762	0.7592	1.6967	1.4243	0.7822	0.7699	0.7606	0.7553	0.7585	1.9677	1.1292	0.7584	0.7618	1.1351	0.7609	0.8668	0.7625	0.7609	1.5463	0.7643	0.756	0.7944	2.7334	0.7627	0.7616	0.7593	0.756	1.1251	1.04	0.783	0.764	0.917	0.7611	0.7728	0.7571	0.7601	1.0287	0.7554	0.762
  P	0.7891	1.5163	1.2123	0.8759	1.241	1.4186	0.8356	1.0807	1.0346	1.3576	1.6896	2.0024	2.2865	2.9404	1.4282	0	0.8509	1.894	0.8968	0.7717	1.4886	1.0159	1.4694	2.242	2.5828	1.5865	0.787	0.7972	1.3633	1.8489	0.77	0.9133	1.5074	3.1839	0.8365	1.253	2.326	0.8329	1.5222	0.9304	0.9869	1.1958	0.8189	2.7482	1.3701	0.86	0.9899	1.1724	3.3503	1.6629	1.1956	1.3728	1.1985	2.7077	0.8398	1.5796	1.4473	1.1444	1.2462
  Q	0.7602	0.8103	1.1519	0.7584	0.7778	0.7636	0.7646	0.7637	1.0266	0.9256	0.7649	0.7633	0.8504	0.7692	0.7597	0.8509	0	0.7684	0.7866	0.7587	0.8104	0.7638	1.0414	0.7915	1.5657	0.7766	0.7636	0.7566	0.7598	1.5782	0.7589	1.0143	0.7601	0.9848	1.024	0.7575	0.7643	1.1437	0.7737	0.8264	0.7576	0.7669	0.7617	0.763	0.7828	0.7609	0.7567	1.148	0.7987	0.8518	0.8851	0.8509	0.7973	1.0611	0.7581	0.7684	0.7723	0.7572	0.7633
  R	0.9176	1.4685	1.7554	0.7733	1.7854	1.758	1.1014	1.6462	1.4385	1.0975	0.7912	0.9307	0.8214	2.8885	0.774	1.894	0.7684	0	0.7824	0.7647	0.7914	0.8206	1.5248	1.0104	1.5245	1.4655	1.0808	0.763	1.8491	1.2366	0.7632	0.7709	1.1264	4.3107	1.0828	0.7633	1.0962	0.7793	2.738	0.8281	0.7804	1.0576	0.7803	1.4925	0.8083	0.8119	0.7607	0.7748	1.4967	1.1296	1.2648	0.7646	0.773	1.1388	1.2235	0.874	1.225	0.7614	0.8909
  S	0.7637	0.7877	1.1507	0.7589	0.8108	0.7647	0.7659	1.0596	1.7378	0.787	0.7909	0.7696	0.7657	0.7725	0.7613	0.8968	0.7866	0.7824	0	0.7596	1.1293	0.7642	0.7693	0.8528	0.9769	1.229	2.172	0.7577	1.2854	0.7869	0.7593	0.7609	0.7771	1.0513	0.7801	1.4446	0.7697	0.7778	0.967	1.0197	0.7586	0.7743	0.7715	0.8076	0.8814	0.7633	0.7579	1.1553	1.3474	0.7855	0.8736	0.9336	0.7637	0.7817	0.7593	0.7663	3.2898	0.7575	1.1573
  T	0.7589	2.0124	0.7636	0.7577	0.7776	0.7623	0.7597	0.9492	0.7739	2.6162	0.7618	0.7991	0.7603	0.765	0.7569	0.7717	0.7587	0.7647	0.7596	0	0.7618	0.7594	0.9858	0.7638	0.7652	1.5393	0.8007	0.755	0.7585	0.7614	1.4988	0.7573	0.7585	0.7657	0.761	0.7559	0.7612	0.7623	0.7683	1.061	0.7561	0.7649	0.7607	0.76	0.8604	0.759	0.7582	0.7627	0.7678	0.8104	0.9299	1.5107	0.7605	1.4145	0.7558	1.3284	0.7661	0.7555	0.7703
  U	0.9915	0.8128	0.7756	0.7618	1.5288	0.7721	0.7843	0.7926	1.0131	0.7681	1.0135	0.7699	1.3387	1.2593	0.762	1.4886	0.8104	0.7914	1.1293	0.7618	0	1.1158	0.9196	1.0834	0.7943	1.9175	0.8654	0.759	0.7637	0.7725	0.7604	0.7701	0.7654	0.8588	0.7755	0.7611	0.7682	0.7714	0.783	1.0348	0.7648	0.8698	0.7852	1.0682	0.7654	0.772	0.7583	2.3404	0.7759	1.3801	0.7678	0.7616	0.9791	0.8927	0.7601	0.9889	0.8593	0.7596	0.769
  V	0.7621	0.8327	0.775	0.7608	0.8028	0.7674	1.0786	0.764	0.7757	1.4536	0.7675	0.7656	0.8293	1.2769	0.7592	1.0159	0.7638	0.8206	0.7642	0.7594	1.1158	0	0.7681	0.7716	0.786	0.7727	0.8703	0.7573	0.7618	1.548	0.7579	0.8458	0.7632	1.9103	0.768	0.7575	0.9466	0.7648	0.8098	0.7662	0.7589	0.8336	0.7639	0.7642	0.7766	0.7798	0.7575	1.2697	0.8393	1.2864	0.772	0.7606	0.7664	1.0819	0.7582	1.051	1.0523	0.7576	0.7645
  W	1.0607	1.2239	0.9299	1.1441	1.1699	1.1767	0.7805	0.8701	0.8065	0.969	0.7777	0.8386	0.8538	1.3619	1.6967	1.4694	1.0414	1.5248	0.7693	0.9858	0.9196	0.7681	0	1.1562	1.5758	1.6708	0.8771	0.7601	0.7688	0.8992	2.6335	0.7677	0.7925	1.8443	0.7747	0.7625	0.7753	1.3836	1.266	0.8435	0.7612	1.826	1.8543	0.8494	3.4757	1.237	0.7613	0.7708	0.8472	1.0131	1.5282	1.5411	1.4725	0.8798	1.0507	0.7709	0.8398	0.7604	0.8302
  X	1.8346	1.88	1.2779	0.7648	1.2784	0.7745	0.7706	2.979	1.0324	1.1856	0.9368	0.7741	0.9848	2.2102	1.4243	2.242	0.7915	1.0104	0.8528	0.7638	1.0834	0.7716	1.1562	0	1.5348	1.1964	1.5795	1.1454	0.7676	0.975	0.7616	0.7722	1.2493	1.8402	1.2497	0.7616	0.7828	0.7685	1.6032	0.9585	0.7616	0.8699	0.7736	1.7576	0.8153	0.8119	0.7595	0.8097	0.9488	1.4305	0.8021	0.7644	0.7727	2.4365	0.7623	0.7728	1.4379	0.7603	1.1495
  Y	0.8044	0.9408	1.0834	0.7694	2.0958	1.1309	1.1659	0.9835	1.0456	0.8854	0.8802	1.0665	1.2167	1.3578	0.7822	2.5828	1.5657	1.5245	0.9769	0.7652	0.7943	0.786	1.5758	1.5348	0	1.4822	0.8523	0.7658	0.7787	3.0133	0.7639	0.8154	1.0711	1.9288	0.8918	0.7684	2.0243	0.8581	2.8044	1.1248	0.7667	1.8159	0.9226	0.9886	0.7789	1.0021	0.7617	1.9294	2.156	2.3554	1.6258	0.7656	0.7751	1.2498	0.9192	0.777	2.5898	0.7629	1.6288
  Z	1.3311	2.0405	0.86	0.7663	1.4266	0.7736	1.0779	1.4611	1.606	2.8765	1.9993	1.5657	0.7736	0.7893	0.7699	1.5865	0.7766	1.4655	1.229	1.5393	1.9175	0.7727	1.6708	1.1964	1.4822	0	2.0674	0.7613	0.8219	0.7784	1.5057	0.7706	1.1676	1.1844	0.863	1.0851	0.852	1.0914	1.7117	1.3976	0.7626	0.9284	0.9959	1.2622	1.3748	0.7692	0.7625	0.9188	1.3661	2.2261	1.9983	1.2794	0.8205	1.9203	0.763	1.3203	0.844	0.7614	1.7407
  [	0.8254	0.8081	0.818	0.7603	0.7922	0.7684	1.0022	0.8955	0.95	0.8692	0.9797	1.3852	0.7668	0.7777	0.7606	0.787	0.7636	1.0808	2.172	0.8007	0.8654	0.8703	0.8771	1.5795	0.8523	2.0674	0	0.7583	0.7693	1.1442	0.7608	0.761	0.9963	1.9168	1.6485	0.7631	1.1405	0.7723	1.4077	0.8635	0.7594	0.8198	1.1478	0.7692	0.8587	0.764	1.1281	1.2554	0.7811	1.3836	0.8964	1.1258	0.7661	0.787	0.7604	0.7648	1.9323	0.7582	0.882
  \	0.7568	0.7656	0.7653	0.7556	0.7613	0.766	0.7577	0.7582	0.7592	0.7639	0.7601	0.7593	0.7589	0.7668	0.7553	0.7972	0.7566	0.763	0.7577	0.755	0.759	0.7573	0.7601	1.1454	0.7658	0.7613	0.7583	0	0.757	0.7624	0.7547	0.7562	0.7572	0.7637	0.759	0.7547	1.0463	1.1359	0.9266	0.7605	0.7548	0.8165	0.7573	1.1398	0.7575	0.8755	0.754	1.521	0.7746	0.8155	0.854	0.7552	0.7572	0.8377	0.7549	0.7618	0.8159	0.7545	0.7587
  ]	0.7615	0.7718	0.7832	0.7595	0.7705	1.3269	0.7624	0.8584	0.7652	1.1475	0.7713	0.9998	0.7634	0.7717	0.7585	1.3633	0.7598	1.8491	1.2854	0.7585	0.7637	0.7618	0.7688	0.7676	0.7787	0.8219	0.7693	0.757	0	0.7674	0.7569	0.7604	0.7681	0.7752	0.7632	0.7578	0.7647	0.762	1.4182	0.8224	0.7594	1.2789	0.772	0.7617	0.7663	0.8885	0.7563	0.7647	2.0474	1.3915	0.8293	0.7594	1.1488	0.8622	0.7598	1.0113	0.7973	0.7567	1.0573
  ^	0.7665	0.8324	1.0096	0.7642	1.9753	0.8127	0.7911	0.8862	1.1258	0.7717	0.789	1.0045	3.012	0.8262	1.9677	1.8489	1.5782	1.2366	0.7869	0.7614	0.7725	1.548	0.8992	0.975	3.0133	0.7784	1.1442	0.7624	0.7674	0	0.7621	1.1475	0.7714	1.6887	1.3394	0.7609	1.2654	0.8174	1.3447	1.377	0.7712	1.6579	0.821	0.9562	1.1487	0.7699	0.7587	1.5383	1.1354	2.4085	0.7742	0.7619	0.7687	0.8491	0.7656	0.8183	1.2473	0.7595	0.7765
  _	0.7575	1.1506	0.7636	0.7563	0.7623	0.7604	0.7586	0.7598	1.1053	2.5448	0.7604	0.7595	0.7591	0.7636	1.1292	0.77	0.7589	0.7632	0.7593	1.4988	0.7604	0.7579	2.6335	0.7616	0.7639	1.5057	0.7608	0.7547	0.7569	0.7621	0	0.7569	0.7573	0.7633	1.3298	0.7558	0.7596	0.7596	0.764	0.7612	0.755	0.7626	0.9604	0.7586	1.5351	0.7587	0.9888	0.7587	0.7652	0.7638	1.6597	1.6017	0.7597	1.1183	0.7564	0.7623	0.9523	0.7548	0.7598
  `	0.7605	0.7724	1.3007	0.7582	1.0372	0.7632	0.7635	0.7619	0.7666	0.9251	0.8532	0.7631	0.7635	0.7899	0.7584	0.9133	1.0143	0.7709	0.7609	0.7573	0.7701	0.8458	0.7677	0.7722	0.8154	0.7706	0.761	0.7562	0.7604	1.1475	0.7569	0	0.7595	1.2545	0.9897	0.7567	0.7646	0.7609	0.7714	0.7669	0.7567	1.1544	0.7629	0.7625	0.76	0.7662	0.756	2.1478	1.082	0.7818	0.7664	0.7594	0.7628	1.633	0.7569	0.762	0.7725	1.1419	0.8132
  a	0.7631	0.8067	1.1921	0.7591	0.7704	0.7649	0.7628	0.7639	0.7781	0.7697	0.7672	0.7675	0.7642	1.1757	0.7618	1.5074	0.7601	1.1264	0.7771	0.7585	0.7654	0.7632	0.7925	1.2493	1.0711	1.1676	0.9963	0.7572	0.7681	0.7714	0.7573	0.7595	0	0.7848	0.7635	0.7577	0.7697	0.7625	1.7813	1.0677	0.7583	0.8969	0.7633	1.0293	0.7908	0.7621	0.7564	0.933	0.7737	1.1684	0.7647	0.758	0.7619	0.8079	0.8819	0.9862	1.3769	0.7569	1.2323
  b	1.1472	1.1846	3.0185	0.8606	2.0441	1.5411	2.3053	0.9412	0.9072	0.9749	1.297	1.8211	1.8338	1.7649	1.1351	3.1839	0.9848	4.3107	1.0513	0.7657	0.8588	1.9103	1.8443	1.8402	1.9288	1.1844	1.9168	0.7637	0.7752	1.6887	0.7633	1.2545	0.7848	0	0.8044	0.7641	0.9351	1.0907	3.2973	1.1832	0.7651	1.2011	0.7926	1.6122	0.923	0.7893	0.7626	0.8892	1.7603	2.6713	1.0354	0.7742	0.7884	1.3335	0.8235	0.7756	0.9678	0.7634	1.1829
  c	0.7632	1.0038	0.7767	0.761	1.1807	0.7663	0.7893	0.8509	0.7686	0.9891	1.1595	0.7675	0.7729	1.9863	0.7609	0.8365	1.024	1.0828	0.7801	0.761	0.7755	0.768	0.7747	1.2497	0.8918	0.863	1.6485	0.759	0.7632	1.3394	1.3298	0.9897	0.7635	0.8044	0	0.7588	1.0235	0.7633	0.9816	0.8106	0.7612	0.7953	0.7679	0.9563	0.7656	1.0455	0.7608	1.0191	0.7815	1.0446	1.1839	0.7647	0.7674	1.8702	0.7589	0.7656	1.6115	0.7581	0.7725
  d	0.7577	0.7678	0.7619	0.756	0.7619	0.7595	0.797	0.7599	0.7605	0.7604	1.2592	0.7635	0.7597	0.763	0.8668	1.253	0.7575	0.7633	1.4446	0.7559	0.7611	0.7575	0.7625	0.7616	0.7684	1.0851	0.7631	0.7547	0.7578	0.7609	0.7558	0.7567	0.7577	0.7641	0.7588	0	0.7602	0.7599	0.7667	0.7614	0.7553	0.7611	1.1413	1.002	1.0761	0.758	0.7546	0.7582	0.7692	0.7635	0.7599	0.7568	0.7591	0.9539	0.7567	0.7591	0.8592	0.7549	0.7596
  e	0.7646	1.1584	2.1562	0.7624	0.8832	1.1583	0.8099	1.0496	0.77	1.1585	0.9522	0.7697	1.0252	1.3378	0.7625	2.326	0.7643	1.0962	0.7697	0.7612	0.7682	0.9466	0.7753	0.7828	2.0243	0.852	1.1405	1.0463	0.7647	1.2654	0.7596	0.7646	0.7697	0.9351	1.0235	0.7602	0	0.9817	1.2	0.7714	0.7603	1.251	0.7686	0.9095	0.8735	0.7667	0.7594	0.7673	1.0963	0.7921	0.7831	0.762	0.7684	1.0182	0.762	0.7847	0.7967	0.7594	0.7909
  f	0.8109	1.9768	1.8274	0.7613	1.0037	0.8809	0.9756	1.1413	1.0958	1.7546	0.8136	0.7662	1.0963	0.7695	0.7609	0.8329	1.1437	0.7793	0.7778	0.7623	0.7714	0.7648	1.3836	0.7685	0.8581	1.0914	0.7723	1.1359	0.762	0.8174	0.7596	0.7609	0.7625	1.0907	0.7633	0.7599	0.9817	0	1.3734	0.9107	0.7686	0.7722	1.3356	0.767	0.9711	0.7628	0.7593	1.1345	1.1653	0.7783	1.5089	0.7617	1.8603	0.784	1.1574	1.4199	0.7904	1.1421	0.7684
  g	1.1789	1.4963	2.4279	2.0286	1.967	1.179	1.4689	1.0349	1.3397	0.7931	1.4624	1.6495	1.4849	0.8555	1.5463	1.5222	0.7737	2.738	0.967	0.7683	0.783	0.8098	1.266	1.6032	2.8044	1.7117	1.4077	0.9266	1.4182	1.3447	0.764	0.7714	1.7813	3.2973	0.9816	0.7667	1.2	1.3734	0	2.3069	1.1379	2.3033	0.9451	0.7847	1.3678	1.6573	0.7614	1.0768	1.8319	1.6121	0.9872	0.7653	0.8867	1.7564	1.1724	0.9971	2.3679	0.7638	2.2408
  h	0.9968	0.8875	1.633	0.7653	1.658	0.7727	0.7701	0.827	0.8618	0.7697	1.075	1.6066	0.7935	1.3948	0.7643	0.9304	0.8264	0.8281	1.0197	1.061	1.0348	0.7662	0.8435	0.9585	1.1248	1.3976	0.8635	0.7605	0.8224	1.377	0.7612	0.7669	1.0677	1.1832	0.8106	0.7614	0.7714	0.9107	2.3069	0	1.0145	1.2822	0.7679	0.768	0.8494	0.7698	0.7589	1.0449	0.8006	0.9508	0.7691	0.762	1.3847	0.7877	0.7624	0.7688	1.3352	0.7611	1.3236
  i	0.7576	0.7663	0.7628	0.7564	0.7633	0.7631	0.7623	0.7588	0.7683	0.7594	0.7612	0.762	0.7772	0.963	0.756	0.9869	0.7576	0.7804	0.7586	0.7561	0.7648	0.7589	0.7612	0.7616	0.7667	0.7626	0.7594	0.7548	0.7594	0.7712	0.755	0.7567	0.7583	0.7651	0.7612	0.7553	0.7603	0.7686	1.1379	1.0145	0	0.7645	0.7582	0.7584	0.7578	0.7594	0.7545	1.1343	1.153	1.8118	1.1184	0.7558	0.9761	0.7838	0.7558	1.0012	0.768	0.7549	0.7603
  j	1.2426	0.9735	2.2184	1.4997	1.2403	1.177	0.773	0.7732	0.8038	1.0209	0.7735	2.0794	0.7762	0.9101	0.7944	1.1958	0.7669	1.0576	0.7743	0.7649	0.8698	0.8336	1.826	0.8699	1.8159	0.9284	0.8198	0.8165	1.2789	1.6579	0.7626	1.1544	0.8969	1.2011	0.7953	0.7611	1.251	0.7722	2.3033	1.2822	0.7645	0	1.1613	0.7692	0.9042	1.054	0.76	1.1134	3.1039	1.505	1.166	0.7646	0.8853	1.3586	0.7637	1.426	1.0116	0.762	1.4665
  k	0.7647	2.3324	1.4373	1.1411	0.7809	0.7684	1.0656	0.7658	0.7865	1.1729	0.8279	0.7658	1.1686	0.8125	2.7334	0.8189	0.7617	0.7803	0.7715	0.7607	0.7852	0.7639	1.8543	0.7736	0.9226	0.9959	1.1478	0.7573	0.772	0.821	0.9604	0.7629	0.7633	0.7926	0.7679	1.1413	0.7686	1.3356	0.9451	0.7679	0.7582	1.1613	0	1.3263	0.7706	0.7661	0.7568	0.7813	1.24	0.7823	0.7713	0.7609	2.3687	1.2872	1.5363	0.7644	1.1046	0.758	0.7668
  l	0.7775	1.2306	0.932	0.7631	1.5713	1.0821	0.8962	0.8299	0.7683	0.7679	1.0719	0.7666	0.8186	0.7856	0.7627	2.7482	0.763	1.4925	0.8076	0.76	1.0682	0.7642	0.8494	1.7576	0.9886	1.2622	0.7692	1.1398	0.7617	0.9562	0.7586	0.7625	1.0293	1.6122	0.9563	1.002	0.9095	0.767	0.7847	0.768	0.7584	0.7692	1.3263	0	0.7652	0.7625	0.7574	0.7701	0.8004	0.7838	0.7767	0.7598	0.7653	0.9157	0.7617	0.7644	0.7786	0.7585	0.7666
  m	0.7628	2.0797	0.7861	0.7612	0.8179	0.7766	0.7637	0.8782	0.7664	4.8271	0.7654	0.7672	0.7656	0.7743	0.7616	1.3701	0.7828	0.8083	0.8814	0.8604	0.7654	0.7766	3.4757	0.8153	0.7789	1.3748	0.8587	0.7575	0.7663	1.1487	1.5351	0.76	0.7908	0.923	0.7656	1.0761	0.8735	0.9711	1.3678	0.8494	0.7578	0.9042	0.7706	0.7652	0	1.0394	0.7739	0.7645	1.127	0.7773	1.3761	1.6153	0.7661	0.9137	0.7588	0.7973	1.964	0.7575	0.7765
  n	0.9966	0.7721	0.7798	0.7622	1.0691	0.7841	0.7634	0.7712	0.7641	1.1492	0.7772	1.1699	0.7667	1.5797	0.7593	0.86	0.7609	0.8119	0.7633	0.759	0.772	0.7798	1.237	0.8119	1.0021	0.7692	0.764	0.8755	0.8885	0.7699	0.7587	0.7662	0.7621	0.7893	1.0455	0.758	0.7667	0.7628	1.6573	0.7698	0.7594	1.054	0.7661	0.7625	1.0394	0	0.7649	0.7649	0.943	1.1755	0.908	0.7597	0.7676	0.8433	0.7589	0.8012	0.8474	1.0099	0.7664
  o	0.7559	0.7653	0.7619	0.7552	0.7599	0.759	0.7575	0.7575	0.7582	3.4392	0.7585	0.7585	0.7581	0.7618	0.756	0.9899	0.7567	0.7607	0.7579	0.7582	0.7583	0.7575	0.7613	0.7595	0.7617	0.7625	1.1281	0.754	0.7563	0.7587	0.9888	0.756	0.7564	0.7626	0.7608	0.7546	0.7594	0.7593	0.7614	0.7589	0.7545	0.76	0.7568	0.7574	0.7739	0.7649	0	0.7571	0.7642	0.7616	0.9822	1.3207	0.7574	1.2782	0.7549	0.7602	0.763	0.7541	0.7596
  p	2.7078	1.7981	1.3293	0.9399	1.4735	0.7657	0.7662	0.7664	3.5174	2.1797	2.1681	0.7674	1.1517	1.2601	1.1251	1.1724	1.148	0.7748	1.1553	0.7627	2.3404	1.2697	0.7708	0.8097	1.9294	0.9188	1.2554	1.521	0.7647	1.5383	0.7587	2.1478	0.933	0.8892	1.0191	0.7582	0.7673	1.1345	1.0768	1.0449	1.1343	1.1134	0.7813	0.7701	0.7645	0.7649	0.7571	0	1.5355	1.5738	1.1035	0.76	0.7646	1.1923	0.7587	0.7669	2.2672	1.3922	0.769
  q	1.1251	1.0606	1.6639	0.7789	0.8467	1.262	0.8255	1.3693	1.0414	0.9482	0.7937	1.251	0.7811	1.7549	1.04	3.3503	0.7987	1.4967	1.3474	0.7678	0.7759	0.8393	0.8472	0.9488	2.156	1.3661	0.7811	0.7746	2.0474	1.1354	0.7652	1.082	0.7737	1.7603	0.7815	0.7692	1.0963	1.1653	1.8319	0.8006	1.153	3.1039	1.24	0.8004	1.127	0.943	0.7642	1.5355	0	1.2483	2.2477	1.2887	0.86	2.3581	0.7673	1.6068	1.607	0.7633	1.0901
  r	0.9495	0.9618	2.0642	0.8921	1.6842	1.2106	1.2937	0.7929	0.8081	0.7817	1.0453	1.5849	1.6512	2.4557	0.783	1.6629	0.8518	1.1296	0.7855	0.8104	1.3801	1.2864	1.0131	1.4305	2.3554	2.2261	1.3836	0.8155	1.3915	2.4085	0.7638	0.7818	1.1684	2.6713	1.0446	0.7635	0.7921	0.7783	1.6121	0.9508	1.8118	1.505	0.7823	0.7838	0.7773	1.1755	0.7616	1.5738	1.2483	0	1.2298	0.7656	1.6574	1.4056	0.7671	0.8002	2.0218	0.763	1.3493
  s	0.7718	1.1882	1.0224	0.8535	0.7747	0.8982	0.7699	0.7736	0.794	5.2345	0.767	0.7772	0.8024	0.8759	0.764	1.1956	0.8851	1.2648	0.8736	0.9299	0.7678	0.772	1.5282	0.8021	1.6258	1.9983	0.8964	0.854	0.8293	0.7742	1.6597	0.7664	0.7647	1.0354	1.1839	0.7599	0.7831	1.5089	0.9872	0.7691	1.1184	1.166	0.7713	0.7767	1.3761	0.908	0.9822	1.1035	2.2477	1.2298	0	1.6561	1.2637	3.6151	0.8617	2.4809	1.0573	0.7587	0.7802
  t	0.7579	0.9395	0.7643	0.7575	1.1435	0.7619	0.7593	0.765	0.7617	3.6302	0.7611	0.7618	0.7604	0.7655	0.917	1.3728	0.8509	0.7646	0.9336	1.5107	0.7616	0.7606	1.5411	0.7644	0.7656	1.2794	1.1258	0.7552	0.7594	0.7619	1.6017	0.7594	0.758	0.7742	0.7647	0.7568	0.762	0.7617	0.7653	0.762	0.7558	0.7646	0.7609	0.7598	1.6153	0.7597	1.3207	0.76	1.2887	0.7656	1.6561	0	0.8554	1.7407	0.7559	0.7816	0.7717	0.7553	0.7621
  u	0.99	1.0194	0.7718	0.7647	1.5519	0.7665	0.951	0.7776	0.7681	0.9723	0.8236	1.0323	0.7958	0.8121	0.7611	1.1985	0.7973	0.773	0.7637	0.7605	0.9791	0.7664	1.4725	0.7727	0.7751	0.8205	0.7661	0.7572	1.1488	0.7687	0.7597	0.7628	0.7619	0.7884	0.7674	0.7591	0.7684	1.8603	0.8867	1.3847	0.9761	0.8853	2.3687	0.7653	0.7661	0.7676	0.7574	0.7646	0.86	1.6574	1.2637	0.8554	0	0.8556	0.7596	0.7941	0.8524	0.7583	0.8046
  v	0.7813	3.5547	1.4919	1.6733	1.5881	1.3405	0.8347	3.1825	0.8839	5.2339	1.0197	1.2244	0.8487	2.2684	0.7728	2.7077	1.0611	1.1388	0.7817	1.4145	0.8927	1.0819	0.8798	2.4365	1.2498	1.9203	0.787	0.8377	0.8622	0.8491	1.1183	1.633	0.8079	1.3335	1.8702	0.9539	1.0182	0.784	1.7564	0.7877	0.7838	1.3586	1.2872	0.9157	0.9137	0.8433	1.2782	1.1923	2.3581	1.4056	3.6151	1.7407	0.8556	0	0.7675	1.4314	1.7024	1.1484	1.1455
  w	0.7577	0.7677	1.0216	0.7561	0.7697	1.3425	0.7612	0.7597	0.7678	0.76	0.7609	0.7609	0.7609	0.7832	0.7571	0.8398	0.7581	1.2235	0.7593	0.7558	0.7601	0.7582	1.0507	0.7623	0.9192	0.763	0.7604	0.7549	0.7598	0.7656	0.7564	0.7569	0.8819	0.8235	0.7589	0.7567	0.762	1.1574	1.1724	0.7624	0.7558	0.7637	1.5363	0.7617	0.7588	0.7589	0.7549	0.7587	0.7673	0.7671	0.8617	0.7559	0.7596	0.7675	0	1.1433	1.207	0.7551	0.7611
  x	0.7626	1.4753	0.7776	0.763	0.7704	0.9144	0.7647	0.768	1.0003	3.0159	0.7663	0.8056	0.7655	0.7755	0.7601	1.5796	0.7684	0.874	0.7663	1.3284	0.9889	1.051	0.7709	0.7728	0.777	1.3203	0.7648	0.7618	1.0113	0.8183	0.7623	0.762	0.9862	0.7756	0.7656	0.7591	0.7847	1.4199	0.9971	0.7688	1.0012	1.426	0.7644	0.7644	0.7973	0.8012	0.7602	0.7669	1.6068	0.8002	2.4809	0.7816	0.7941	1.4314	1.1433	0	1.0114	0.7585	0.7699
  y	1.1552	1.0348	1.184	0.7675	0.857	0.783	1.5981	1.1487	1.0744	1.1805	1.0096	0.836	0.7781	1.0106	1.0287	1.4473	0.7723	1.225	3.2898	0.7661	0.8593	1.0523	0.8398	1.4379	2.5898	0.844	1.9323	0.8159	0.7973	1.2473	0.9523	0.7725	1.3769	0.9678	1.6115	0.8592	0.7967	0.7904	2.3679	1.3352	0.768	1.0116	1.1046	0.7786	1.964	0.8474	0.763	2.2672	1.607	2.0218	1.0573	0.7717	0.8524	1.7024	1.207	1.0114	0	0.7647	1.0861
  z	0.9935	0.988	0.768	0.7558	0.7614	0.7624	1.1482	0.7575	0.762	0.7597	0.7609	0.7598	0.759	0.7626	0.7554	1.1444	0.7572	0.7614	0.7575	0.7555	0.7596	0.7576	0.7604	0.7603	0.7629	0.7614	0.7582	0.7545	0.7567	0.7595	0.7548	1.1419	0.7569	0.7634	0.7581	0.7549	0.7594	1.1421	0.7638	0.7611	0.7549	0.762	0.758	0.7585	0.7575	1.0099	0.7541	1.3922	0.7633	0.763	0.7587	0.7553	0.7583	1.1484	0.7551	0.7585	0.7647	0	0.7586
  {	0.8084	1.426	1.2447	0.7637	1.2783	0.7708	0.7671	0.7683	0.771	1.7759	0.8318	1.0159	0.7676	0.7873	0.762	1.2462	0.7633	0.8909	1.1573	0.7703	0.769	0.7645	0.8302	1.1495	1.6288	1.7407	0.882	0.7587	1.0573	0.7765	0.7598	0.8132	1.2323	1.1829	0.7725	0.7596	0.7909	0.7684	2.2408	1.3236	0.7603	1.4665	0.7668	0.7666	0.7765	0.7664	0.7596	0.769	1.0901	1.3493	0.7802	0.7621	0.8046	1.1455	0.7611	0.7699	1.0861	0.7586	0

Actual rates from j->i (Q_ij):
	A	B	C	D	E	F	G	H	I	J	K	L	M	N	O	P	Q	R	S	T	U	V	W	X	Y	Z	[	\	]	^	_	`	a	b	c	d	e	f	g	h	i	j	k	l	m	n	o	p	q	r	s	t	u	v	w	x	y	z	{
  A	0	0.023	0.0215	0.0142	0.0144	0.0144	0.0293	0.0185	0.0143	0.0143	0.023	0.0182	0.0149	0.0144	0.0142	0.0147	0.0142	0.0171	0.0143	0.0142	0.0185	0.0142	0.0198	0.0343	0.015	0.0249	0.0154	0.0141	0.0142	0.0143	0.0142	0.0142	0.0143	0.0214	0.0143	0.0142	0.0143	0.0151	0.022	0.0186	0.0142	0.0232	0.0143	0.0145	0.0142	0.0186	0.0141	0.0506	0.021	0.0177	0.0144	0.0142	0.0185	0.0146	0.0142	0.0142	0.0216	0.0186	0.0151
  B	0.0215	0	0.0148	0.0263	0.0199	0.0319	0.0165	0.0157	0.024	0.0675	0.0181	0.0141	0.0175	0.0147	0.0135	0.0264	0.0141	0.0256	0.0137	0.0351	0.0142	0.0145	0.0213	0.0328	0.0164	0.0356	0.0141	0.0133	0.0135	0.0145	0.0201	0.0135	0.0141	0.0206	0.0175	0.0134	0.0202	0.0345	0.0261	0.0155	0.0134	0.017	0.0407	0.0214	0.0362	0.0135	0.0133	0.0313	0.0185	0.0168	0.0207	0.0164	0.0178	0.062	0.0134	0.0257	0.018	0.0172	0.0249
  C	0.0183	0.0135	0	0.0122	0.0313	0.0194	0.0208	0.0139	0.0147	0.0175	0.0199	0.0124	0.013	0.018	0.0183	0.0193	0.0183	0.0279	0.0183	0.0121	0.0123	0.0123	0.0148	0.0203	0.0172	0.0137	0.013	0.0122	0.0124	0.016	0.0121	0.0207	0.0189	0.048	0.0123	0.0121	0.0343	0.029	0.0386	0.0259	0.0121	0.0352	0.0228	0.0148	0.0125	0.0124	0.0121	0.0211	0.0264	0.0328	0.0162	0.0121	0.0123	0.0237	0.0162	0.0124	0.0188	0.0122	0.0198
  D	0.0132	0.0262	0.0133	0	0.0158	0.0133	0.0132	0.0132	0.0144	0.0199	0.0132	0.0155	0.0134	0.0154	0.0131	0.0152	0.0132	0.0134	0.0132	0.0131	0.0132	0.0132	0.0198	0.0133	0.0133	0.0133	0.0132	0.0131	0.0132	0.0133	0.0131	0.0132	0.0132	0.0149	0.0132	0.0131	0.0132	0.0132	0.0352	0.0133	0.0131	0.026	0.0198	0.0132	0.0132	0.0132	0.0131	0.0163	0.0135	0.0155	0.0148	0.0131	0.0133	0.029	0.0131	0.0132	0.0133	0.0131	0.0132
  E	0.0145	0.0213	0.0369	0.0171	0	0.0189	0.0199	0.0263	0.0329	0.0172	0.0205	0.0161	0.0419	0.0194	0.0144	0.0232	0.0146	0.0334	0.0152	0.0146	0.0286	0.015	0.0219	0.0239	0.0392	0.0267	0.0148	0.0143	0.0144	0.037	0.0143	0.0194	0.0144	0.0383	0.0221	0.0143	0.0165	0.0188	0.0368	0.031	0.0143	0.0232	0.0146	0.0294	0.0153	0.02	0.0142	0.0276	0.0159	0.0315	0.0145	0.0214	0.0291	0.0297	0.0144	0.0144	0.016	0.0143	0.0239
  F	0.0131	0.0311	0.0208	0.013	0.0171	0	0.0202	0.0166	0.0131	0.0148	0.0131	0.0199	0.0159	0.0268	0.0129	0.0241	0.013	0.0299	0.013	0.013	0.0131	0.013	0.02	0.0132	0.0192	0.0131	0.0131	0.013	0.0225	0.0138	0.0129	0.013	0.013	0.0262	0.013	0.0129	0.0197	0.015	0.02	0.0131	0.013	0.02	0.0131	0.0184	0.0132	0.0133	0.0129	0.013	0.0214	0.0206	0.0153	0.0129	0.013	0.0228	0.0228	0.0155	0.0133	0.013	0.0131
  G	0.0276	0.0167	0.0231	0.0134	0.0187	0.021	0	0.0143	0.0338	0.0153	0.0209	0.0136	0.0143	0.0146	0.0134	0.0147	0.0135	0.0194	0.0135	0.0134	0.0138	0.019	0.0137	0.0136	0.0205	0.019	0.0176	0.0133	0.0134	0.0139	0.0134	0.0134	0.0134	0.0406	0.0139	0.014	0.0143	0.0172	0.0259	0.0136	0.0134	0.0136	0.0188	0.0158	0.0134	0.0134	0.0133	0.0135	0.0145	0.0228	0.0136	0.0134	0.0167	0.0147	0.0134	0.0135	0.0281	0.0202	0.0135
  H	0.0169	0.0153	0.0149	0.013	0.024	0.0166	0.0138	0	0.0146	0.0307	0.0203	0.0195	0.0286	0.023	0.0185	0.0184	0.013	0.028	0.018	0.0162	0.0135	0.013	0.0148	0.0507	0.0168	0.0249	0.0153	0.0129	0.0146	0.0151	0.0129	0.013	0.013	0.016	0.0145	0.0129	0.0179	0.0194	0.0176	0.0141	0.0129	0.0132	0.013	0.0141	0.015	0.0131	0.0129	0.0131	0.0233	0.0135	0.0132	0.013	0.0132	0.0542	0.0129	0.0131	0.0196	0.0129	0.0131
  I	0.0141	0.0253	0.017	0.0153	0.0323	0.0142	0.0353	0.0158	0	0.0144	0.0158	0.0141	0.0234	0.0144	0.0145	0.019	0.0189	0.0265	0.032	0.0142	0.0186	0.0143	0.0148	0.019	0.0192	0.0295	0.0175	0.014	0.0141	0.0207	0.0203	0.0141	0.0143	0.0167	0.0141	0.014	0.0142	0.0202	0.0246	0.0159	0.0141	0.0148	0.0145	0.0141	0.0141	0.0141	0.0139	0.0647	0.0192	0.0149	0.0146	0.014	0.0141	0.0163	0.0141	0.0184	0.0198	0.014	0.0142
  J	0.009	0.0454	0.0129	0.0135	0.0108	0.0102	0.0101	0.0211	0.0091	0	0.0135	0.009	0.0093	0.0104	0.0118	0.0159	0.0108	0.0129	0.0092	0.0306	0.009	0.017	0.0114	0.0139	0.0104	0.0337	0.0102	0.0089	0.0134	0.009	0.0298	0.0108	0.009	0.0114	0.0116	0.0089	0.0136	0.0206	0.0093	0.009	0.0089	0.012	0.0137	0.009	0.0565	0.0135	0.0403	0.0255	0.0111	0.0092	0.0613	0.0425	0.0114	0.0613	0.0089	0.0353	0.0138	0.0089	0.0208
  K	0.0218	0.0184	0.0222	0.0135	0.0194	0.0137	0.021	0.0211	0.0153	0.0204	0	0.0172	0.016	0.0231	0.0202	0.03	0.0136	0.014	0.014	0.0135	0.018	0.0136	0.0138	0.0166	0.0156	0.0355	0.0174	0.0135	0.0137	0.014	0.0135	0.0151	0.0136	0.023	0.0206	0.0223	0.0169	0.0144	0.0259	0.0191	0.0135	0.0137	0.0147	0.019	0.0136	0.0138	0.0134	0.0384	0.0141	0.0185	0.0136	0.0135	0.0146	0.0181	0.0135	0.0136	0.0179	0.0135	0.0147
  L	0.0161	0.0134	0.0129	0.0148	0.0142	0.0194	0.0127	0.0189	0.0127	0.0127	0.016	0	0.0157	0.0179	0.0128	0.0331	0.0126	0.0154	0.0127	0.0132	0.0127	0.0127	0.0139	0.0128	0.0176	0.0259	0.0229	0.0126	0.0165	0.0166	0.0126	0.0126	0.0127	0.0301	0.0127	0.0126	0.0127	0.0127	0.0273	0.0266	0.0126	0.0344	0.0127	0.0127	0.0127	0.0193	0.0125	0.0127	0.0207	0.0262	0.0129	0.0126	0.0171	0.0202	0.0126	0.0133	0.0138	0.0126	0.0168
  M	0.0138	0.0173	0.0142	0.0133	0.0387	0.0161	0.014	0.0291	0.022	0.0138	0.0156	0.0164	0	0.0198	0.0135	0.0396	0.0147	0.0142	0.0132	0.0132	0.0232	0.0143	0.0148	0.017	0.021	0.0134	0.0133	0.0131	0.0132	0.0521	0.0131	0.0132	0.0132	0.0317	0.0134	0.0131	0.0177	0.019	0.0257	0.0137	0.0134	0.0134	0.0202	0.0142	0.0132	0.0133	0.0131	0.0199	0.0135	0.0286	0.0139	0.0132	0.0138	0.0147	0.0132	0.0132	0.0135	0.0131	0.0133
  N	0.011	0.012	0.0161	0.0126	0.0147	0.0224	0.0118	0.0192	0.0111	0.0127	0.0185	0.0154	0.0163	0	0.0109	0.0418	0.0109	0.041	0.011	0.0109	0.0179	0.0181	0.0193	0.0314	0.0193	0.0112	0.011	0.0109	0.011	0.0117	0.0108	0.0112	0.0167	0.0251	0.0282	0.0108	0.019	0.0109	0.0121	0.0198	0.0137	0.0129	0.0115	0.0112	0.011	0.0224	0.0108	0.0179	0.0249	0.0349	0.0124	0.0109	0.0115	0.0322	0.0111	0.011	0.0144	0.0108	0.0112
  O	0.013	0.0133	0.0197	0.013	0.0132	0.0131	0.0131	0.0186	0.0136	0.0173	0.0196	0.0133	0.0134	0.0132	0	0.0245	0.013	0.0133	0.0131	0.013	0.0131	0.013	0.0291	0.0245	0.0134	0.0132	0.0131	0.013	0.013	0.0338	0.0194	0.013	0.0131	0.0195	0.0131	0.0149	0.0131	0.0131	0.0265	0.0131	0.013	0.0136	0.0469	0.0131	0.0131	0.013	0.013	0.0193	0.0179	0.0134	0.0131	0.0157	0.0131	0.0133	0.013	0.013	0.0177	0.013	0.0131
  P	0.0111	0.0214	0.0171	0.0123	0.0175	0.02	0.0118	0.0152	0.0146	0.0191	0.0238	0.0282	0.0322	0.0414	0.0201	0	0.012	0.0267	0.0126	0.0109	0.021	0.0143	0.0207	0.0316	0.0364	0.0223	0.0111	0.0112	0.0192	0.026	0.0108	0.0129	0.0212	0.0449	0.0118	0.0177	0.0328	0.0117	0.0214	0.0131	0.0139	0.0168	0.0115	0.0387	0.0193	0.0121	0.0139	0.0165	0.0472	0.0234	0.0168	0.0193	0.0169	0.0381	0.0118	0.0223	0.0204	0.0161	0.0176
  Q	0.0141	0.015	0.0214	0.0141	0.0144	0.0142	0.0142	0.0142	0.0191	0.0172	0.0142	0.0142	0.0158	0.0143	0.0141	0.0158	0	0.0143	0.0146	0.0141	0.015	0.0142	0.0193	0.0147	0.0291	0.0144	0.0142	0.014	0.0141	0.0293	0.0141	0.0188	0.0141	0.0183	0.019	0.0141	0.0142	0.0212	0.0144	0.0153	0.0141	0.0142	0.0141	0.0142	0.0145	0.0141	0.0141	0.0213	0.0148	0.0158	0.0164	0.0158	0.0148	0.0197	0.0141	0.0143	0.0143	0.0141	0.0142
  R	0.0157	0.0251	0.03	0.0132	0.0305	0.0301	0.0188	0.0281	0.0246	0.0188	0.0135	0.0159	0.014	0.0494	0.0132	0.0324	0.0131	0	0.0134	0.0131	0.0135	0.014	0.0261	0.0173	0.0261	0.0251	0.0185	0.013	0.0316	0.0211	0.013	0.0132	0.0193	0.0737	0.0185	0.0131	0.0187	0.0133	0.0468	0.0142	0.0133	0.0181	0.0133	0.0255	0.0138	0.0139	0.013	0.0132	0.0256	0.0193	0.0216	0.0131	0.0132	0.0195	0.0209	0.0149	0.0209	0.013	0.0152
  S	0.0141	0.0145	0.0212	0.014	0.0149	0.0141	0.0141	0.0195	0.032	0.0145	0.0146	0.0142	0.0141	0.0142	0.014	0.0165	0.0145	0.0144	0	0.014	0.0208	0.0141	0.0142	0.0157	0.018	0.0226	0.04	0.014	0.0237	0.0145	0.014	0.014	0.0143	0.0194	0.0144	0.0266	0.0142	0.0143	0.0178	0.0188	0.014	0.0143	0.0142	0.0149	0.0162	0.0141	0.014	0.0213	0.0248	0.0145	0.0161	0.0172	0.0141	0.0144	0.014	0.0141	0.0606	0.014	0.0213
  T	0.0135	0.0358	0.0136	0.0135	0.0138	0.0136	0.0135	0.0169	0.0138	0.0466	0.0136	0.0142	0.0135	0.0136	0.0135	0.0137	0.0135	0.0136	0.0135	0	0.0136	0.0135	0.0176	0.0136	0.0136	0.0274	0.0143	0.0134	0.0135	0.0136	0.0267	0.0135	0.0135	0.0136	0.0136	0.0135	0.0136	0.0136	0.0137	0.0189	0.0135	0.0136	0.0135	0.0135	0.0153	0.0135	0.0135	0.0136	0.0137	0.0144	0.0166	0.0269	0.0135	0.0252	0.0135	0.0237	0.0136	0.0135	0.0137
  U	0.0174	0.0142	0.0136	0.0133	0.0268	0.0135	0.0137	0.0139	0.0177	0.0135	0.0178	0.0135	0.0234	0.0221	0.0133	0.0261	0.0142	0.0139	0.0198	0.0133	0	0.0195	0.0161	0.019	0.0139	0.0336	0.0152	0.0133	0.0134	0.0135	0.0133	0.0135	0.0134	0.015	0.0136	0.0133	0.0135	0.0135	0.0137	0.0181	0.0134	0.0152	0.0138	0.0187	0.0134	0.0135	0.0133	0.041	0.0136	0.0242	0.0134	0.0133	0.0172	0.0156	0.0133	0.0173	0.0151	0.0133	0.0135
  V	0.0137	0.0149	0.0139	0.0136	0.0144	0.0138	0.0193	0.0137	0.0139	0.026	0.0138	0.0137	0.0149	0.0229	0.0136	0.0182	0.0137	0.0147	0.0137	0.0136	0.02	0	0.0138	0.0138	0.0141	0.0138	0.0156	0.0136	0.0137	0.0277	0.0136	0.0152	0.0137	0.0342	0.0138	0.0136	0.017	0.0137	0.0145	0.0137	0.0136	0.0149	0.0137	0.0137	0.0139	0.014	0.0136	0.0228	0.015	0.023	0.0138	0.0136	0.0137	0.0194	0.0136	0.0188	0.0189	0.0136	0.0137
  W	0.0185	0.0214	0.0163	0.02	0.0204	0.0206	0.0136	0.0152	0.0141	0.0169	0.0136	0.0147	0.0149	0.0238	0.0297	0.0257	0.0182	0.0267	0.0134	0.0172	0.0161	0.0134	0	0.0202	0.0275	0.0292	0.0153	0.0133	0.0134	0.0157	0.046	0.0134	0.0139	0.0322	0.0135	0.0133	0.0136	0.0242	0.0221	0.0147	0.0133	0.0319	0.0324	0.0148	0.0608	0.0216	0.0133	0.0135	0.0148	0.0177	0.0267	0.0269	0.0257	0.0154	0.0184	0.0135	0.0147	0.0133	0.0145
  X	0.0256	0.0262	0.0178	0.0107	0.0178	0.0108	0.0107	0.0415	0.0144	0.0165	0.0131	0.0108	0.0137	0.0308	0.0199	0.0313	0.011	0.0141	0.0119	0.0106	0.0151	0.0108	0.0161	0	0.0214	0.0167	0.022	0.016	0.0107	0.0136	0.0106	0.0108	0.0174	0.0257	0.0174	0.0106	0.0109	0.0107	0.0223	0.0134	0.0106	0.0121	0.0108	0.0245	0.0114	0.0113	0.0106	0.0113	0.0132	0.0199	0.0112	0.0107	0.0108	0.034	0.0106	0.0108	0.02	0.0106	0.016
  Y	0.013	0.0152	0.0175	0.0124	0.0338	0.0182	0.0188	0.0159	0.0169	0.0143	0.0142	0.0172	0.0196	0.0219	0.0126	0.0417	0.0253	0.0246	0.0158	0.0123	0.0128	0.0127	0.0254	0.0248	0	0.0239	0.0137	0.0124	0.0126	0.0486	0.0123	0.0132	0.0173	0.0311	0.0144	0.0124	0.0326	0.0138	0.0452	0.0181	0.0124	0.0293	0.0149	0.0159	0.0126	0.0162	0.0123	0.0311	0.0348	0.038	0.0262	0.0123	0.0125	0.0202	0.0148	0.0125	0.0418	0.0123	0.0263
  Z	0.0199	0.0305	0.0129	0.0115	0.0214	0.0116	0.0161	0.0219	0.024	0.0431	0.0299	0.0234	0.0116	0.0118	0.0115	0.0237	0.0116	0.0219	0.0184	0.023	0.0287	0.0116	0.025	0.0179	0.0222	0	0.0309	0.0114	0.0123	0.0116	0.0225	0.0115	0.0175	0.0177	0.0129	0.0162	0.0128	0.0163	0.0256	0.0209	0.0114	0.0139	0.0149	0.0189	0.0206	0.0115	0.0114	0.0138	0.0204	0.0333	0.0299	0.0191	0.0123	0.0287	0.0114	0.0198	0.0126	0.0114	0.0261
  [	0.0139	0.0136	0.0137	0.0128	0.0133	0.0129	0.0168	0.015	0.016	0.0146	0.0165	0.0233	0.0129	0.0131	0.0128	0.0132	0.0128	0.0182	0.0365	0.0135	0.0145	0.0146	0.0147	0.0265	0.0143	0.0347	0	0.0127	0.0129	0.0192	0.0128	0.0128	0.0167	0.0322	0.0277	0.0128	0.0192	0.013	0.0237	0.0145	0.0128	0.0138	0.0193	0.0129	0.0144	0.0128	0.019	0.0211	0.0131	0.0233	0.0151	0.0189	0.0129	0.0132	0.0128	0.0129	0.0325	0.0127	0.0148
  \	0.0139	0.014	0.014	0.0139	0.014	0.014	0.0139	0.0139	0.0139	0.014	0.0139	0.0139	0.0139	0.0141	0.0138	0.0146	0.0139	0.014	0.0139	0.0138	0.0139	0.0139	0.0139	0.021	0.014	0.014	0.0139	0	0.0139	0.014	0.0138	0.0139	0.0139	0.014	0.0139	0.0138	0.0192	0.0208	0.017	0.0139	0.0138	0.015	0.0139	0.0209	0.0139	0.0161	0.0138	0.0279	0.0142	0.015	0.0157	0.0138	0.0139	0.0154	0.0138	0.014	0.015	0.0138	0.0139
  ]	0.0137	0.0139	0.0141	0.0137	0.0139	0.0239	0.0137	0.0154	0.0138	0.0206	0.0139	0.018	0.0137	0.0139	0.0136	0.0245	0.0137	0.0332	0.0231	0.0136	0.0137	0.0137	0.0138	0.0138	0.014	0.0148	0.0138	0.0136	0	0.0138	0.0136	0.0137	0.0138	0.0139	0.0137	0.0136	0.0137	0.0137	0.0255	0.0148	0.0137	0.023	0.0139	0.0137	0.0138	0.016	0.0136	0.0137	0.0368	0.025	0.0149	0.0137	0.0207	0.0155	0.0137	0.0182	0.0143	0.0136	0.019
  ^	0.0126	0.0137	0.0166	0.0125	0.0324	0.0133	0.013	0.0145	0.0185	0.0127	0.0129	0.0165	0.0494	0.0136	0.0323	0.0303	0.0259	0.0203	0.0129	0.0125	0.0127	0.0254	0.0148	0.016	0.0495	0.0128	0.0188	0.0125	0.0126	0	0.0125	0.0188	0.0127	0.0277	0.022	0.0125	0.0208	0.0134	0.0221	0.0226	0.0127	0.0272	0.0135	0.0157	0.0189	0.0126	0.0125	0.0252	0.0186	0.0395	0.0127	0.0125	0.0126	0.0139	0.0126	0.0134	0.0205	0.0125	0.0127
  _	0.012	0.0182	0.0121	0.0119	0.012	0.012	0.012	0.012	0.0175	0.0402	0.012	0.012	0.012	0.0121	0.0178	0.0122	0.012	0.0121	0.012	0.0237	0.012	0.012	0.0416	0.012	0.0121	0.0238	0.012	0.0119	0.012	0.012	0	0.012	0.012	0.0121	0.021	0.0119	0.012	0.012	0.0121	0.012	0.0119	0.012	0.0152	0.012	0.0242	0.012	0.0156	0.012	0.0121	0.0121	0.0262	0.0253	0.012	0.0177	0.0119	0.012	0.015	0.0119	0.012
  `	0.0135	0.0137	0.0231	0.0135	0.0185	0.0136	0.0136	0.0136	0.0136	0.0165	0.0152	0.0136	0.0136	0.0141	0.0135	0.0163	0.018	0.0137	0.0135	0.0135	0.0137	0.015	0.0137	0.0137	0.0145	0.0137	0.0135	0.0135	0.0135	0.0204	0.0135	0	0.0135	0.0223	0.0176	0.0135	0.0136	0.0135	0.0137	0.0136	0.0135	0.0205	0.0136	0.0136	0.0135	0.0136	0.0135	0.0382	0.0193	0.0139	0.0136	0.0135	0.0136	0.0291	0.0135	0.0136	0.0137	0.0203	0.0145
  a	0.0139	0.0146	0.0216	0.0138	0.014	0.0139	0.0138	0.0139	0.0141	0.014	0.0139	0.0139	0.0139	0.0213	0.0138	0.0274	0.0138	0.0204	0.0141	0.0138	0.0139	0.0139	0.0144	0.0227	0.0194	0.0212	0.0181	0.0137	0.0139	0.014	0.0137	0.0138	0	0.0142	0.0139	0.0138	0.014	0.0138	0.0323	0.0194	0.0138	0.0163	0.0139	0.0187	0.0144	0.0138	0.0137	0.0169	0.014	0.0212	0.0139	0.0138	0.0138	0.0147	0.016	0.0179	0.025	0.0137	0.0224
  b	0.0161	0.0166	0.0424	0.0121	0.0287	0.0216	0.0324	0.0132	0.0127	0.0137	0.0182	0.0256	0.0257	0.0248	0.0159	0.0447	0.0138	0.0605	0.0148	0.0107	0.0121	0.0268	0.0259	0.0258	0.0271	0.0166	0.0269	0.0107	0.0109	0.0237	0.0107	0.0176	0.011	0	0.0113	0.0107	0.0131	0.0153	0.0463	0.0166	0.0107	0.0169	0.0111	0.0226	0.013	0.0111	0.0107	0.0125	0.0247	0.0375	0.0145	0.0109	0.0111	0.0187	0.0116	0.0109	0.0136	0.0107	0.0166
  c	0.0149	0.0196	0.0152	0.0149	0.0231	0.015	0.0154	0.0166	0.015	0.0193	0.0226	0.015	0.0151	0.0388	0.0149	0.0163	0.02	0.0211	0.0152	0.0149	0.0151	0.015	0.0151	0.0244	0.0174	0.0168	0.0322	0.0148	0.0149	0.0261	0.026	0.0193	0.0149	0.0157	0	0.0148	0.02	0.0149	0.0192	0.0158	0.0149	0.0155	0.015	0.0187	0.0149	0.0204	0.0149	0.0199	0.0153	0.0204	0.0231	0.0149	0.015	0.0365	0.0148	0.0149	0.0315	0.0148	0.0151
