{
  "generated_by": {
    "program": "augur",
    "version": "7.0.2"
  },
  "models": {
    "country": {
      "alphabet": [
        "Australia",
        "Austria",
        "Belgium",
        "Brazil",
        "Canada",
        "China",
        "Czech Republic",
        "Democratic Republic of the Congo",
        "England",
        "Finland",
        "France",
        "Georgia",
        "Germany",
        "Hong Kong",
        "Iceland",
        "India",
        "Ireland",
        "Italy",
        "Japan",
        "Luxembourg",
        "Mexico",
        "Netherlands",
        "Norway",
        "Portugal",
        "Scotland",
        "Senegal",
        "Singapore",
        "South Korea",
        "Spain",
        "Switzerland",
        "Taiwan",
        "USA",
        "Wales",
        "?"
      ],
      "equilibrium_probabilities": [
        0.028481770385267887,
        0.03865644691031864,
        0.034040694854566615,
        0.03716224075287703,
        0.030651983959443657,
        0.01925900236452084,
        0.03346576361448958,
        0.032311152018744654,
        0.024684279890804763,
        0.03407913587539636,
        0.0286313531532999,
        0.0357792549205368,
        0.02086931394062809,
        0.03571480097597885,
        0.030294534526031727,
        0.03528321146593791,
        0.034236986133118895,
        0.02643051824417869,
        0.030029979916187197,
        0.03557564373238779,
        0.03496435269778527,
        0.026698157215865985,
        0.03686366194486862,
        0.014313101227329405,
        0.018735056988598037,
        0.035104999465397746,
        0.035889769806234276,
        0.03297629227063108,
        0.020650671195375513,
        0.027795799686879577,
        0.03655731771609923,
        0.01923275042011396,
        0.03458000173010539
      ],
      "rate": 384.0041997494381,
      "transition_matrix": [
        [
          0.0,
          0.6106114164142934,
          0.6205660355767879,
          0.6138885580208698,
          3.901241661315971,
          1.0912587725353744,
          0.6144772845532555,
          0.6129165166579301,
          4.889068164769238,
          0.6859106880782931,
          1.4718117353042448,
          1.1929188327411009,
          2.558548072464352,
          0.6110759842642304,
          1.2845191313576483,
          1.2279359083589543,
          0.6113290650709916,
          1.2706173514724903,
          1.7274621307921658,
          0.6164634195663479,
          0.6167746729183626,
          0.7662480764211461,
          0.6286141275653113,
          2.5034588023048228,
          3.3636632269014015,
          0.6135607752247091,
          0.9097450391471721,
          0.7471712467687877,
          1.2155317846547622,
          0.9079788432979594,
          1.9882793781041894,
          8.624003610969948,
          0.6104731748661639
        ],
        [
          0.6106114164142934,
          0.0,
          0.9143440760444519,
          0.6105195966935917,
          0.9151966079143886,
          0.6103133753264416,
          0.6104893514659657,
          0.6106236750371622,
          0.6567472267198645,
          0.6105750645865949,
          0.6100142297452148,
          0.6102081277774757,
          2.1115185313967153,
          0.6098541260051031,
          0.672616068361245,
          0.6114666494181876,
          0.6106240151007696,
          0.6108026731218356,
          0.6119106939118224,
          0.6098257968554832,
          0.611043659014517,
          0.8148592140509734,
          0.6109557611487212,
          0.9156475165358093,
          0.9161560059249404,
          0.6101802428428628,
          0.6100751008340438,
          0.6101992523883796,
          2.1330770460150776,
          0.9045458604017107,
          0.6106258166390331,
          1.2424698223369235,
          0.6101976419410933
        ],
        [
          0.6205660355767879,
          0.9143440760444519,
          0.0,
          2.038669205017747,
          0.6857517778430343,
          0.9501909691997487,
          0.9180853319939665,
          1.9753426912938132,
          3.4020554851001887,
          0.612737560614848,
          4.299003503756525,
          0.6109575390800276,
          1.5360967118326012,
          0.6102764822297607,
          2.6284139165910294,
          0.6127862052484003,
          0.7791872871829247,
          1.595943099222218,
          0.6165899383551628,
          0.9148284524689725,
          0.612792355779928,
          2.3224046400171323,
          0.7296221836108738,
          5.576588081813834,
          4.277170161065301,
          0.6107057158684601,
          0.6107939790867108,
          0.6106838780961964,
          1.0588514912470137,
          1.9369818067172047,
          0.972311302736584,
          1.5369586896456557,
          0.6123108938650608
        ],
        [
          0.6138885580208698,
          0.6105195966935917,
          2.038669205017747,
          0.0,
          0.6727278486561944,
          0.6116336827740511,
          0.6106932377545301,
          0.6113781112550609,
          1.0587289532114534,
          0.610879804722191,
          0.6110861445226512,
          0.6104962490955268,
          0.9174716680468724,
          0.6101346653809824,
          0.6771360658711679,
          0.6111262408209469,
          0.6116156977007435,
          1.079750561399127,
          0.6726373899961349,
          0.6106307396599805,
          0.6109365972974267,
          0.825940882603398,
          0.6110884931553565,
          1.7657330082879332,
          1.0748511661996811,
          0.6103602555110893,
          0.610299733270794,
          0.6103144688360927,
          0.916296329882276,
          0.6114503212157513,
          0.6115918063786207,
          0.6114557535306885,
          0.6104175738616349
        ],
        [
          3.901241661315971,
          0.9151966079143886,
          0.6857517778430343,
          0.6727278486561944,
          0.0,
          0.9274150285008309,
          0.6142771803276431,
          1.0915577440925273,
          1.3072873472364002,
          1.3581761950123061,
          2.074432024991242,
          0.6382960616247427,
          1.0974049782472475,
          0.6097426358305214,
          0.7419943631076379,
          0.6130533854782179,
          0.6112019855263301,
          1.1094856624869363,
          1.9676194275198546,
          0.7058711871802057,
          0.6128031352803435,
          1.346279127569963,
          0.9126539027394259,
          4.646107308021817,
          2.5811714829735743,
          0.6104805331779143,
          0.6201724343075011,
          0.6115142330314955,
          0.7671576004554183,
          0.6114915971060567,
          2.081583352447031,
          10.216912140381421,
          0.609958930846473
        ],
        [
          1.0912587725353744,
          0.6103133753264416,
          0.9501909691997487,
          0.6116336827740511,
          0.9274150285008309,
          0.0,
          0.6104820218877439,
          0.6111565167493893,
          0.9861707819064959,
          0.9163283507165819,
          1.1944010184491578,
          0.6155367979540387,
          1.3469480860732517,
          2.664429713520137,
          1.292894277055766,
          0.9176672865854564,
          0.9151885883644775,
          0.6532869152579001,
          2.996584660386912,
          0.6159035855232883,
          1.0023673453324715,
          0.9405001287972469,
          0.9313938590438601,
          1.2150757602560036,
          5.39523475168246,
          1.16321556686041,
          5.460968934264587,
          4.507893340820847,
          2.347156169129016,
          0.6108682473293645,
          2.3849339796712425,
          2.753475611661373,
          0.6097148109852888
        ],
        [
          0.6144772845532555,
          0.6104893514659657,
          0.9180853319939665,
          0.6106932377545301,
          0.6142771803276431,
          0.6104820218877439,
          0.0,
          0.6112334661185441,
          1.910656564466681,
          0.6110659266744481,
          0.7615260982963341,
          0.6105085073944472,
          0.6137754547633092,
          0.6100839150548587,
          0.9143135066329207,
          0.6107194539949,
          0.6107758632821769,
          0.8449012338595803,
          0.6109747872125867,
          0.6148847067330181,
          0.6107933413927831,
          0.6108437231315209,
          0.6114424692920992,
          0.916701253896814,
          1.2211867000555987,
          0.6108343406014834,
          0.610712822275318,
          0.6103580628939623,
          0.6100666654315604,
          0.915652822330749,
          0.6114038856918068,
          0.7348177198058521,
          0.6103865749970947
        ],
        [
          0.6129165166579301,
          0.6106236750371622,
          1.9753426912938132,
          0.6113781112550609,
          1.0915577440925273,
          0.6111565167493893,
          0.6112334661185441,
          0.0,
          1.5480593759813464,
          0.6113743320318522,
          3.3882175315836798,
          0.6104433404172431,
          0.6120281023630436,
          0.6100889658542809,
          0.9203563595723461,
          0.6107459474207363,
          0.6122558399095311,
          0.6143046619723028,
          0.6114045903738377,
          0.6150428203150633,
          0.6106510608360338,
          1.0061196632247635,
          0.6113935532143673,
          0.9171033487738228,
          1.5079132983841868,
          0.6105882345627401,
          0.6102503851343215,
          0.6103237297202908,
          0.6110630029075144,
          0.906352302902947,
          0.912096405343661,
          0.6151298076533712,
          0.6103503790836147
        ],
        [
          4.889068164769238,
          0.6567472267198645,
          3.4020554851001887,
          1.0587289532114534,
          1.3072873472364002,
          0.9861707819064959,
          1.910656564466681,
          1.5480593759813464,
          0.0,
          1.7789526396224244,
          1.1089206350815375,
          0.6385558762177735,
          5.0304126346031115,
          0.6151779702781227,
          4.564847867824175,
          0.6155761133569223,
          1.5769178679093028,
          4.019792638288457,
          1.9492321443544942,
          1.8940387729074806,
          0.7363854140822559,
          4.722115240946307,
          0.9446209820310347,
          13.320782410218674,
          9.922595046654648,
          1.074019048130745,
          0.9073674158115618,
          0.6101591613256311,
          3.4097311354163065,
          2.166353981221745,
          1.5285561936819616,
          3.6837850397794436,
          1.54996023207898
        ],
        [
          0.6859106880782931,
          0.6105750645865949,
          0.612737560614848,
          0.610879804722191,
          1.3581761950123061,
          0.9163283507165819,
          0.6110659266744481,
          0.6113743320318522,
          1.7789526396224244,
          0.0,
          0.9164363146819493,
          0.6103099854808097,
          0.7552619925868578,
          0.6099434090016501,
          0.9749645408334929,
          0.6107883963768365,
          0.6106895924608234,
          0.8465770339278683,
          0.6119880272826483,
          0.6106418341285225,
          0.6109356568093433,
          1.529897826078092,
          0.754399249643311,
          0.9213387813740964,
          1.9662774940206755,
          0.6104096787679644,
          0.6102430315116312,
          0.6104460599077635,
          1.220296636126949,
          0.6106590950960209,
          0.6117226618440018,
          2.5363652497955598,
          0.6104628793425546
        ],
        [
          1.4718117353042448,
          0.6100142297452148,
          4.299003503756525,
          0.6110861445226512,
          2.074432024991242,
          1.1944010184491578,
          0.7615260982963341,
          3.3882175315836798,
          1.1089206350815375,
          0.9164363146819493,
          0.0,
          0.609678059222019,
          2.687217063176525,
          0.6092283567695184,
          1.2336339137876302,
          0.8955296815684017,
          0.6114679039079142,
          1.066043512680458,
          1.2251228275620658,
          4.276409436061823,
          0.6114234696107019,
          0.9324904696842019,
          0.6178234282482362,
          1.9062932386184632,
          2.2455444316762554,
          2.134038837715825,
          0.6474096768376669,
          0.6296637431318112,
          1.1922697400796791,
          1.546092010834795,
          1.2264277629315528,
          7.37773673557575,
          0.6093215295797652
        ],
        [
          1.1929188327411009,
          0.6102081277774757,
          0.6109575390800276,
          0.6104962490955268,
          0.6382960616247427,
          0.6155367979540387,
          0.6105085073944472,
          0.6104433404172431,
          0.6385558762177735,
          0.6103099854808097,
          0.609678059222019,
          0.0,
          0.6105261479791231,
          0.6099120051472016,
          0.6100000869556041,
          0.6104861596571138,
          0.6105598025098798,
          0.6150319341004815,
          0.6109380883939035,
          0.6099554662019074,
          0.6107625601371982,
          0.6102289766533224,
          0.6135121486956452,
          1.2308554581429603,
          1.194126891402702,
          0.6101942586012298,
          0.6101252621330993,
          0.6103290331101034,
          1.4955097777855184,
          0.610189531753483,
          0.6105907852796466,
          1.219000437666553,
          0.6102139555193077
        ],
        [
          2.558548072464352,
          2.1115185313967153,
          1.5360967118326012,
          0.9174716680468724,
          1.0974049782472475,
          1.3469480860732517,
          0.6137754547633092,
          0.6120281023630436,
          5.0304126346031115,
          0.7552619925868578,
          2.687217063176525,
          0.6105261479791231,
          0.0,
          0.6107118095972438,
          1.8636812818188446,
          0.7876995079156883,
          0.6116385712775051,
          0.7032530432998518,
          0.7809160907708634,
          1.5278007561781892,
          0.669955859618474,
          2.0083544304244336,
          0.6159986207187262,
          3.029696794926422,
          3.5547640907189346,
          1.2036753624791392,
          0.6112644682351089,
          0.6112773307951443,
          0.6229640467554439,
          0.6121357701540114,
          0.6134201608935582,
          7.464582250209462,
          0.9158340671215656
        ],
        [
          0.6110759842642304,
          0.6098541260051031,
          0.6102764822297607,
          0.6101346653809824,
          0.6097426358305214,
          2.664429713520137,
          0.6100839150548587,
          0.6100889658542809,
          0.6151779702781227,
          0.6099434090016501,
          0.6092283567695184,
          0.6099120051472016,
          0.6107118095972438,
          0.0,
          0.6094328173581216,
          0.6105600750879987,
          0.610139934398529,
          0.6109442881681885,
          1.2214673436275827,
          0.609507848958931,
          0.6102665342204041,
          0.6097763618075157,
          0.6126309910384206,
          0.6198694641656333,
          0.9170558123000965,
          0.6098772924979825,
          0.9877855534734056,
          0.6452830913574746,
          0.886732549884139,
          0.6098680139495627,
          0.9160280497915231,
          0.6096119212828529,
          0.6098957101059752
        ],
        [
          1.2845191313576483,
          0.672616068361245,
          2.6284139165910294,
          0.6771360658711679,
          0.7419943631076379,
          1.292894277055766,
          0.9143135066329207,
          0.9203563595723461,
          4.564847867824175,
          0.9749645408334929,
          1.2336339137876302,
          0.6100000869556041,
          1.8636812818188446,
          0.6094328173581216,
          0.0,
          0.9145681580449541,
          0.6761888649940269,
          1.5426799484467522,
          0.6151969158515508,
          0.9174289334769616,
          0.6115649298041723,
          2.895136550281256,
          2.003662845913456,
          3.0857507654769165,
          2.824344393888071,
          0.6097676015622838,
          0.6100472794740908,
          0.610178309184982,
          1.2914510625909532,
          1.2515615850818202,
          0.6160915696527238,
          2.95682196965497,
          0.6136392166182707
        ],
        [
          1.2279359083589543,
          0.6114666494181876,
          0.6127862052484003,
          0.6111262408209469,
          0.6130533854782179,
          0.9176672865854564,
          0.6107194539949,
          0.6107459474207363,
          0.6155761133569223,
          0.6107883963768365,
          0.8955296815684017,
          0.6104861596571138,
          0.7876995079156883,
          0.6105600750879987,
          0.9145681580449541,
          0.0,
          0.6107792313870952,
          0.9191274692450795,
          0.7952188441814585,
          0.6109833675492443,
          0.6108726200905175,
          0.6115615396919226,
          0.6111681218671775,
          1.2205190919448088,
          1.2250674471407177,
          0.6108016298101623,
          0.6111112943365109,
          0.6106423187953344,
          0.6102280612126523,
          1.2194936679490673,
          0.6110636139336824,
          0.6130852448646372,
          0.6106073328336251
        ],
        [
          0.6113290650709916,
          0.6106240151007696,
          0.7791872871829247,
          0.6116156977007435,
          0.6112019855263301,
          0.9151885883644775,
          0.6107758632821769,
          0.6122558399095311,
          1.5769178679093028,
          0.6106895924608234,
          0.6114679039079142,
          0.6105598025098798,
          0.6116385712775051,
          0.610139934398529,
          0.6761888649940269,
          0.6107792313870952,
          0.0,
          0.6133171351841876,
          0.6111641345923325,
          0.610278511831209,
          0.6107858732322422,
          1.4288978126984828,
          0.6109778818412622,
          0.749120517628789,
          1.2133615666025366,
          0.6104046878193115,
          0.6103226152829009,
          0.6104385444072041,
          0.6107480231282724,
          0.6119960123330174,
          0.6125472692616243,
          0.6101843943536457,
          0.610537731402373
        ],
        [
          1.2706173514724903,
          0.6108026731218356,
          1.595943099222218,
          1.079750561399127,
          1.1094856624869363,
          0.6532869152579001,
          0.8449012338595803,
          0.6143046619723028,
          4.019792638288457,
          0.8465770339278683,
          1.066043512680458,
          0.6150319341004815,
          0.7032530432998518,
          0.6109442881681885,
          1.5426799484467522,
          0.9191274692450795,
          0.6133171351841876,
          0.0,
          0.7642511364388004,
          1.4845713467585062,
          0.611199478232987,
          2.9874840852492954,
          0.6145050938436624,
          2.0386485794357667,
          2.306266775940771,
          1.0592335591104274,
          0.6115057366007672,
          0.6111444948076201,
          1.195439754999774,
          0.6115412486567487,
          0.6544689824025113,
          0.8555599909720366,
          0.8467114922448872
        ],
        [
          1.7274621307921658,
          0.6119106939118224,
          0.6165899383551628,
          0.6726373899961349,
          1.9676194275198546,
          2.996584660386912,
          0.6109747872125867,
          0.6114045903738377,
          1.9492321443544942,
          0.6119880272826483,
          1.2251228275620658,
          0.6109380883939035,
          0.7809160907708634,
          1.2214673436275827,
          0.6151969158515508,
          0.7952188441814585,
          0.6111641345923325,
          0.7642511364388004,
          0.0,
          0.6124241523909122,
          0.611681495571069,
          0.683559834060018,
          0.6122686648876275,
          2.800786996967851,
          1.2594952249528695,
          0.6112646701450014,
          1.2230036488260756,
          0.6123990775697957,
          0.7353364325578855,
          0.6114384004440584,
          0.6145498587472339,
          0.9256080785810772,
          0.6106869815242532
        ],
        [
          0.6164634195663479,
          0.6098257968554832,
          0.9148284524689725,
          0.6106307396599805,
          0.7058711871802057,
          0.6159035855232883,
          0.6148847067330181,
          0.6150428203150633,
          1.8940387729074806,
          0.6106418341285225,
          4.276409436061823,
          0.6099554662019074,
          1.5278007561781892,
          0.609507848958931,
          0.9174289334769616,
          0.6109833675492443,
          0.610278511831209,
          1.4845713467585062,
          0.6124241523909122,
          0.0,
          0.6158794160220739,
          1.527760652732012,
          0.616377230851348,
          0.6141011313573177,
          3.753581384163501,
          0.9179810096594448,
          0.6097797616264495,
          0.6098887726322736,
          1.5162947583863398,
          0.9039814808355492,
          0.6111419569054395,
          4.584951358696932,
          0.6098106414277202
        ],
        [
          0.6167746729183626,
          0.611043659014517,
          0.612792355779928,
          0.6109365972974267,
          0.6128031352803435,
          1.0023673453324715,
          0.6107933413927831,
          0.6106510608360338,
          0.7363854140822559,
          0.6109356568093433,
          0.6114234696107019,
          0.6107625601371982,
          0.669955859618474,
          0.6102665342204041,
          0.6115649298041723,
          0.6108726200905175,
          0.6107858732322422,
          0.611199478232987,
          0.611681495571069,
          0.6158794160220739,
          0.0,
          0.6124276418878446,
          0.6114640334618181,
          1.052612153464594,
          0.9752222711738556,
          0.6139840422739338,
          0.610602260319929,
          0.6106381035471816,
          1.7372021122593373,
          0.6110596505787476,
          0.611735219871911,
          1.5343862274170388,
          0.6104809439720845
        ],
        [
          0.7662480764211461,
          0.8148592140509734,
          2.3224046400171323,
          0.825940882603398,
          1.346279127569963,
          0.9405001287972469,
          0.6108437231315209,
          1.0061196632247635,
          4.722115240946307,
          1.529897826078092,
          0.9324904696842019,
          0.6102289766533224,
          2.0083544304244336,
          0.6097763618075157,
          2.895136550281256,
          0.6115615396919226,
          1.4288978126984828,
          2.9874840852492954,
          0.683559834060018,
          1.527760652732012,
          0.6124276418878446,
          0.0,
          0.6138606897358303,
          4.848850995751456,
          5.555938467307687,
          1.8306468394407356,
          0.6102756413813881,
          0.6103095242644225,
          2.0555228075120433,
          1.2036055819286435,
          0.9816028959046639,
          2.0461234237935986,
          0.6098298222572904
        ],
        [
          0.6286141275653113,
          0.6109557611487212,
          0.7296221836108738,
          0.6110884931553565,
          0.9126539027394259,
          0.9313938590438601,
          0.6114424692920992,
          0.6113935532143673,
          0.9446209820310347,
          0.754399249643311,
          0.6178234282482362,
          0.6135121486956452,
          0.6159986207187262,
          0.6126309910384206,
          2.003662845913456,
          0.6111681218671775,
          0.6109778818412622,
          0.6145050938436624,
          0.6122686648876275,
          0.616377230851348,
          0.6114640334618181,
          0.6138606897358303,
          0.0,
          0.6395163978738908,
          0.9364405068365961,
          0.6107342545609139,
          0.6111368822055269,
          0.6105490136252297,
          1.48051759503416,
          1.014206382381864,
          0.6125228712875822,
          2.023448888011112,
          0.6104710914687663
        ],
        [
          2.5034588023048228,
          0.9156475165358093,
          5.576588081813834,
          1.7657330082879332,
          4.646107308021817,
          1.2150757602560036,
          0.916701253896814,
          0.9171033487738228,
          13.320782410218674,
          0.9213387813740964,
          1.9062932386184632,
          1.2308554581429603,
          3.029696794926422,
          0.6198694641656333,
          3.0857507654769165,
          1.2205190919448088,
          0.749120517628789,
          2.0386485794357667,
          2.800786996967851,
          0.6141011313573177,
          1.052612153464594,
          4.848850995751456,
          0.6395163978738908,
          0.0,
          4.768223520366835,
          0.6102785139343334,
          0.6101107988475434,
          0.6102235063848281,
          4.892998870554391,
          4.217373171909748,
          2.1505612187922214,
          1.8669350060001675,
          1.246660871344865
        ],
        [
          3.3636632269014015,
          0.9161560059249404,
          4.277170161065301,
          1.0748511661996811,
          2.5811714829735743,
          5.39523475168246,
          1.2211867000555987,
          1.5079132983841868,
          9.922595046654648,
          1.9662774940206755,
          2.2455444316762554,
          1.194126891402702,
          3.5547640907189346,
          0.9170558123000965,
          2.824344393888071,
          1.2250674471407177,
          1.2133615666025366,
          2.306266775940771,
          1.2594952249528695,
          3.753581384163501,
          0.9752222711738556,
          5.555938467307687,
          0.9364405068365961,
          4.768223520366835,
          0.0,
          0.9194624352406469,
          0.616760317033869,
          0.6121475901912176,
          5.297694365271212,
          0.9357172055822839,
          1.561105002474698,
          0.7955071952445663,
          0.6171457774531357
        ],
        [
          0.6135607752247091,
          0.6101802428428628,
          0.6107057158684601,
          0.6103602555110893,
          0.6104805331779143,
          1.16321556686041,
          0.6108343406014834,
          0.6105882345627401,
          1.074019048130745,
          0.6104096787679644,
          2.134038837715825,
          0.6101942586012298,
          1.2036753624791392,
          0.6098772924979825,
          0.6097676015622838,
          0.6108016298101623,
          0.6104046878193115,
          1.0592335591104274,
          0.6112646701450014,
          0.9179810096594448,
          0.6139840422739338,
          1.8306468394407356,
          0.6107342545609139,
          0.6102785139343334,
          0.9194624352406469,
          0.0,
          0.6208498847218025,
          0.6102529188528539,
          0.9024134856301775,
          0.6101223634351934,
          0.6109405581849464,
          0.7044596480855377,
          0.6101647662765921
        ],
        [
          0.9097450391471721,
          0.6100751008340438,
          0.6107939790867108,
          0.610299733270794,
          0.6201724343075011,
          5.460968934264587,
          0.610712822275318,
          0.6102503851343215,
          0.9073674158115618,
          0.6102430315116312,
          0.6474096768376669,
          0.6101252621330993,
          0.6112644682351089,
          0.9877855534734056,
          0.6100472794740908,
          0.6111112943365109,
          0.6103226152829009,
          0.6115057366007672,
          1.2230036488260756,
          0.6097797616264495,
          0.610602260319929,
          0.6102756413813881,
          0.6111368822055269,
          0.6101107988475434,
          0.616760317033869,
          0.6208498847218025,
          0.0,
          0.7287611112021364,
          0.6127023217561168,
          1.220635775747062,
          0.6121700194454642,
          0.9641070448928213,
          0.6100787178003699
        ],
        [
          0.7471712467687877,
          0.6101992523883796,
          0.6106838780961964,
          0.6103144688360927,
          0.6115142330314955,
          4.507893340820847,
          0.6103580628939623,
          0.6103237297202908,
          0.6101591613256311,
          0.6104460599077635,
          0.6296637431318112,
          0.6103290331101034,
          0.6112773307951443,
          0.6452830913574746,
          0.610178309184982,
          0.6106423187953344,
          0.6104385444072041,
          0.6111444948076201,
          0.6123990775697957,
          0.6098887726322736,
          0.6106381035471816,
          0.6103095242644225,
          0.6105490136252297,
          0.6102235063848281,
          0.6121475901912176,
          0.6102529188528539,
          0.7287611112021364,
          0.0,
          0.611248440182052,
          0.6101684352957459,
          0.6196057702233432,
          0.6137686226466376,
          0.6101684558987805
        ],
        [
          1.2155317846547622,
          2.1330770460150776,
          1.0588514912470137,
          0.916296329882276,
          0.7671576004554183,
          2.347156169129016,
          0.6100666654315604,
          0.6110630029075144,
          3.4097311354163065,
          1.220296636126949,
          1.1922697400796791,
          1.4955097777855184,
          0.6229640467554439,
          0.886732549884139,
          1.2914510625909532,
          0.6102280612126523,
          0.6107480231282724,
          1.195439754999774,
          0.7353364325578855,
          1.5162947583863398,
          1.7372021122593373,
          2.0555228075120433,
          1.48051759503416,
          4.892998870554391,
          5.297694365271212,
          0.9024134856301775,
          0.6127023217561168,
          0.611248440182052,
          0.0,
          1.2218031502761124,
          1.2361054405951857,
          0.9224094670655957,
          0.6095444941265836
        ],
        [
          0.9079788432979594,
          0.9045458604017107,
          1.9369818067172047,
          0.6114503212157513,
          0.6114915971060567,
          0.6108682473293645,
          0.915652822330749,
          0.906352302902947,
          2.166353981221745,
          0.6106590950960209,
          1.546092010834795,
          0.610189531753483,
          0.6121357701540114,
          0.6098680139495627,
          1.2515615850818202,
          1.2194936679490673,
          0.6119960123330174,
          0.6115412486567487,
          0.6114384004440584,
          0.9039814808355492,
          0.6110596505787476,
          1.2036055819286435,
          1.014206382381864,
          4.217373171909748,
          0.9357172055822839,
          0.6101223634351934,
          1.220635775747062,
          0.6101684352957459,
          1.2218031502761124,
          0.0,
          0.6112270784187129,
          0.9075574842205172,
          0.6101903012127263
        ],
        [
          1.9882793781041894,
          0.6106258166390331,
          0.972311302736584,
          0.6115918063786207,
          2.081583352447031,
          2.3849339796712425,
          0.6114038856918068,
          0.912096405343661,
          1.5285561936819616,
          0.6117226618440018,
          1.2264277629315528,
          0.6105907852796466,
          0.6134201608935582,
          0.9160280497915231,
          0.6160915696527238,
          0.6110636139336824,
          0.6125472692616243,
          0.6544689824025113,
          0.6145498587472339,
          0.6111419569054395,
          0.611735219871911,
          0.9816028959046639,
          0.6125228712875822,
          2.1505612187922214,
          1.561105002474698,
          0.6109405581849464,
          0.6121700194454642,
          0.6196057702233432,
          1.2361054405951857,
          0.6112270784187129,
          0.0,
          2.4626323487022512,
          0.6104442155706076
        ],
        [
          8.624003610969948,
          1.2424698223369235,
          1.5369586896456557,
          0.6114557535306885,
          10.216912140381421,
          2.753475611661373,
          0.7348177198058521,
          0.6151298076533712,
          3.6837850397794436,
          2.5363652497955598,
          7.37773673557575,
          1.219000437666553,
          7.464582250209462,
          0.6096119212828529,
          2.95682196965497,
          0.6130852448646372,
          0.6101843943536457,
          0.8555599909720366,
          0.9256080785810772,
          4.584951358696932,
          1.5343862274170388,
          2.0461234237935986,
          2.023448888011112,
          1.8669350060001675,
          0.7955071952445663,
          0.7044596480855377,
          0.9641070448928213,
          0.6137686226466376,
          0.9224094670655957,
          0.9075574842205172,
          2.4626323487022512,
          0.0,
          0.6094178240172728
        ],
        [
          0.6104731748661639,
          0.6101976419410933,
          0.6123108938650608,
          0.6104175738616349,
          0.609958930846473,
          0.6097148109852888,
          0.6103865749970947,
          0.6103503790836147,
          1.54996023207898,
          0.6104628793425546,
          0.6093215295797652,
          0.6102139555193077,
          0.9158340671215656,
          0.6098957101059752,
          0.6136392166182707,
          0.6106073328336251,
          0.610537731402373,
          0.8467114922448872,
          0.6106869815242532,
          0.6098106414277202,
          0.6104809439720845,
          0.6098298222572904,
          0.6104710914687663,
          1.246660871344865,
          0.6171457774531357,
          0.6101647662765921,
          0.6100787178003699,
          0.6101684558987805,
          0.6095444941265836,
          0.6101903012127263,
          0.6104442155706076,
          0.6094178240172728,
          0.0
        ]
      ]
    }
  },
  "nodes": {
    "EPI_ISL_402120": {
      "country": "China",
      "country_confidence": {
        "China": 1.0
      },
      "country_entropy": -1.000088900581841e-12
    },
    "EPI_ISL_402121": {
      "country": "China",
      "country_confidence": {
        "China": 1.0
      },
      "country_entropy": -1.000088900581841e-12
    },
    "EPI_ISL_402125": {
      "country": "China",
      "country_confidence": {
        "China": 1.0
      },
      "country_entropy": -1.000088900581841e-12
    },
    "EPI_ISL_402132": {
      "country": "China",
      "country_confidence": {
        "China": 1.0
      },
      "country_entropy": -1.000088900581841e-12
    },
    "EPI_ISL_403929": {
      "country": "China",
      "country_confidence": {
        "China": 1.0
      },
      "country_entropy": -1.000088900581841e-12
    },
    "EPI_ISL_403932": {
      "country": "China",
      "country_confidence": {
        "China": 1.0
      },
      "country_entropy": -1.000088900581841e-12
    },
    "EPI_ISL_404227": {
      "country": "China",
      "country_confidence": {
        "China": 1.0
      },
      "country_entropy": -1.000088900581841e-12
    },
    "EPI_ISL_404228": {
      "country": "China",
      "country_confidence": {
        "China": 1.0
      },
      "country_entropy": -1.000088900581841e-12
    },
    "EPI_ISL_406031": {
      "country": "Taiwan",
      "country_confidence": {
        "Taiwan": 1.0
      },
      "country_entropy": -1.000088900581841e-12
    },
    "EPI_ISL_406538": {
      "country": "China",
      "country_confidence": {
        "China": 1.0
      },
      "country_entropy": -1.000088900581841e-12
    },
    "EPI_ISL_406593": {
      "country": "China",
      "country_confidence": {
        "China": 1.0
      },
      "country_entropy": -1.000088900581841e-12
    },
    "EPI_ISL_406594": {
      "country": "China",
      "country_confidence": {
        "China": 1.0
      },
      "country_entropy": -1.000088900581841e-12
    },
    "EPI_ISL_406716": {
      "country": "China",
      "country_confidence": {
        "China": 1.0
      },
      "country_entropy": -1.000088900581841e-12
    },
    "EPI_ISL_406862": {
      "country": "Germany",
      "country_confidence": {
        "Germany": 1.0
      },
      "country_entropy": -1.000088900581841e-12
    },
    "EPI_ISL_406973": {
      "country": "Singapore",
      "country_confidence": {
        "Singapore": 1.0
      },
      "country_entropy": -1.000088900581841e-12
    },
    "EPI_ISL_407079": {
      "country": "Finland",
      "country_confidence": {
        "Finland": 1.0
      },
      "country_entropy": -1.000088900581841e-12
    },
    "EPI_ISL_407193": {
      "country": "South Korea",
      "country_confidence": {
        "South Korea": 0.9999999999999999
      },
      "country_entropy": -9.99866855976916e-13
    },
    "EPI_ISL_407976": {
      "country": "Belgium",
      "country_confidence": {
        "Belgium": 1.0
      },
      "country_entropy": -1.000088900581841e-12
    },
    "EPI_ISL_407987": {
      "country": "Singapore",
      "country_confidence": {
        "Singapore": 1.0
      },
      "country_entropy": -1.000088900581841e-12
    },
    "EPI_ISL_407988": {
      "country": "Singapore",
      "country_confidence": {
        "Singapore": 0.9999999999999999
      },
      "country_entropy": -9.99866855976916e-13
    },
    "EPI_ISL_408430": {
      "country": "France",
      "country_confidence": {
        "France": 1.0
      },
      "country_entropy": -1.000088900581841e-12
    },
    "EPI_ISL_408479": {
      "country": "China",
      "country_confidence": {
        "China": 1.0
      },
      "country_entropy": -1.000088900581841e-12
    },
    "EPI_ISL_408480": {
      "country": "China",
      "country_confidence": {
        "China": 1.0
      },
      "country_entropy": -1.000088900581841e-12
    },
    "EPI_ISL_408486": {
      "country": "China",
      "country_confidence": {
        "China": 1.0
      },
      "country_entropy": -1.000088900581841e-12
    },
    "EPI_ISL_408489": {
      "country": "Taiwan",
      "country_confidence": {
        "Taiwan": 1.0
      },
      "country_entropy": -1.000088900581841e-12
    },
    "EPI_ISL_408514": {
      "country": "China",
      "country_confidence": {
        "China": 0.9999999999999999
      },
      "country_entropy": -9.99866855976916e-13
    },
    "EPI_ISL_408515": {
      "country": "China",
      "country_confidence": {
        "China": 0.9999999999999999
      },
      "country_entropy": -9.99866855976916e-13
    },
    "EPI_ISL_408665": {
      "country": "Japan",
      "country_confidence": {
        "Japan": 1.0
      },
      "country_entropy": -1.000088900581841e-12
    },
    "EPI_ISL_408666": {
      "country": "Japan",
      "country_confidence": {
        "Japan": 1.0
      },
      "country_entropy": -1.000088900581841e-12
    },
    "EPI_ISL_408667": {
      "country": "Japan",
      "country_confidence": {
        "Japan": 1.0
      },
      "country_entropy": -1.000088900581841e-12
    },
    "EPI_ISL_408669": {
      "country": "Japan",
      "country_confidence": {
        "Japan": 0.9999999999999999
      },
      "country_entropy": -9.99866855976916e-13
    },
    "EPI_ISL_410218": {
      "country": "Taiwan",
      "country_confidence": {
        "Taiwan": 1.0
      },
      "country_entropy": -1.000088900581841e-12
    },
    "EPI_ISL_410531": {
      "country": "Japan",
