{
  "generated_by": {
    "program": "augur",
    "version": "7.0.2"
  },
  "models": {
    "country": {
      "alphabet": [
        "Alaska",
        "Arizona",
        "California",
        "Connecticut",
        "Florida",
        "Georgia",
        "Idaho",
        "Illinois",
        "Iowa",
        "Louisiana",
        "Maryland",
        "Massachusetts",
        "Michigan",
        "Minnesota",
        "Missouri",
        "Nebraska",
        "New Jersey",
        "New Mexico",
        "New York",
        "North Carolina",
        "Ohio",
        "Oregon",
        "Pennsylvania",
        "South Carolina",
        "Texas",
        "Utah",
        "Virginia",
        "Washington",
        "Wisconsin",
        "Wyoming",
        "?"
      ],
      "equilibrium_probabilities": [
        0.04072327858604581,
        0.03126175839991915,
        0.02538867594812294,
        0.030000026212731505,
        0.032213157365389704,
        0.042781192863136,
        0.03117806869232785,
        0.035130391625686805,
        0.03704686986230461,
        0.012786682728668017,
        0.03095149403070713,
        0.03081749600750899,
        0.035770551086962914,
        0.03607567980999436,
        0.03891141398482728,
        0.03869676970484355,
        0.03196142461857964,
        0.034641143023424484,
        0.02603420038161619,
        0.038660093653072554,
        0.038799910117135704,
        0.027907025867192833,
        0.036846141327454875,
        0.036971427442293786,
        0.03159144133538905,
        0.03054969080044736,
        0.03609561546143324,
        0.02777219242688391,
        0.03414218977027775,
        0.03829399686562213
      ],
      "rate": 316.15386313473493,
      "transition_matrix": [
        [
          0.0,
          1.0685196548252947,
          0.8762020929004349,
          0.5344268154697215,
          0.5621969240219792,
          0.5241364412390297,
          1.3553069826685973,
          0.532985029490422,
          0.5283934687376225,
          0.8825332411440487,
          0.5559069287820748,
          0.8070031117012402,
          0.7929737883874619,
          0.5357709833137565,
          0.5318031355894723,
          0.9775312316862064,
          0.6883517588748234,
          0.5376785893250501,
          0.7800757041311392,
          0.5302010789624316,
          0.5217753683663165,
          1.236021371733964,
          0.5317839377792261,
          0.5206867466716785,
          0.7096706170785746,
          0.6175918793226219,
          0.9168834022665153,
          0.5339461144790377,
          0.5521693318197759,
          0.5248991299442435
        ],
        [
          1.0685196548252947,
          0.0,
          2.717437769692384,
          1.0849658650843945,
          1.8345281020983915,
          0.9560158702055574,
          0.5263600138352945,
          1.0701110980068094,
          0.5287540254960025,
          4.08423144127044,
          1.1511453879934572,
          0.5885779022468469,
          0.664258362942661,
          0.7293723010240964,
          0.5670418146466637,
          0.5717454588537558,
          1.1442457072037553,
          0.6466473261320825,
          2.389191757885622,
          0.8365475152422551,
          0.5528037200408752,
          1.7537173764438412,
          0.8253261198051989,
          0.5258008527964673,
          1.3051360406974257,
          0.792446503221252,
          0.9119981769387191,
          2.111558883317559,
          0.7044709868784245,
          0.9860423604697877
        ],
        [
          0.8762020929004349,
          2.717437769692384,
          0.0,
          1.009489007644381,
          2.946542404284536,
          1.110493629283034,
          0.532721900571205,
          1.694214215811355,
          0.957731376917076,
          4.452351422940693,
          2.6218014109741485,
          1.1156764220547646,
          3.0094023843357407,
          1.1856604985160355,
          1.6729815267004875,
          0.9456481578262002,
          1.3200386215262887,
          0.8413544608964914,
          3.656310851625626,
          0.6993431778916271,
          0.6221870096667289,
          2.2103794307952445,
          1.0843308799122917,
          0.5379518494498432,
          1.4278652077091436,
          2.785960657764704,
          2.3173706236899676,
          2.9264123691784256,
          3.0451584305199337,
          1.1048556756452053
        ],
        [
          0.5344268154697215,
          1.0849658650843945,
          1.009489007644381,
          0.0,
          0.8473131666103589,
          0.5329927055174712,
          2.7332644033387146,
          1.2150626657351633,
          0.529983701789807,
          3.1214070764661384,
          1.6952224513156942,
          1.6210050679889523,
          1.1058104841651804,
          1.8780073308371235,
          0.5257208331155963,
          0.5966740118985695,
          1.1429111536666885,
          1.1992277234162374,
          4.00000277725635,
          0.5629823408321207,
          1.405457649728345,
          1.473333173680537,
          0.5570995094193405,
          0.6616069587728117,
          1.4220652966490421,
          0.8482071382092475,
          1.1268478518525396,
          2.829015041535431,
          1.4110456850597348,
          1.0395822392394602
        ],
        [
          0.5621969240219792,
          1.8345281020983915,
          2.946542404284536,
          0.8473131666103589,
          0.0,
          1.1193048328557573,
          0.7915682716939286,
          2.8305781239635373,
          0.52773254823847,
          4.978240868486659,
          1.580942671048714,
          2.672876930496466,
          1.451167520628654,
          1.5743912486707698,
          0.6442017543674851,
          0.5586682335301565,
          1.0445987837661548,
          0.9861213800694208,
          2.6397019604271406,
          1.005392913813177,
          0.9598075669325465,
          0.9747972179367076,
          1.6887357756150425,
          1.0834230802289997,
          1.1564674716371668,
          1.282815359770561,
          0.8068664538793076,
          1.5574108192195186,
          1.1721453195883698,
          0.6879507675352354
        ],
        [
          0.5241364412390297,
          0.9560158702055574,
          1.110493629283034,
          0.5329927055174712,
          1.1193048328557573,
          0.0,
          0.5212659069569346,
          1.125234493333277,
          0.5212661771346209,
          0.928367362854687,
          0.6322066042956845,
          0.5456595118143572,
          0.5747400731506028,
          0.5299653907221843,
          0.700759230191958,
          0.5224052947891075,
          0.5364053458922144,
          0.5251603057264213,
          1.025359993697851,
          0.7804916470630534,
          0.523051645137897,
          0.5965912984887106,
          0.5414189336017451,
          2.165446649174212,
          0.5327611261282743,
          0.5343638347691321,
          1.2410209619124886,
          0.5835728742235045,
          0.5293344890728745,
          0.5248911691288158
        ],
        [
          1.3553069826685973,
          0.5263600138352945,
          0.532721900571205,
          2.7332644033387146,
          0.7915682716939286,
          0.5212659069569346,
          0.0,
          0.8170056355011787,
          0.5204987922151754,
          1.0671718418629055,
          0.560564877132523,
          0.5969646235047078,
          0.7501037481326361,
          0.9275600021527655,
          1.045914786442474,
          0.5221632496939663,
          0.5275674663657963,
          0.523131341652986,
          0.5627369284812009,
          1.0547650579898162,
          0.5214110785619158,
          1.3271103772930195,
          0.5254038789025577,
          0.5207381783252099,
          0.554221521916566,
          1.0101961237303496,
          0.5642276609552799,
          1.510562240172219,
          1.0804596406609195,
          0.5231522173554347
        ],
        [
          0.532985029490422,
          1.0701110980068094,
          1.694214215811355,
          1.2150626657351633,
          2.8305781239635373,
          1.125234493333277,
          0.8170056355011787,
          0.0,
          0.6277917125124555,
          1.3849812589594952,
          1.1736452570143259,
          2.0625275432991845,
          1.1062314525341472,
          0.9917164353375335,
          0.5376673855133011,
          0.8937662689916429,
          0.7975685690040628,
          0.5580519399080042,
          1.4912206964683088,
          0.9386593375101697,
          0.6276977566083861,
          0.8350782254754769,
          0.6950256007981263,
          0.7998828302774982,
          1.0973805006020523,
          2.162443415007999,
          0.7377095002390052,
          1.799839307064838,
          6.075302253362137,
          0.5415065696806851
        ],
        [
          0.5283934687376225,
          0.5287540254960025,
          0.957731376917076,
          0.529983701789807,
          0.52773254823847,
          0.5212661771346209,
          0.5204987922151754,
          0.6277917125124555,
          0.0,
          0.6435712302710317,
          0.5256400496776071,
          1.0437388221397577,
          0.5258980240513813,
          0.5256335698814539,
          0.6764109209724269,
          0.5212269289874878,
          0.5239211913283958,
          0.5211781119688822,
          0.5266429115598712,
          0.5219955358997741,
          0.5202525115388209,
          1.2343087726684911,
          0.5237368246951722,
          0.519962337344199,
          0.5461703987307696,
          0.6804420931990031,
          0.5249283119507261,
          0.5261535721913555,
          0.8117822550071724,
          0.5213166978953341
        ],
        [
          0.8825332411440487,
          4.08423144127044,
          4.452351422940693,
          3.1214070764661384,
          4.978240868486659,
          0.928367362854687,
          1.0671718418629055,
          1.3849812589594952,
          0.6435712302710317,
          0.0,
          3.2462854258569913,
          2.8758437873296883,
          3.5845814878689812,
          2.277570853428714,
          0.8090264674162586,
          0.6355758245931773,
          2.186164301147264,
          1.6394816424065446,
          4.04004409652217,
          1.4700270238238822,
          0.898347750605972,
          2.746423221436865,
          2.846331678554358,
          1.3154748121620048,
          5.199201219689817,
          4.112256602381,
          4.164186365162811,
          1.5847890225338963,
          0.9685094241146557,
          0.8381423369507284
        ],
        [
          0.5559069287820748,
          1.1511453879934572,
          2.6218014109741485,
          1.6952224513156942,
          1.580942671048714,
          0.6322066042956845,
          0.560564877132523,
          1.1736452570143259,
          0.5256400496776071,
          3.2462854258569913,
          0.0,
          2.022604290759921,
          1.7603537756784007,
          2.036789297639771,
          0.5288765726957184,
          0.9970347425215177,
          1.5090078102412245,
          1.735370732228455,
          2.4890612493322255,
          1.5135009099409438,
          1.2840512793332801,
          1.4631422693408358,
          1.159788209048317,
          0.7644581762014386,
          3.1936506947337544,
          1.3691238443991074,
          2.3684943271590204,
          0.6962976078845999,
          1.7951427429680007,
          0.7526654539220642
        ],
        [
          0.8070031117012402,
          0.5885779022468469,
          1.1156764220547646,
          1.6210050679889523,
          2.672876930496466,
          0.5456595118143572,
          0.5969646235047078,
          2.0625275432991845,
          1.0437388221397577,
          2.8758437873296883,
          2.022604290759921,
          0.0,
          0.8300421858710709,
          1.073803285330557,
          0.8195504607948916,
          0.7092050883059882,
          0.8553978793404632,
          0.8052234940366474,
          0.8762438489269129,
          1.598898472043376,
          0.7208020869934973,
          1.1164953779958504,
          1.2543581576790728,
          0.525558914593056,
          2.469875859230126,
          1.9621946203081337,
          2.6683873159185323,
          1.300232345396418,
          1.8883709184879556,
          0.6351922342899783
        ],
        [
          0.7929737883874619,
          0.664258362942661,
          3.0094023843357407,
          1.1058104841651804,
          1.451167520628654,
          0.5747400731506028,
          0.7501037481326361,
          1.1062314525341472,
          0.5258980240513813,
          3.5845814878689812,
          1.7603537756784007,
          0.8300421858710709,
          0.0,
          0.8180861764927703,
          0.6435144483648338,
          0.5322981161069665,
          0.8373165448151898,
          1.1997577470100342,
          3.5101114387255667,
          1.0051544548963889,
          0.5369384843435495,
          0.6999012376367013,
          1.3920144482214054,
          0.7879913319325292,
          1.3630277403527824,
          1.9253664416578182,
          1.1575813099536238,
          1.8261278720747443,
          0.711230141776151,
          0.8962081578695995
        ],
        [
          0.5357709833137565,
          0.7293723010240964,
          1.1856604985160355,
          1.8780073308371235,
          1.5743912486707698,
          0.5299653907221843,
          0.9275600021527655,
          0.9917164353375335,
          0.5256335698814539,
          2.277570853428714,
          2.036789297639771,
          1.073803285330557,
          0.8180861764927703,
          0.0,
          0.5259924850852701,
          0.5910222951301976,
          0.8755726529646841,
          1.120014418502439,
          1.909001320553477,
          0.8581678146869591,
          0.5500104890504178,
          1.5918578855903165,
          1.0587494251581506,
          0.5242033062318644,
          2.0065639061436165,
          0.7619772921528418,
          0.7797223693498304,
          2.2623603899654134,
          2.601803727831802,
          0.5364833740067054
        ],
        [
          0.5318031355894723,
          0.5670418146466637,
          1.6729815267004875,
          0.5257208331155963,
          0.6442017543674851,
          0.700759230191958,
          1.045914786442474,
          0.5376673855133011,
          0.6764109209724269,
          0.8090264674162586,
          0.5288765726957184,
          0.8195504607948916,
          0.6435144483648338,
          0.5259924850852701,
          0.0,
          0.5250011333597724,
          0.5251354722623531,
          0.5268161107208154,
          0.5330744545446435,
          0.5233265135933911,
          0.5206817947492891,
          1.338559393721635,
          0.5277017713303952,
          0.5213764264007833,
          0.8093215397909083,
          0.5298335728533816,
          0.536925898501961,
          0.7483737189606454,
          0.6077495497339079,
          0.5225281256764475
        ],
        [
          0.9775312316862064,
          0.5717454588537558,
          0.9456481578262002,
          0.5966740118985695,
          0.5586682335301565,
          0.5224052947891075,
          0.5221632496939663,
          0.8937662689916429,
          0.5212269289874878,
          0.6355758245931773,
          0.9970347425215177,
          0.7092050883059882,
          0.5322981161069665,
          0.5910222951301976,
          0.5250011333597724,
          0.0,
          0.6180877315293068,
          0.7943013142625507,
          0.5721955135523349,
          0.5335758183351487,
          0.5219346574450923,
          0.9516001892523152,
          0.5271318565605597,
          0.5210762685454159,
          0.8813797252481764,
          0.5427299454668708,
          0.5391682263680667,
          0.5296108355164812,
          0.5847192295964079,
          0.5229783073829083
        ],
        [
          0.6883517588748234,
          1.1442457072037553,
          1.3200386215262887,
          1.1429111536666885,
          1.0445987837661548,
          0.5364053458922144,
          0.5275674663657963,
          0.7975685690040628,
          0.5239211913283958,
          2.186164301147264,
          1.5090078102412245,
          0.8553978793404632,
          0.8373165448151898,
          0.8755726529646841,
          0.5251354722623531,
          0.6180877315293068,
          0.0,
          0.5525449764282456,
          5.084689141624944,
          1.4485830946462606,
          0.7736245915841108,
          0.6909340936875442,
          1.024024412791369,
          0.5241313362398548,
          0.6660051218697239,
          0.838838399563119,
          0.7146679242501863,
          0.7193647144908197,
          1.4869047667928748,
          0.6471353701071818
        ],
        [
          0.5376785893250501,
          0.6466473261320825,
          0.8413544608964914,
          1.1992277234162374,
          0.9861213800694208,
          0.5251603057264213,
          0.523131341652986,
          0.5580519399080042,
          0.5211781119688822,
          1.6394816424065446,
          1.735370732228455,
          0.8052234940366474,
          1.1997577470100342,
          1.120014418502439,
          0.5268161107208154,
          0.7943013142625507,
          0.5525449764282456,
          0.0,
          1.1440679765502977,
          0.7372823384948937,
          0.6311266471963712,
          0.5656489469523314,
          1.2857643884879328,
          0.5219673372079897,
          0.8234948852960258,
          0.5597804740770054,
          0.652461722527854,
          0.5372892098683391,
          0.9512810366144266,
          1.0626501290426882
        ],
        [
          0.7800757041311392,
          2.389191757885622,
          3.656310851625626,
          4.00000277725635,
          2.6397019604271406,
          1.025359993697851,
          0.5627369284812009,
          1.4912206964683088,
          0.5266429115598712,
          4.04004409652217,
          2.4890612493322255,
          0.8762438489269129,
          3.5101114387255667,
          1.909001320553477,
          0.5330744545446435,
          0.5721955135523349,
          5.084689141624944,
          1.1440679765502977,
          0.0,
          1.8192886595633282,
          1.38066512709416,
          1.5135469483617354,
          3.52851134089244,
          0.5287294954533251,
          1.5028504851448639,
          1.3409819798489613,
          3.4144448510138226,
          2.1664286791204317,
          2.0484843447253325,
          1.7373295545606957
        ],
        [
          0.5302010789624316,
          0.8365475152422551,
          0.6993431778916271,
          0.5629823408321207,
          1.005392913813177,
          0.7804916470630534,
          1.0547650579898162,
          0.9386593375101697,
          0.5219955358997741,
          1.4700270238238822,
          1.5135009099409438,
          1.598898472043376,
          1.0051544548963889,
          0.8581678146869591,
          0.5233265135933911,
          0.5335758183351487,
          1.4485830946462606,
          0.7372823384948937,
          1.8192886595633282,
          0.0,
          0.5263676183325647,
          0.5396086034005936,
          1.0045030273238678,
          0.5229816770046265,
          1.029452297532583,
          0.8755883723374773,
          1.0948785410826927,
          1.6108321907697418,
          0.7535410969268983,
          0.7544646714989739
        ],
        [
          0.5217753683663165,
          0.5528037200408752,
          0.6221870096667289,
          1.405457649728345,
          0.9598075669325465,
          0.523051645137897,
          0.5214110785619158,
          0.6276977566083861,
          0.5202525115388209,
          0.898347750605972,
          1.2840512793332801,
          0.7208020869934973,
          0.5369384843435495,
          0.5500104890504178,
          0.5206817947492891,
          0.5219346574450923,
          0.7736245915841108,
          0.6311266471963712,
          1.38066512709416,
          0.5263676183325647,
          0.0,
          0.543272523162067,
          0.5278792696663939,
          0.5209148965488658,
          0.5346155726328563,
          0.5703669064774884,
          0.5354485900094024,
          0.5585817139472158,
          0.5996388572034675,
          0.5238107642916596
        ],
        [
          1.236021371733964,
          1.7537173764438412,
          2.2103794307952445,
          1.473333173680537,
          0.9747972179367076,
          0.5965912984887106,
          1.3271103772930195,
          0.8350782254754769,
          1.2343087726684911,
          2.746423221436865,
          1.4631422693408358,
          1.1164953779958504,
          0.6999012376367013,
          1.5918578855903165,
          1.338559393721635,
          0.9516001892523152,
          0.6909340936875442,
          0.5656489469523314,
          1.5135469483617354,
          0.5396086034005936,
          0.543272523162067,
          0.0,
          1.6754966280160413,
          0.7830980932427035,
          0.964804991212289,
          1.8952956409730792,
          1.5799722476367883,
          4.15989924419768,
          1.3530154495763171,
          0.5360030100428016
        ],
        [
          0.5317839377792261,
          0.8253261198051989,
          1.0843308799122917,
          0.5570995094193405,
          1.6887357756150425,
          0.5414189336017451,
          0.5254038789025577,
          0.6950256007981263,
          0.5237368246951722,
          2.846331678554358,
          1.159788209048317,
          1.2543581576790728,
          1.3920144482214054,
          1.0587494251581506,
          0.5277017713303952,
          0.5271318565605597,
          1.024024412791369,
          1.2857643884879328,
          3.52851134089244,
          1.0045030273238678,
          0.5278792696663939,
          1.6754966280160413,
          0.0,
          0.5233866963320811,
          0.7046925703117632,
          0.674381516295692,
          0.8238095037269811,
          1.1948326235862103,
          1.093843466136151,
          1.0183241779685441
        ],
        [
          0.5206867466716785,
          0.5258008527964673,
          0.5379518494498432,
          0.6616069587728117,
          1.0834230802289997,
          2.165446649174212,
          0.5207381783252099,
          0.7998828302774982,
          0.519962337344199,
          1.3154748121620048,
          0.7644581762014386,
          0.525558914593056,
          0.7879913319325292,
          0.5242033062318644,
          0.5213764264007833,
          0.5210762685454159,
          0.5241313362398548,
          0.5219673372079897,
          0.5287294954533251,
          0.5229816770046265,
          0.5209148965488658,
          0.7830980932427035,
          0.5233866963320811,
          0.0,
          0.5258359268153997,
          0.5245137225492384,
          0.5598329465643981,
          0.547521099058831,
          0.5268426177967421,
          0.5215463033457544
        ],
        [
          0.7096706170785746,
          1.3051360406974257,
          1.4278652077091436,
          1.4220652966490421,
          1.1564674716371668,
          0.5327611261282743,
          0.554221521916566,
          1.0973805006020523,
          0.5461703987307696,
          5.199201219689817,
          3.1936506947337544,
          2.469875859230126,
          1.3630277403527824,
          2.0065639061436165,
          0.8093215397909083,
          0.8813797252481764,
          0.6660051218697239,
          0.8234948852960258,
          1.5028504851448639,
          1.029452297532583,
          0.5346155726328563,
          0.964804991212289,
          0.7046925703117632,
          0.5258359268153997,
          0.0,
          1.3863348171943302,
          0.6714858108700769,
          1.6230007530487687,
          0.9466861048971695,
          0.8407982677545004
        ],
        [
          0.6175918793226219,
          0.792446503221252,
          2.785960657764704,
          0.8482071382092475,
          1.282815359770561,
          0.5343638347691321,
          1.0101961237303496,
          2.162443415007999,
          0.6804420931990031,
          4.112256602381,
          1.3691238443991074,
          1.9621946203081337,
          1.9253664416578182,
          0.7619772921528418,
          0.5298335728533816,
          0.5427299454668708,
          0.838838399563119,
          0.5597804740770054,
          1.3409819798489613,
          0.8755883723374773,
          0.5703669064774884,
          1.8952956409730792,
          0.674381516295692,
          0.5245137225492384,
          1.3863348171943302,
          0.0,
          1.1931192005617834,
          2.5049638209400458,
          1.3249299670494443,
          1.2824148733463916
        ],
        [
          0.9168834022665153,
          0.9119981769387191,
          2.3173706236899676,
          1.1268478518525396,
          0.8068664538793076,
          1.2410209619124886,
          0.5642276609552799,
          0.7377095002390052,
          0.5249283119507261,
          4.164186365162811,
          2.3684943271590204,
          2.6683873159185323,
          1.1575813099536238,
          0.7797223693498304,
          0.536925898501961,
          0.5391682263680667,
          0.7146679242501863,
          0.652461722527854,
          3.4144448510138226,
          1.0948785410826927,
          0.5354485900094024,
          1.5799722476367883,
          0.8238095037269811,
          0.5598329465643981,
          0.6714858108700769,
          1.1931192005617834,
          0.0,
          2.1759809109045523,
          1.1560290557259556,
          0.6985800441476353
        ],
        [
          0.5339461144790377,
          2.111558883317559,
          2.9264123691784256,
          2.829015041535431,
          1.5574108192195186,
          0.5835728742235045,
          1.510562240172219,
          1.799839307064838,
          0.5261535721913555,
          1.5847890225338963,
          0.6962976078845999,
          1.300232345396418,
          1.8261278720747443,
          2.2623603899654134,
          0.7483737189606454,
          0.5296108355164812,
          0.7193647144908197,
          0.5372892098683391,
          2.1664286791204317,
          1.6108321907697418,
          0.5585817139472158,
          4.15989924419768,
          1.1948326235862103,
          0.547521099058831,
          1.6230007530487687,
          2.5049638209400458,
          2.1759809109045523,
          0.0,
          0.8441626415304712,
          1.1707940525187808
        ],
        [
          0.5521693318197759,
          0.7044709868784245,
          3.0451584305199337,
          1.4110456850597348,
          1.1721453195883698,
          0.5293344890728745,
          1.0804596406609195,
          6.075302253362137,
          0.8117822550071724,
          0.9685094241146557,
          1.7951427429680007,
          1.8883709184879556,
          0.711230141776151,
          2.601803727831802,
          0.6077495497339079,
          0.5847192295964079,
          1.4869047667928748,
          0.9512810366144266,
          2.0484843447253325,
          0.7535410969268983,
          0.5996388572034675,
          1.3530154495763171,
          1.093843466136151,
          0.5268426177967421,
          0.9466861048971695,
          1.3249299670494443,
          1.1560290557259556,
          0.8441626415304712,
          0.0,
          0.5327351191395949
        ],
        [
          0.5248991299442435,
          0.9860423604697877,
          1.1048556756452053,
          1.0395822392394602,
          0.6879507675352354,
          0.5248911691288158,
          0.5231522173554347,
          0.5415065696806851,
          0.5213166978953341,
          0.8381423369507284,
          0.7526654539220642,
          0.6351922342899783,
          0.8962081578695995,
          0.5364833740067054,
          0.5225281256764475,
          0.5229783073829083,
          0.6471353701071818,
          1.0626501290426882,
          1.7373295545606957,
          0.7544646714989739,
          0.5238107642916596,
          0.5360030100428016,
          1.0183241779685441,
          0.5215463033457544,
          0.8407982677545004,
          1.2824148733463916,
          0.6985800441476353,
          1.1707940525187808,
          0.5327351191395949,
          0.0
        ]
      ]
    }
  },
  "nodes": {
    "EPI_ISL_404253": {
      "country": "Illinois",
      "country_confidence": {
        "Illinois": 1.0
      },
      "country_entropy": -1.000088900581841e-12
    },
    "EPI_ISL_404895": {
      "country": "Washington",
      "country_confidence": {
        "Washington": 0.9999999999999999
      },
      "country_entropy": -9.99866855976916e-13
    },
    "EPI_ISL_406223": {
      "country": "Arizona",
      "country_confidence": {
        "Arizona": 1.0
      },
      "country_entropy": -1.000088900581841e-12
    },
    "EPI_ISL_408009": {
      "country": "California",
      "country_confidence": {
        "California": 1.0
      },
      "country_entropy": -1.000088900581841e-12
    },
    "EPI_ISL_408670": {
      "country": "Wisconsin",
      "country_confidence": {
        "Wisconsin": 0.9999999999999999
      },
      "country_entropy": -9.99866855976916e-13
    },
    "EPI_ISL_409067": {
      "country": "Massachusetts",
      "country_confidence": {
        "Massachusetts": 1.0
      },
      "country_entropy": -1.000088900581841e-12
    },
    "EPI_ISL_410045": {
      "country": "Illinois",
      "country_confidence": {
        "Illinois": 1.0
      },
      "country_entropy": -1.000088900581841e-12
    },
    "EPI_ISL_411954": {
      "country": "California",
      "country_confidence": {
        "California": 1.0
      },
      "country_entropy": -1.000088900581841e-12
    },
    "EPI_ISL_411956": {
      "country": "Texas",
      "country_confidence": {
        "Texas": 1.0
      },
      "country_entropy": -1.000088900581841e-12
    },
    "EPI_ISL_414476": {
      "country": "New York",
      "country_confidence": {
        "New York": 1.0
      },
      "country_entropy": -1.000088900581841e-12
    },
    "EPI_ISL_414622": {
      "country": "Washington",
      "country_confidence": {
        "Washington": 1.0
      },
      "country_entropy": -1.000088900581841e-12
    },
    "EPI_ISL_415542": {
      "country": "Utah",
      "country_confidence": {
        "Utah": 1.0
      },
      "country_entropy": -1.000088900581841e-12
    },
    "EPI_ISL_415544": {
      "country": "Utah",
      "country_confidence": {
        "Utah": 1.0
      },
      "country_entropy": -1.000088900581841e-12
    },
    "EPI_ISL_416417": {
      "country": "Connecticut",
      "country_confidence": {
        "Connecticut": 0.9999999999999999
      },
      "country_entropy": -9.99866855976916e-13
    },
    "EPI_ISL_416423": {
      "country": "Connecticut",
      "country_confidence": {
        "Connecticut": 1.0
      },
      "country_entropy": -1.000088900581841e-12
    },
    "EPI_ISL_416462": {
      "country": "Washington",
      "country_confidence": {
        "Washington": 1.0
      },
      "country_entropy": -1.000088900581841e-12
    },
    "EPI_ISL_416643": {
      "country": "Washington",
      "country_confidence": {
        "Washington": 1.0
      },
      "country_entropy": -1.000088900581841e-12
    },
    "EPI_ISL_416673": {
      "country": "Oregon",
      "country_confidence": {
        "Oregon": 1.0
      },
      "country_entropy": -1.000088900581841e-12
    },
    "EPI_ISL_416728": {
      "country": "Washington",
      "country_confidence": {
        "Washington": 1.0
      },
      "country_entropy": -1.000088900581841e-12
    },
    "EPI_ISL_416831": {
      "country": "New York",
      "country_confidence": {
        "New York": 1.0
      },
      "country_entropy": -1.000088900581841e-12
    },
    "EPI_ISL_417026": {
      "country": "Utah",
      "country_confidence": {
        "Utah": 1.0
      },
      "country_entropy": -1.000088900581841e-12
    },
    "EPI_ISL_417028": {
      "country": "Utah",
      "country_confidence": {
        "Utah": 1.0
      },
      "country_entropy": -1.000088900581841e-12
    },
    "EPI_ISL_417095": {
      "country": "Washington",
      "country_confidence": {
        "Washington": 1.0
      },
      "country_entropy": -1.000088900581841e-12
    },
    "EPI_ISL_417096": {
      "country": "Washington",
      "country_confidence": {
        "Washington": 0.9999999999999999
      },
      "country_entropy": -9.99866855976916e-13
    },
    "EPI_ISL_417098": {
      "country": "Washington",
      "country_confidence": {
        "Washington": 1.0
      },
      "country_entropy": -1.000088900581841e-12
    },
    "EPI_ISL_417108": {
      "country": "Washington",
      "country_confidence": {
        "Washington": 0.9999999999999999
      },
      "country_entropy": -9.99866855976916e-13
    },
    "EPI_ISL_417135": {
      "country": "Washington",
      "country_confidence": {
        "Washington": 1.0
      },
      "country_entropy": -1.000088900581841e-12
    },
    "EPI_ISL_417142": {
      "country": "Washington",
      "country_confidence": {
        "Washington": 1.0
      },
      "country_entropy": -1.000088900581841e-12
    },
    "EPI_ISL_417148": {
      "country": "Washington",
      "country_confidence": {
        "Washington": 0.9999999999999999
      },
      "country_entropy": -9.99866855976916e-13
    },
    "EPI_ISL_417150": {
      "country": "Washington",
      "country_confidence": {
        "Washington": 0.9999999999999999
      },
      "country_entropy": -9.99866855976916e-13
    },
    "EPI_ISL_417151": {
      "country": "Washington",
      "country_confidence": {
        "Washington": 0.9999999999999999
      },
      "country_entropy": -9.99866855976916e-13
    },
    "EPI_ISL_417156": {
      "country": "Washington",
      "country_confidence": {
        "Washington": 1.0
      },
      "country_entropy": -1.000088900581841e-12
    },
    "EPI_ISL_417159": {
      "country": "Washington",
      "country_confidence": {
        "Washington": 1.0
      },
      "country_entropy": -1.000088900581841e-12
    },
    "EPI_ISL_417160": {
      "country": "Washington",
      "country_confidence": {
        "Washington": 1.0
      },
      "country_entropy": -1.000088900581841e-12
    },
    "EPI_ISL_417194": {
      "country": "Minnesota",
      "country_confidence": {
        "Minnesota": 1.0
      },
      "country_entropy": -1.000088900581841e-12
    },
    "EPI_ISL_417196": {
      "country": "Minnesota",
      "country_confidence": {
        "Minnesota": 1.0
      },
      "country_entropy": -1.000088900581841e-12
    },
    "EPI_ISL_417200": {
      "country": "Wisconsin",
      "country_confidence": {
        "Wisconsin": 1.0
      },
      "country_entropy": -1.000088900581841e-12
    },
    "EPI_ISL_417350": {
      "country": "Washington",
      "country_confidence": {
        "Washington": 0.9999999999999999
      },
      "country_entropy": -9.99866855976916e-13
    },
    "EPI_ISL_417469": {
      "country": "Minnesota",
      "country_confidence": {
        "Minnesota": 1.0
      },
      "country_entropy": -1.000088900581841e-12
    },
    "EPI_ISL_417475": {
      "country": "Minnesota",
      "country_confidence": {
        "Minnesota": 0.9999999999999999
      },
      "country_entropy": -9.99866855976916e-13
    },
    "EPI_ISL_417513": {
      "country": "Wisconsin",
      "country_confidence": {
        "Wisconsin": 1.0
      },
      "country_entropy": -1.000088900581841e-12
    },
    "EPI_ISL_417517": {
      "country": "Wisconsin",
      "country_confidence": {
        "Wisconsin": 1.0
      },
      "country_entropy": -1.000088900581841e-12
    },
    "EPI_ISL_417935": {
      "country": "California",
      "country_confidence": {
        "California": 1.0
      },
      "country_entropy": -1.000088900581841e-12
    },
    "EPI_ISL_417958": {
      "country": "Utah",
      "country_confidence": {
        "Utah": 1.0
      },
      "country_entropy": -1.000088900581841e-12
    },
    "EPI_ISL_417959": {
      "country": "Utah",
      "country_confidence": {
        "Utah": 1.0
      },
      "country_entropy": -1.000088900581841e-12
    },
    "EPI_ISL_417960": {
      "country": "Utah",
      "country_confidence": {
        "Utah": 1.0
      },
      "country_entropy": -1.000088900581841e-12
    },
    "EPI_ISL_417976": {
      "country": "Utah",
      "country_confidence": {
        "Utah": 1.0
      },
      "country_entropy": -1.000088900581841e-12
    },
    "EPI_ISL_418049": {
      "country": "Minnesota",
      "country_confidence": {
        "Minnesota": 1.0
      },
      "country_entropy": -1.000088900581841e-12
    },
    "EPI_ISL_418058": {
      "country": "Connecticut",
      "country_confidence": {
        "Connecticut": 1.0
      },
      "country_entropy": -1.000088900581841e-12
    },
    "EPI_ISL_418080": {
      "country": "Washington",
      "country_confidence": {
        "Washington": 1.0
      },
      "country_entropy": -1.000088900581841e-12
    },
    "EPI_ISL_418871": {
      "country": "Connecticut",
      "country_confidence": {
        "Connecticut": 1.0
      },
      "country_entropy": -1.000088900581841e-12
    },
    "EPI_ISL_418895": {
      "country": "Connecticut",
      "country_confidence": {
        "Connecticut": 0.9999999999999999
      },
      "country_entropy": -9.99866855976916e-13
    },
    "EPI_ISL_418898": {
      "country": "Connecticut",
      "country_confidence": {
        "Connecticut": 1.0
      },
      "country_entropy": -1.000088900581841e-12
    },
    "EPI_ISL_418905": {
      "country": "Washington",
      "country_confidence": {
        "Washington": 1.0
      },
      "country_entropy": -1.000088900581841e-12
    },
    "EPI_ISL_418915": {
      "country": "Illinois",
      "country_confidence": {
        "Illinois": 1.0
      },
      "country_entropy": -1.000088900581841e-12
    },
    "EPI_ISL_418916": {
      "country": "Illinois",
      "country_confidence": {
        "Illinois": 1.0
      },
      "country_entropy": -1.000088900581841e-12
    },
    "EPI_ISL_418917": {
      "country": "Illinois",
      "country_confidence": {
        "Illinois": 1.0
      },
      "country_entropy": -1.000088900581841e-12
    },
    "EPI_ISL_418918": {
      "country": "Illinois",
      "country_confidence": {
        "Illinois": 1.0
      },
      "country_entropy": -1.000088900581841e-12
    },
    "EPI_ISL_418962": {
      "country": "Utah",
      "country_confidence": {
        "Utah": 1.0
      },
      "country_entropy": -1.000088900581841e-12
    },
    "EPI_ISL_418963": {
      "country": "Utah",
      "country_confidence": {
        "Utah": 1.0
      },
      "country_entropy": -1.000088900581841e-12
    },
    "EPI_ISL_418964": {
      "country": "Utah",
      "country_confidence": {
        "Utah": 1.0
      },
      "country_entropy": -1.000088900581841e-12
    },
    "EPI_ISL_419260": {
      "country": "Virginia",
      "country_confidence": {
        "Virginia": 1.0
      },
      "country_entropy": -1.000088900581841e-12
    },
    "EPI_ISL_419512": {
      "country": "Connecticut",
      "country_confidence": {
        "Connecticut": 1.0
      },
      "country_entropy": -1.000088900581841e-12
    },
    "EPI_ISL_419521": {
      "country": "Connecticut",
      "country_confidence": {
        "Connecticut": 1.0
      },
      "country_entropy": -1.000088900581841e-12
    },
    "EPI_ISL_419554": {
      "country": "California",
      "country_confidence": {
