{
  "generated_by": {
    "program": "augur",
    "version": "7.0.2"
  },
  "models": {
    "country": {
      "alphabet": [
        "Australia",
        "Austria",
        "Belgium",
        "Brazil",
        "Canada",
        "China",
        "Czech Republic",
        "Democratic Republic of the Congo",
        "England",
        "Finland",
        "France",
        "Georgia",
        "Germany",
        "Hong Kong",
        "Iceland",
        "India",
        "Ireland",
        "Italy",
        "Japan",
        "Luxembourg",
        "Mexico",
        "Netherlands",
        "Norway",
        "Portugal",
        "Scotland",
        "Senegal",
        "Singapore",
        "South Korea",
        "Spain",
        "Switzerland",
        "Taiwan",
        "USA",
        "Wales",
        "?"
      ],
      "equilibrium_probabilities": [
        0.027772087625603372,
        0.03828400490669085,
        0.026715707274947403,
        0.034457001598180735,
        0.03001146337420318,
        0.019889996762785456,
        0.033397330110592725,
        0.03664174922074868,
        0.014449291841595326,
        0.033545978616880474,
        0.013449372634685056,
        0.03831537546294859,
        0.028445268655182782,
        0.03842330273295961,
        0.02730769653979391,
        0.03654304310915472,
        0.034946837793957714,
        0.03241794604598586,
        0.030894993505324635,
        0.02307957296598107,
        0.040165768041634235,
        0.02174652607540545,
        0.03713260900931209,
        0.020578237097153895,
        0.027267822631683706,
        0.032581330005838086,
        0.03651857362425703,
        0.03601648166572737,
        0.023464125612115378,
        0.02833623127871429,
        0.033911556883991875,
        0.03045664154936092,
        0.03283607574660363
      ],
      "rate": 292.49495487159504,
      "transition_matrix": [
        [
          0.0,
          0.6578479026401286,
          0.7638836758306058,
          0.6596161299642825,
          4.631651262371814,
          1.6462748200532367,
          0.6583930833834479,
          0.6580503477660963,
          7.619165005915909,
          0.6630214065020148,
          8.264911117284818,
          0.9863232630288121,
          0.6706338866875883,
          0.6570020177505256,
          1.4950385841727365,
          2.3021428851327754,
          0.6583103572164757,
          0.6590237080863951,
          0.6582187873906241,
          1.980060350380267,
          0.6595687076564567,
          1.1818399334666985,
          0.6647603474499895,
          1.0878864972473645,
          1.9073886365090877,
          0.6609810408432301,
          1.233488571513805,
          0.6574714285658635,
          0.7948638135206579,
          0.6635917363695607,
          1.534434737612155,
          3.177788171497987,
          0.6607601077005177
        ],
        [
          0.6578479026401286,
          0.0,
          0.6570719206575883,
          0.6577031866167786,
          0.9861680346749547,
          0.6569565434658198,
          0.6576100031275187,
          0.657465755273825,
          1.635984402866406,
          0.6578541817531897,
          2.0016919249549616,
          0.6575139160292808,
          1.6442654397106127,
          0.65717819472785,
          0.6570788310161443,
          0.6572002346180773,
          0.6577932333371991,
          0.6574660012204961,
          0.65654420782307,
          0.6570670469325438,
          0.6577480042780985,
          1.2760665779085916,
          0.6579493236954586,
          0.6571049365400842,
          0.6581230769982411,
          0.6575247376055011,
          0.6575094601934798,
          0.6576266217443648,
          2.2980028363926124,
          0.6577529967396172,
          0.6577866832095999,
          0.6587663644483029,
          0.657546965482659
        ],
        [
          0.7638836758306058,
          0.6570719206575883,
          0.0,
          1.1100469461732787,
          1.1319587188846494,
          0.660572953786804,
          0.6928887139354312,
          0.9113261935544379,
          10.49502427689558,
          0.6599485318388375,
          5.197242127524277,
          0.6570672177085582,
          1.3840081986153667,
          0.6566244004153974,
          1.1418653725899177,
          0.9509744333076492,
          0.8248208417325459,
          1.3179300228626027,
          0.6625537673229016,
          3.176526094200018,
          0.6573014801511798,
          3.780500422288654,
          0.7193814600861066,
          1.7248856936630028,
          1.3392206313658117,
          0.6587593719008017,
          0.6577375134089208,
          0.6568077887338667,
          0.7250545136447688,
          0.7398346107915015,
          0.9891217195481241,
          0.6787390827793622,
          0.6611487314291723
        ],
        [
          0.6596161299642825,
          0.6577031866167786,
          1.1100469461732787,
          0.0,
          0.6580175680626982,
          0.6566486778952626,
          0.6578382611754476,
          0.657818273370714,
          2.8057142171069547,
          0.6578029754788823,
          1.1254274305205405,
          0.6577209658937345,
          0.6585752256936228,
          0.6573513672715001,
          0.6584547488331072,
          0.6575332000060549,
          0.6585527654696764,
          0.6584585515174145,
          0.6569923823142985,
          1.1143797744562347,
          0.6578150746339565,
          1.648355865111507,
          0.6580864064884955,
          1.094771663186578,
          0.6635928190917096,
          0.6577190682357396,
          0.657675408427111,
          0.6575854720650652,
          0.9862954161223798,
          0.6588903194356874,
          0.6581627918090327,
          0.6578689405375105,
          0.6578411048484456
        ],
        [
          4.631651262371814,
          0.9861680346749547,
          1.1319587188846494,
          0.6580175680626982,
          0.0,
          1.495166770410055,
          0.6575870337781239,
          0.6577408869394286,
          4.41101839397497,
          1.3174936154371555,
          3.855511004247932,
          0.6571643874158587,
          1.5535969164224157,
          0.6575301801252714,
          1.0872908989148704,
          0.9814060548213481,
          0.6582921965335111,
          0.6597887655030304,
          2.000552304903529,
          1.8211446843922976,
          0.6583544003621297,
          1.5228661720236716,
          0.9859853147239307,
          3.0605774932455967,
          1.0177790935247428,
          0.6581851243103193,
          0.6718201866337451,
          0.6577115878378694,
          0.6608312556838629,
          0.9706514817744526,
          2.809090039245694,
          7.679948823024163,
          0.657450304232287
        ],
        [
          1.6462748200532367,
          0.6569565434658198,
          0.660572953786804,
          0.6566486778952626,
          1.495166770410055,
          0.0,
          0.6566142310143552,
          0.656935280996392,
          1.6763040622753282,
          0.9863522121364798,
          1.2019716031326542,
          0.6563424354738054,
          1.4469628947571616,
          4.618980587244944,
          1.320268207270067,
          0.9842077018701094,
          0.9845800806867682,
          0.6574585499636255,
          3.90113747749647,
          0.6639238721549503,
          1.1437773901139425,
          0.6655270688517932,
          0.9865197618016504,
          0.9794234994203785,
          5.907436357345555,
          1.2687616965698199,
          7.587882672520428,
          6.939092483307327,
          1.5168157803499094,
          0.6578222176905354,
          2.6573493877863577,
          1.9676488057826034,
          0.6565650829051084
        ],
        [
          0.6583930833834479,
          0.6576100031275187,
          0.6928887139354312,
          0.6578382611754476,
          0.6575870337781239,
          0.6566142310143552,
          0.0,
          0.6576482762847552,
          2.4619409633790488,
          0.6579639474966635,
          1.2592572053400903,
          0.6576025377268508,
          0.6584759711480226,
          0.6572615545919444,
          0.9669304538417238,
          0.6572775256487722,
          0.6579267157673544,
          0.6577247890689253,
          0.6567941385515467,
          0.6579490986896361,
          0.6576533621145418,
          0.9871006007462261,
          0.6581146289393778,
          0.84844674845553,
          0.9725449868135911,
          0.6576907820063478,
          0.6576287488096898,
          0.6574515247881244,
          0.6569082961169629,
          0.9695901465116572,
          0.6578898572874915,
          0.6583173614832243,
          0.6576314204273617
        ],
        [
          0.6580503477660963,
          0.657465755273825,
          0.9113261935544379,
          0.657818273370714,
          0.6577408869394286,
          0.656935280996392,
          0.6576482762847552,
          0.0,
          2.4099960055390444,
          0.6578149553040799,
          1.970489085274441,
          0.6574490206362645,
          0.6584801753481478,
          0.6571244346964606,
          0.9888003818786258,
          0.6572374072555812,
          0.6578935765502893,
          0.6577948003796604,
          0.656621472910324,
          2.7687443810286414,
          0.6576011937678314,
          0.8482049986524702,
          0.6583446246065974,
          0.6576647274820618,
          1.3109430696946518,
          0.6576167391772898,
          0.6575082997620328,
          0.6573467505372163,
          0.6570418231705186,
          0.6579271202955995,
          0.6577392786557883,
          0.6575865869474145,
          0.6575313545336938
        ],
        [
          7.619165005915909,
          1.635984402866406,
          10.49502427689558,
          2.8057142171069547,
          4.41101839397497,
          1.6763040622753282,
          2.4619409633790488,
          2.4099960055390444,
          0.0,
          2.6500444474622182,
          7.437972465706089,
          1.3077281463253858,
          5.077692299678129,
          0.6836244795869422,
          7.815507045106547,
          1.4678758753391066,
          2.2141932784633713,
          4.569522988383691,
          3.391979397879332,
          4.576018000322686,
          1.1303397686103502,
          10.201505927073184,
          1.6983779042342533,
          12.242381438726175,
          12.101809746383656,
          1.3051012130091284,
          1.05520694861827,
          0.6549754397557757,
          5.943547781787649,
          5.783192432602165,
          3.2569661500501503,
          5.351939348759201,
          2.745255088609503
        ],
        [
          0.6630214065020148,
          0.6578541817531897,
          0.6599485318388375,
          0.6578029754788823,
          1.3174936154371555,
          0.9863522121364798,
          0.6579639474966635,
          0.6578149553040799,
          2.6500444474622182,
          0.0,
          3.438999797534196,
          0.6575467669936812,
          1.1725916090032613,
          0.6571737590350871,
          1.0188330173248206,
          0.6573015883477135,
          0.657913036283367,
          0.8107392506655138,
          0.6569780917900464,
          1.0537888430726305,
          0.6579125916603447,
          1.7067596684431476,
          0.8092351934990268,
          0.6775620406490084,
          1.3716937407958691,
          0.6577402100389563,
          0.6576158676856929,
          0.6574707970348445,
          0.9983891835369668,
          0.6583858872050248,
          0.6582286819924241,
          0.6596271745591316,
          0.6579226862874673
        ],
        [
          8.264911117284818,
          2.0016919249549616,
          5.197242127524277,
          1.1254274305205405,
          3.855511004247932,
          1.2019716031326542,
          1.2592572053400903,
          1.970489085274441,
          7.437972465706089,
          3.438999797534196,
          0.0,
          1.6385367940439146,
          9.228365481638125,
          0.9072874016932099,
          3.8371230886743675,
          0.6563095488277662,
          0.6895680812770328,
          2.888274437878194,
          1.8835826774080828,
          8.300653011882678,
          0.6577686484752007,
          4.822969033334789,
          2.4399669211240878,
          2.201888461614908,
          3.5345729691721988,
          3.5026145134099775,
          1.131957050043667,
          0.6565697581794495,
          1.4250342301268815,
          1.309319179315112,
          3.645390969158895,
          9.139675379034966,
          0.9827653754008683
        ],
        [
          0.9863232630288121,
          0.6575139160292808,
          0.6570672177085582,
          0.6577209658937345,
          0.6571643874158587,
          0.6563424354738054,
          0.6576025377268508,
          0.6574490206362645,
          1.3077281463253858,
          0.6575467669936812,
          1.6385367940439146,
          0.0,
          0.65760298708078,
          0.6571839072954865,
          0.6570605824275393,
          0.9852905639589559,
          0.6578237925968137,
          0.6574825487479632,
          0.9848566004497298,
          0.6568382124823464,
          0.6576008946058953,
          0.656573651448307,
          0.6578479357717414,
          0.9853892697517028,
          0.6577179901851633,
          0.6574857183662126,
          0.6575349225159477,
          0.6574962163165494,
          1.31316981357453,
          0.6577640685902326,
          0.6576312280318037,
          0.6570281551368158,
          0.6575501183581665
        ],
        [
          0.6706338866875883,
          1.6442654397106127,
          1.3840081986153667,
          0.6585752256936228,
          1.5535969164224157,
          1.4469628947571616,
          0.6584759711480226,
          0.6584801753481478,
          5.077692299678129,
          1.1725916090032613,
          9.228365481638125,
          0.65760298708078,
          0.0,
          0.657700906195622,
          0.9220504971333788,
          0.6575157860229716,
          0.658734788415238,
          0.6591774489514156,
          0.6627030618893567,
          1.2843589465956342,
          0.7118937984027205,
          2.0656252934383876,
          0.6601895884208943,
          1.693113951902278,
          1.2840588181829984,
          0.6583565160337976,
          0.6590261617250508,
          0.6582502162698023,
          0.6598763281658508,
          0.6597976666416566,
          0.6806020132076376,
          0.673272507353114,
          1.315747263465381
        ],
        [
          0.6570020177505256,
          0.65717819472785,
          0.6566244004153974,
          0.6573513672715001,
          0.6575301801252714,
          4.618980587244944,
          0.6572615545919444,
          0.6571244346964606,
          0.6836244795869422,
          0.6571737590350871,
          0.9072874016932099,
          0.6571839072954865,
          0.657700906195622,
          0.0,
          0.6565934848616387,
          0.6568826020851618,
          0.6574332957690485,
          0.6572535368851122,
          1.0215267255484173,
          0.6565764897638464,
          0.6575803871108911,
          0.6561956568962894,
          0.6573972819951918,
          0.6647811990251902,
          0.658307495635884,
          0.6571988849513503,
          0.6590910705994495,
          0.6579333371059144,
          0.6586645461373235,
          0.6573815586775078,
          0.6579524693747332,
          0.6566877208518311,
          0.6572584955712744
        ],
        [
          1.4950385841727365,
          0.6570788310161443,
          1.1418653725899177,
          0.6584547488331072,
          1.0872908989148704,
          1.320268207270067,
          0.9669304538417238,
          0.9888003818786258,
          7.815507045106547,
          1.0188330173248206,
          3.8371230886743675,
          0.6570605824275393,
          0.9220504971333788,
          0.6565934848616387,
          0.0,
          0.6570655689315423,
          0.6581667545384517,
          1.0942341292957307,
          0.657278204538217,
          1.0417351776138644,
          0.6574940799498576,
          3.2606397833537093,
          2.1138208563729313,
          1.5802627143356693,
          1.0730593994926347,
          0.6580214801652884,
          0.6578473529505562,
          0.6570276674340053,
          1.6761569483146663,
          0.8069495600649229,
          0.7045989155650049,
          0.7667506120178935,
          0.6722766584486634
        ],
        [
          2.3021428851327754,
          0.6572002346180773,
          0.9509744333076492,
          0.6575332000060549,
          0.9814060548213481,
          0.9842077018701094,
          0.6572775256487722,
          0.6572374072555812,
          1.4678758753391066,
          0.6573015883477135,
          0.6563095488277662,
          0.9852905639589559,
          0.6575157860229716,
          0.6568826020851618,
          0.6570655689315423,
          0.0,
          0.6576130054673375,
          1.0234050998132949,
          0.6564698522415089,
          1.3117603440050585,
          0.657282880219578,
          0.6568896792903125,
          0.6631434067940656,
          0.8334891804924593,
          0.6576883145652737,
          0.6572161885922196,
          0.6574669610289291,
          0.6571727530106511,
          0.6568344998483839,
          0.6576188048030741,
          0.6579211970566715,
          0.6577444092536053,
          0.6572726885648215
        ],
        [
          0.6583103572164757,
          0.6577932333371991,
          0.8248208417325459,
          0.6585527654696764,
          0.6582921965335111,
          0.9845800806867682,
          0.6579267157673544,
          0.6578935765502893,
          2.2141932784633713,
          0.657913036283367,
          0.6895680812770328,
          0.6578237925968137,
          0.658734788415238,
          0.6574332957690485,
          0.6581667545384517,
          0.6576130054673375,
          0.0,
          0.6586278566414958,
          0.6571080014403923,
          0.6581380316539723,
          0.6579371824109913,
          1.6151294914343264,
          0.6580662457461705,
          0.9244503475967241,
          0.6587893161174152,
          0.6577136996635298,
          0.6577676578832977,
          0.6576607950775235,
          0.6576194773199892,
          0.6589311022035184,
          0.6581512512400883,
          0.657835969297489,
          0.6579078000749188
        ],
        [
          0.6590237080863951,
          0.6574660012204961,
          1.3179300228626027,
          0.6584585515174145,
          0.6597887655030304,
          0.6574585499636255,
          0.6577247890689253,
          0.6577948003796604,
          4.569522988383691,
          0.8107392506655138,
          2.888274437878194,
          0.6574825487479632,
          0.6591774489514156,
          0.6572535368851122,
          1.0942341292957307,
          1.0234050998132949,
          0.6586278566414958,
          0.0,
          0.6909625552226866,
          2.017826433882732,
          0.6575807630202312,
          0.9878313758417782,
          0.6585362689336448,
          1.3455871459837303,
          0.800217623628548,
          0.657753685750466,
          0.6576314715839634,
          0.6574081101999101,
          0.9889301303662879,
          0.6590128947634611,
          0.7179186165792626,
          0.6582523735166232,
          0.6575968061133042
        ],
        [
          0.6582187873906241,
          0.65654420782307,
          0.6625537673229016,
          0.6569923823142985,
          2.000552304903529,
          3.90113747749647,
          0.6567941385515467,
          0.656621472910324,
          3.391979397879332,
          0.6569780917900464,
          1.8835826774080828,
          0.9848566004497298,
          0.6627030618893567,
          1.0215267255484173,
          0.657278204538217,
          0.6564698522415089,
          0.6571080014403923,
          0.6909625552226866,
          0.0,
          0.8374380919533363,
          0.6569830100245398,
          0.6570298605168986,
          1.027368722075906,
          1.1737171864114218,
          0.7743749946608804,
          0.6567677002365415,
          1.315134302179019,
          0.6578086986323827,
          1.0293728337308594,
          0.6575006173028598,
          0.6577432972866549,
          0.9858479275241812,
          0.6567172618238504
        ],
        [
          1.980060350380267,
          0.6570670469325438,
          3.176526094200018,
          1.1143797744562347,
          1.8211446843922976,
          0.6639238721549503,
          0.6579490986896361,
          2.7687443810286414,
          4.576018000322686,
          1.0537888430726305,
          8.300653011882678,
          0.6568382124823464,
          1.2843589465956342,
          0.6565764897638464,
          1.0417351776138644,
          1.3117603440050585,
          0.6581380316539723,
          2.017826433882732,
          0.8374380919533363,
          0.0,
          0.6633837450199606,
          1.5643070044148442,
          0.6900564494653051,
          1.042319467471091,
          3.127738460332765,
          0.7252414312952135,
          0.6573417319714341,
          0.6568746836537445,
          1.8316955909728363,
          1.8304774638127517,
          0.7054660735405871,
          0.9936179178417036,
          0.6585359366648794
        ],
        [
          0.6595687076564567,
          0.6577480042780985,
          0.6573014801511798,
          0.6578150746339565,
          0.6583544003621297,
          1.1437773901139425,
          0.6576533621145418,
          0.6576011937678314,
          1.1303397686103502,
          0.6579125916603447,
          0.6577686484752007,
          0.6576008946058953,
          0.7118937984027205,
          0.6575803871108911,
          0.6574940799498576,
          0.657282880219578,
          0.6579371824109913,
          0.6575807630202312,
          0.6569830100245398,
          0.6633837450199606,
          0.0,
          0.6575159969951178,
          0.6578571658919905,
          0.8400016090781446,
          0.8107798011777971,
          0.6598852158637655,
          0.6581268002529781,
          0.658338404472722,
          1.9548862557238869,
          0.6580454481664565,
          0.6578669469352062,
          1.6508671929489553,
          0.6577162785941384
        ],
        [
          1.1818399334666985,
          1.2760665779085916,
          3.780500422288654,
          1.648355865111507,
          1.5228661720236716,
          0.6655270688517932,
          0.9871006007462261,
          0.8482049986524702,
          10.201505927073184,
          1.7067596684431476,
          4.822969033334789,
          0.656573651448307,
          2.0656252934383876,
          0.6561956568962894,
          3.2606397833537093,
          0.6568896792903125,
          1.6151294914343264,
          0.9878313758417782,
          0.6570298605168986,
          1.5643070044148442,
          0.6575159969951178,
          0.0,
          0.7180936737371177,
          3.2707478557506575,
          3.585660203184973,
          1.380883966564191,
          0.6573424770471709,
          0.6564686605623796,
          1.3588199935305365,
          1.3012128665582992,
          1.0111585868071176,
          1.283079761889447,
          0.6572946491000443
        ],
        [
          0.6647603474499895,
          0.6579493236954586,
          0.7193814600861066,
          0.6580864064884955,
          0.9859853147239307,
          0.9865197618016504,
          0.6581146289393778,
          0.6583446246065974,
          1.6983779042342533,
          0.8092351934990268,
          2.4399669211240878,
          0.6578479357717414,
          0.6601895884208943,
          0.6573972819951918,
          2.1138208563729313,
          0.6631434067940656,
          0.6580662457461705,
          0.6585362689336448,
          1.027368722075906,
          0.6900564494653051,
          0.6578571658919905,
          0.7180936737371177,
          0.0,
          0.6844708747524577,
          1.0052232085392108,
          0.6580535923116436,
          0.6577948282844355,
          0.6575934984102993,
          0.6704647015202585,
          0.6585925127889569,
          0.6586150237271142,
          0.6607506601859755,
          0.657856554006953
        ],
        [
          1.0878864972473645,
          0.6571049365400842,
          1.7248856936630028,
          1.094771663186578,
          3.0605774932455967,
          0.9794234994203785,
          0.84844674845553,
          0.6576647274820618,
          12.242381438726175,
          0.6775620406490084,
          2.201888461614908,
          0.9853892697517028,
          1.693113951902278,
          0.6647811990251902,
          1.5802627143356693,
          0.8334891804924593,
          0.9244503475967241,
          1.3455871459837303,
          1.1737171864114218,
          1.042319467471091,
          0.8400016090781446,
          3.2707478557506575,
          0.6844708747524577,
          0.0,
          0.7173201141645549,
          0.6574889308125021,
          0.6580296129629916,
          0.6573515658084228,
          5.188343512935168,
          1.990063304250734,
          0.9092454583555915,
          1.2785799582507351,
          0.8408064301049653
        ],
        [
          1.9073886365090877,
          0.6581230769982411,
          1.3392206313658117,
          0.6635928190917096,
          1.0177790935247428,
          5.907436357345555,
          0.9725449868135911,
          1.3109430696946518,
          12.101809746383656,
          1.3716937407958691,
          3.5345729691721988,
          0.6577179901851633,
          1.2840588181829984,
          0.658307495635884,
          1.0730593994926347,
          0.6576883145652737,
          0.6587893161174152,
          0.800217623628548,
          0.7743749946608804,
          3.127738460332765,
          0.8107798011777971,
          3.585660203184973,
          1.0052232085392108,
          0.7173201141645549,
          0.0,
          0.6669895833214167,
          0.6622476403492785,
          0.6603123002359763,
          2.2232916690574047,
          0.662426058032532,
          0.6651370516777492,
          0.6930320972843577,
          0.6581548561543181
        ],
        [
          0.6609810408432301,
          0.6575247376055011,
          0.6587593719008017,
          0.6577190682357396,
          0.6581851243103193,
          1.2687616965698199,
          0.6576907820063478,
          0.6576167391772898,
          1.3051012130091284,
          0.6577402100389563,
          3.5026145134099775,
          0.6574857183662126,
          0.6583565160337976,
          0.6571988849513503,
          0.6580214801652884,
          0.6572161885922196,
          0.6577136996635298,
          0.657753685750466,
          0.6567677002365415,
          0.7252414312952135,
          0.6598852158637655,
          1.380883966564191,
          0.6580535923116436,
          0.6574889308125021,
          0.6669895833214167,
          0.0,
          0.6782697773772207,
          0.6575350465879316,
          0.9674822998360239,
          0.6578002544633645,
          0.6577705976800613,
          0.7274257885346619,
          0.657569420825915
        ],
        [
          1.233488571513805,
          0.6575094601934798,
          0.6577375134089208,
          0.657675408427111,
          0.6718201866337451,
          7.587882672520428,
          0.6576287488096898,
          0.6575082997620328,
          1.05520694861827,
          0.6576158676856929,
          1.131957050043667,
          0.6575349225159477,
          0.6590261617250508,
          0.6590910705994495,
          0.6578473529505562,
          0.6574669610289291,
          0.6577676578832977,
          0.6576314715839634,
          1.315134302179019,
          0.6573417319714341,
          0.6581268002529781,
          0.6573424770471709,
          0.6577948282844355,
          0.6580296129629916,
          0.6622476403492785,
          0.6782697773772207,
          0.0,
          0.6587809989215296,
          0.6581956400368401,
          0.658052604063707,
          0.6596608434674028,
          0.6932643130620401,
          0.6576394863366268
        ],
        [
          0.6574714285658635,
          0.6576266217443648,
          0.6568077887338667,
          0.6575854720650652,
          0.6577115878378694,
          6.939092483307327,
          0.6574515247881244,
          0.6573467505372163,
          0.6549754397557757,
          0.6574707970348445,
          0.6565697581794495,
          0.6574962163165494,
          0.6582502162698023,
          0.6579333371059144,
          0.6570276674340053,
          0.6571727530106511,
          0.6576607950775235,
          0.6574081101999101,
          0.6578086986323827,
          0.6568746836537445,
          0.658338404472722,
          0.6564686605623796,
          0.6575934984102993,
          0.6573515658084228,
          0.6603123002359763,
          0.6575350465879316,
          0.6587809989215296,
          0.0,
          0.8096268020701796,
          0.6576140079686342,
          0.6580888107954108,
          0.6571439209793132,
          0.6574489829422168
        ],
        [
          0.7948638135206579,
          2.2980028363926124,
          0.7250545136447688,
          0.9862954161223798,
          0.6608312556838629,
          1.5168157803499094,
          0.6569082961169629,
          0.6570418231705186,
          5.943547781787649,
          0.9983891835369668,
          1.4250342301268815,
          1.31316981357453,
          0.6598763281658508,
          0.6586645461373235,
          1.6761569483146663,
          0.6568344998483839,
          0.6576194773199892,
          0.9889301303662879,
          1.0293728337308594,
          1.8316955909728363,
          1.9548862557238869,
          1.3588199935305365,
          0.6704647015202585,
          5.188343512935168,
          2.2232916690574047,
          0.9674822998360239,
          0.6581956400368401,
          0.8096268020701796,
          0.0,
          1.317671178577005,
          1.320020930288737,
          0.9879350635838725,
          0.6568191114328739
        ],
        [
          0.6635917363695607,
          0.6577529967396172,
          0.7398346107915015,
          0.6588903194356874,
          0.9706514817744526,
          0.6578222176905354,
          0.9695901465116572,
          0.6579271202955995,
          5.783192432602165,
          0.6583858872050248,
          1.309319179315112,
          0.6577640685902326,
          0.6597976666416566,
          0.6573815586775078,
          0.8069495600649229,
          0.6576188048030741,
          0.6589311022035184,
          0.6590128947634611,
          0.6575006173028598,
          1.8304774638127517,
          0.6580454481664565,
          1.3012128665582992,
          0.6585925127889569,
          1.990063304250734,
          0.662426058032532,
          0.6578002544633645,
          0.658052604063707,
          0.6576140079686342,
          1.317671178577005,
          0.0,
          0.6592818687698234,
          0.7932497305470001,
          0.6580065158768891
        ],
        [
          1.534434737612155,
          0.6577866832095999,
          0.9891217195481241,
          0.6581627918090327,
          2.809090039245694,
          2.6573493877863577,
          0.6578898572874915,
          0.6577392786557883,
          3.2569661500501503,
          0.6582286819924241,
          3.645390969158895,
          0.6576312280318037,
          0.6806020132076376,
          0.6579524693747332,
          0.7045989155650049,
          0.6579211970566715,
          0.6581512512400883,
          0.7179186165792626,
          0.6577432972866549,
          0.7054660735405871,
          0.6578669469352062,
          1.0111585868071176,
          0.6586150237271142,
          0.9092454583555915,
          0.6651370516777492,
          0.6577705976800613,
          0.6596608434674028,
          0.6580888107954108,
          1.320020930288737,
          0.6592818687698234,
          0.0,
          0.6670838627899547,
          0.6577256104110185
        ],
        [
          3.177788171497987,
          0.6587663644483029,
          0.6787390827793622,
          0.6578689405375105,
          7.679948823024163,
          1.9676488057826034,
          0.6583173614832243,
          0.6575865869474145,
          5.351939348759201,
          0.6596271745591316,
          9.139675379034966,
          0.6570281551368158,
          0.673272507353114,
          0.6566877208518311,
          0.7667506120178935,
          0.6577444092536053,
          0.657835969297489,
          0.6582523735166232,
          0.9858479275241812,
          0.9936179178417036,
          1.6508671929489553,
          1.283079761889447,
          0.6607506601859755,
          1.2785799582507351,
          0.6930320972843577,
          0.7274257885346619,
          0.6932643130620401,
          0.6571439209793132,
          0.9879350635838725,
          0.7932497305470001,
          0.6670838627899547,
          0.0,
          0.6579210250802476
        ],
        [
          0.6607601077005177,
          0.657546965482659,
          0.6611487314291723,
          0.6578411048484456,
          0.657450304232287,
          0.6565650829051084,
          0.6576314204273617,
          0.6575313545336938,
          2.745255088609503,
          0.6579226862874673,
          0.9827653754008683,
          0.6575501183581665,
          1.315747263465381,
          0.6572584955712744,
          0.6722766584486634,
          0.6572726885648215,
          0.6579078000749188,
          0.6575968061133042,
          0.6567172618238504,
          0.6585359366648794,
          0.6577162785941384,
          0.6572946491000443,
          0.657856554006953,
          0.8408064301049653,
          0.6581548561543181,
          0.657569420825915,
          0.6576394863366268,
          0.6574489829422168,
          0.6568191114328739,
          0.6580065158768891,
          0.6577256104110185,
          0.6579210250802476,
          0.0
        ]
      ]
    }
  },
  "nodes": {
    "EPI_ISL_402120": {
      "country": "China",
      "country_confidence": {
        "China": 1.0
      },
      "country_entropy": -1.000088900581841e-12
    },
    "EPI_ISL_402121": {
      "country": "China",
      "country_confidence": {
        "China": 1.0
      },
      "country_entropy": -1.000088900581841e-12
    },
    "EPI_ISL_402125": {
      "country": "China",
      "country_confidence": {
        "China": 1.0
      },
      "country_entropy": -1.000088900581841e-12
    },
    "EPI_ISL_402132": {
      "country": "China",
      "country_confidence": {
        "China": 1.0
      },
      "country_entropy": -1.000088900581841e-12
    },
    "EPI_ISL_403929": {
      "country": "China",
      "country_confidence": {
        "China": 1.0
      },
      "country_entropy": -1.000088900581841e-12
    },
    "EPI_ISL_403932": {
      "country": "China",
      "country_confidence": {
        "China": 1.0
      },
      "country_entropy": -1.000088900581841e-12
    },
    "EPI_ISL_404227": {
      "country": "China",
      "country_confidence": {
        "China": 1.0
      },
      "country_entropy": -1.000088900581841e-12
    },
    "EPI_ISL_404228": {
      "country": "China",
      "country_confidence": {
        "China": 1.0
      },
      "country_entropy": -1.000088900581841e-12
    },
    "EPI_ISL_406031": {
      "country": "Taiwan",
      "country_confidence": {
        "Taiwan": 1.0
      },
      "country_entropy": -1.000088900581841e-12
    },
    "EPI_ISL_406538": {
      "country": "China",
      "country_confidence": {
        "China": 1.0
      },
      "country_entropy": -1.000088900581841e-12
    },
    "EPI_ISL_406593": {
      "country": "China",
      "country_confidence": {
        "China": 1.0
      },
      "country_entropy": -1.000088900581841e-12
    },
    "EPI_ISL_406594": {
      "country": "China",
      "country_confidence": {
        "China": 1.0
      },
      "country_entropy": -1.000088900581841e-12
    },
    "EPI_ISL_406716": {
      "country": "China",
      "country_confidence": {
        "China": 1.0
      },
      "country_entropy": -1.000088900581841e-12
    },
    "EPI_ISL_406862": {
      "country": "Germany",
      "country_confidence": {
        "Germany": 1.0
      },
      "country_entropy": -1.000088900581841e-12
    },
    "EPI_ISL_406973": {
      "country": "Singapore",
      "country_confidence": {
        "Singapore": 1.0
      },
      "country_entropy": -1.000088900581841e-12
    },
    "EPI_ISL_407079": {
      "country": "Finland",
      "country_confidence": {
        "Finland": 1.0
      },
      "country_entropy": -1.000088900581841e-12
    },
    "EPI_ISL_407193": {
      "country": "South Korea",
      "country_confidence": {
        "South Korea": 1.0
      },
      "country_entropy": -1.000088900581841e-12
    },
    "EPI_ISL_407976": {
      "country": "Belgium",
      "country_confidence": {
        "Belgium": 1.0
      },
      "country_entropy": -1.000088900581841e-12
    },
    "EPI_ISL_407987": {
      "country": "Singapore",
      "country_confidence": {
        "Singapore": 1.0
      },
      "country_entropy": -1.000088900581841e-12
    },
    "EPI_ISL_407988": {
      "country": "Singapore",
      "country_confidence": {
        "Singapore": 1.0
      },
      "country_entropy": -1.000088900581841e-12
    },
    "EPI_ISL_408430": {
      "country": "France",
      "country_confidence": {
        "France": 1.0
      },
      "country_entropy": -1.000088900581841e-12
    },
    "EPI_ISL_408479": {
      "country": "China",
      "country_confidence": {
        "China": 1.0
      },
      "country_entropy": -1.000088900581841e-12
    },
    "EPI_ISL_408480": {
      "country": "China",
      "country_confidence": {
        "China": 1.0
      },
      "country_entropy": -1.000088900581841e-12
    },
    "EPI_ISL_408486": {
      "country": "China",
      "country_confidence": {
        "China": 1.0
      },
      "country_entropy": -1.000088900581841e-12
    },
    "EPI_ISL_408489": {
      "country": "Taiwan",
      "country_confidence": {
        "Taiwan": 1.0
      },
      "country_entropy": -1.000088900581841e-12
    },
    "EPI_ISL_408514": {
      "country": "China",
      "country_confidence": {
        "China": 1.0
      },
      "country_entropy": -1.000088900581841e-12
    },
    "EPI_ISL_408515": {
      "country": "China",
      "country_confidence": {
        "China": 1.0
      },
      "country_entropy": -1.000088900581841e-12
    },
    "EPI_ISL_408665": {
      "country": "Japan",
      "country_confidence": {
        "Japan": 1.0
      },
      "country_entropy": -1.000088900581841e-12
    },
    "EPI_ISL_408666": {
      "country": "Japan",
      "country_confidence": {
        "Japan": 0.9999999999999999
      },
      "country_entropy": -9.99866855976916e-13
    },
    "EPI_ISL_408667": {
      "country": "Japan",
      "country_confidence": {
        "Japan": 1.0
      },
      "country_entropy": -1.000088900581841e-12
    },
    "EPI_ISL_408669": {
      "country": "Japan",
      "country_confidence": {
        "Japan": 1.0
      },
      "country_entropy": -1.000088900581841e-12
    },
    "EPI_ISL_410218": {
      "country": "Taiwan",
      "country_confidence": {
        "Taiwan": 1.0
      },
      "country_entropy": -1.000088900581841e-12
    },
    "EPI_ISL_410531": {
      "country": "Japan",
      "country_confidence": {
