{
  "generated_by": {
    "program": "augur",
    "version": "7.0.2"
  },
  "models": {
    "country": {
      "alphabet": [
        "Argentina",
        "Australia",
        "Austria",
        "Bangladesh",
        "Belgium",
        "Bosnia and Herzegovina",
        "Brazil",
        "Canada",
        "Chile",
        "China",
        "Colombia",
        "Czech Republic",
        "Democratic Republic of the Congo",
        "Denmark",
        "Finland",
        "France",
        "Georgia",
        "Germany",
        "Greece",
        "Hong Kong",
        "Hungary",
        "Iceland",
        "India",
        "Israel",
        "Italy",
        "Japan",
        "Jordan",
        "Kazakhstan",
        "Latvia",
        "Luxembourg",
        "Malaysia",
        "Mexico",
        "Morocco",
        "Netherlands",
        "New Zealand",
        "Nigeria",
        "Norway",
        "Oman",
        "Poland",
        "Portugal",
        "Romania",
        "Russia",
        "Saudi Arabia",
        "Senegal",
        "Singapore",
        "South Africa",
        "South Korea",
        "Spain",
        "Sweden",
        "Switzerland",
        "Taiwan",
        "Thailand",
        "Turkey",
        "USA",
        "Uganda",
        "United Arab Emirates",
        "United Kingdom",
        "Uruguay",
        "Vietnam",
        "?"
      ],
      "equilibrium_probabilities": [
        0.018653161417017245,
        0.017112278643838134,
        0.018085564873142963,
        0.01829443933723375,
        0.013361426306769562,
        0.017799232953000916,
        0.017520798970988332,
        0.018086797469180883,
        0.018599351336012107,
        0.010361989269708069,
        0.017753979997702053,
        0.0182135491189905,
        0.017084308679386356,
        0.01678270155921372,
        0.01825390082342658,
        0.01066033300677918,
        0.018343439425131815,
        0.016814012468590735,
        0.01801916215405434,
        0.015886877272650632,
        0.016043619269500584,
        0.018138968881688596,
        0.01787878067147479,
        0.016320342519003033,
        0.01410626590687119,
        0.01655715065247902,
        0.019049550890580795,
        0.01846986405768856,
        0.01844520932198323,
        0.017310615883610124,
        0.015830859068346494,
        0.0183751816824004,
        0.01796981679194042,
        0.01510262085050765,
        0.017280571266817896,
        0.018423677539226607,
        0.016207139878927867,
        0.01758156364600973,
        0.017631669956336565,
        0.017936803473376638,
        0.018364519371750977,
        0.01697719554218571,
        0.016645298976505515,
        0.018055549859331266,
        0.01619776091269483,
        0.01807632903425337,
        0.01585213427290525,
        0.014819119395236545,
        0.018472953920722807,
        0.015111212583213669,
        0.016004642313762224,
        0.015904839379841915,
        0.018776472042689025,
        0.014632759560803003,
        0.018573676671034805,
        0.01605962107316279,
        0.016921092110575263,
        0.018665444271669385,
        0.015541801416073706
      ],
      "rate": 327.2792050193559,
      "transition_matrix": [
        [
          0.0,
          1.0791637333056734,
          0.7831854415469436,
          0.7824458805659483,
          1.5377187719145968,
          0.7802817770026859,
          1.8979906167632083,
          1.1737644600694797,
          0.7852006465521786,
          0.7856627549710493,
          0.7849010902699144,
          0.785442566101866,
          0.7769803663215957,
          0.7841066000934295,
          0.8003012484517591,
          0.8013972939728402,
          0.7791106439639666,
          0.9455676423936186,
          0.7821808554610206,
          0.777375729488459,
          1.4616143519082199,
          0.7816387331862961,
          0.8094512021508101,
          1.5624914459361263,
          0.8176804876126924,
          0.81636351130514,
          0.781537870313885,
          0.776392035186898,
          0.7816893272155152,
          0.7809062095734659,
          0.7767925977699239,
          0.7805071709079823,
          0.8145190621840758,
          1.1700747085679912,
          0.7832379588512405,
          0.7752510916446315,
          0.7828378478709611,
          0.7851454442546406,
          0.7901894408612042,
          0.994907261373215,
          0.8395217693426538,
          1.8817452181021765,
          0.8124154149728088,
          0.7766806612484584,
          0.7921606341020693,
          0.8966459013746568,
          0.7749858502276968,
          2.4512606499718403,
          1.2584145454611855,
          1.2866592831336818,
          0.8654566609390411,
          0.7774613164455975,
          0.7793867463524585,
          1.1849891826735695,
          0.7780636556207566,
          0.7976676559016077,
          0.8802622508078597,
          1.02284174327766,
          0.8522647982426494
        ],
        [
          1.0791637333056734,
          0.0,
          1.2605232712587335,
          1.179881970575649,
          1.854468034705404,
          1.3681492858615596,
          0.7959149962269452,
          1.3510695668323252,
          1.0658838262781498,
          5.033633916975857,
          1.0808387844693033,
          0.7997166316301515,
          0.7856589497964392,
          1.036547888524697,
          0.7885982588383794,
          1.7698459656963075,
          0.9046495945556295,
          0.8460906115377441,
          0.8197358220932796,
          1.1781199706644465,
          0.7899483769139762,
          0.8160820874127029,
          1.2495767922690462,
          0.7947936817800657,
          1.647134460467734,
          1.9466472686552445,
          1.0157754303340276,
          0.7887546019304172,
          1.035306818634381,
          0.8098850695568395,
          1.428148252105741,
          0.9795905031144292,
          0.9995037663033415,
          0.9198197630908899,
          0.8379985792977888,
          0.7813561255825324,
          1.3360664273409681,
          2.72479606912309,
          1.1284572715855372,
          0.8723909595378775,
          1.083365814960071,
          1.069547675023469,
          1.8869411756977676,
          1.0202379957644223,
          1.2787481102674854,
          0.7993235396130863,
          0.7900016703488435,
          1.877102428484221,
          0.8948254745905275,
          1.2233223977118197,
          1.1830577616736255,
          1.238572951495998,
          1.1190034377878957,
          2.635165765916097,
          1.0300141172892874,
          1.669810236457641,
          1.4881566566585593,
          0.7896531622383735,
          1.6880808416307445
        ],
        [
          0.7831854415469436,
          1.2605232712587335,
          0.0,
          1.1483329936027176,
          1.339937018558316,
          0.7874093655619178,
          0.8526353168749837,
          0.8002203572139904,
          0.7857000420248305,
          1.173127258908055,
          0.9679558073751681,
          0.793699615435462,
          0.7836383089638866,
          1.086222500296459,
          1.2110281426888374,
          1.4032839730357276,
          0.8591754461121202,
          1.4803304768900059,
          0.7979836363794541,
          0.7806166325250675,
          1.1687532756215568,
          1.3173365101801455,
          1.177149067543334,
          0.798062511240652,
          0.9976608878750354,
          0.7948750397673191,
          0.923214721931013,
          0.7783593950959691,
          0.785062995324174,
          1.0535321959139279,
          0.7830558617860975,
          1.0979687372082074,
          0.7840347593252662,
          3.9074196629256384,
          0.9407585486621725,
          0.7783587937094638,
          1.4180979048377327,
          1.2445164601392573,
          1.0964545196308342,
          0.808003074115567,
          0.7798018408955705,
          0.9637312020673447,
          1.2530109124494393,
          0.7809965488967903,
          1.009538244983599,
          0.7814795599879053,
          0.7778073857574633,
          1.1829831878398167,
          0.8034861052496278,
          0.8412713020275806,
          0.788879846725126,
          0.7825921112499741,
          0.7826836580131726,
          1.208475191080751,
          1.1503552004016215,
          0.7980514288362653,
          0.8686675289553295,
          0.7834852144416692,
          0.804196709368091
        ],
        [
          0.7824458805659483,
          1.179881970575649,
          1.1483329936027176,
          0.0,
          2.047726061376076,
          0.7797430985667173,
          0.7777479108911135,
          0.77958314990866,
          0.9094122434578814,
          0.7819724528064661,
          0.7823109454884476,
          0.7830741002173053,
          0.7763377645347573,
          0.7826306456415943,
          0.7777822293784935,
          0.786688104830349,
          0.7778377613374139,
          1.238139343934445,
          0.8585092590179706,
          0.7763093232421338,
          1.1639491714778583,
          0.7795817075254933,
          0.8453148273345376,
          0.7775032260662418,
          0.8557382732598344,
          0.9979490424154409,
          0.7798142740870847,
          0.7751675780747321,
          1.061267725411651,
          0.7803193500417434,
          0.7758982327918874,
          0.7778609644474013,
          0.781125520403142,
          0.7863820890964855,
          0.7865901837256046,
          0.7749154875547277,
          0.7819571902149115,
          0.7795602251882024,
          0.8709497770748522,
          0.9269994120303527,
          0.777863197013799,
          1.3069395416669556,
          1.4951853341687489,
          0.7758232135619099,
          0.7851664056388938,
          0.7827063266778538,
          0.7743163445718778,
          0.7833661449131752,
          0.945201741504948,
          0.8822070579770336,
          0.8309859281064793,
          0.776868053288146,
          0.7785925275011834,
          0.8360802642741378,
          0.7768221353724812,
          0.7826569523956332,
          0.9737159437797747,
          0.7762669365249665,
          0.8500985933410876
        ],
        [
          1.5377187719145968,
          1.854468034705404,
          1.339937018558316,
          2.047726061376076,
          0.0,
          1.1351801615436254,
          1.2756738165673471,
          0.9786271857962336,
          1.417450261519128,
          0.9310284821254645,
          1.0860917606481424,
          1.5571917506259778,
          2.1153150778019985,
          1.2749836225081081,
          1.1744642197042416,
          3.9137031293433404,
          0.9818931042694642,
          2.2214433422378503,
          0.8390419644229187,
          0.7823321018287638,
          2.540561593728322,
          0.8952788617687232,
          1.8506979509748327,
          0.9598002002934879,
          3.3035147006407266,
          0.8562117780529831,
          0.9784763374017864,
          1.2564821827688486,
          0.7931800326658573,
          1.3376181493684152,
          0.7812475174541554,
          1.183985870131336,
          1.079616287233732,
          2.981207198468871,
          0.8255880951101046,
          0.7789159893023455,
          1.0042992589442885,
          0.9165133366619281,
          3.547688171918252,
          1.5698266355358732,
          0.8315139484592273,
          1.0984724996162107,
          1.0723710271209317,
          0.7827239356856984,
          0.8189051182740605,
          1.4047358364778555,
          0.7785077293468573,
          1.3463067772678092,
          2.322050693788168,
          2.6711417730689004,
          1.7724310073851723,
          0.7838357510586397,
          1.7520279545758193,
          2.148659217738959,
          1.1792574165948555,
          0.9597866121393731,
          2.169153324457978,
          0.7824965937811653,
          1.4734125567763714
        ],
        [
          0.7802817770026859,
          1.3681492858615596,
          0.7874093655619178,
          0.7797430985667173,
          1.1351801615436254,
          0.0,
          0.7803773398920096,
          0.7813513098744224,
          0.7822863038543457,
          0.8661697942199967,
          0.7832743844779948,
          1.367204541987336,
          1.6296343485770184,
          0.7847943705068553,
          0.7800884047463834,
          1.0925027122449296,
          0.7802921667918714,
          0.8075600718150462,
          0.7845151716816541,
          0.7791150161398459,
          0.7809384742954878,
          0.9268856594858325,
          1.478917860434447,
          0.779178601167022,
          1.6408315122309414,
          0.7845924852313765,
          0.7823048983751322,
          0.7767116521698721,
          0.7904222747211876,
          0.8918954539217271,
          0.7792188384049247,
          0.7800487107194385,
          1.1493312962261861,
          1.1856762801052005,
          0.7950167378206798,
          0.7760224283064147,
          1.1736467336636403,
          1.1778253752786658,
          0.9429164451383476,
          1.17396876751723,
          0.7871655319237895,
          0.9896913444298984,
          0.7831000460606212,
          0.7784955066126313,
          0.7884451744448245,
          0.782672045482343,
          0.776340017723649,
          0.7855626757025842,
          1.4732034658570854,
          1.701001382333725,
          0.7867664141216357,
          0.7800166616422276,
          0.7810518725032349,
          0.7863332199688521,
          1.2469409689397928,
          0.784488924728843,
          0.8066515934159869,
          0.782711580222904,
          0.9820873367640143
        ],
        [
          1.8979906167632083,
          0.7959149962269452,
          0.8526353168749837,
          0.7777479108911135,
          1.2756738165673471,
          0.7803773398920096,
          0.0,
          0.8303916955861294,
          2.750565742792262,
          0.786267369002958,
          0.8110898964799239,
          1.0096340195785531,
          0.7776141546339111,
          0.7839224250130175,
          0.7784810907343266,
          1.4208304301445156,
          0.784020707373217,
          0.7885546042848173,
          0.9415944046623551,
          0.7776892857595156,
          0.7788794186321248,
          1.0455106728429642,
          0.8035997017185315,
          0.7798007993020879,
          1.6320815038466152,
          0.7958808034664219,
          0.7829300280129806,
          0.7755289370057725,
          0.779511977768986,
          0.7939807942108831,
          0.7762407513006041,
          0.7819572597821245,
          0.7807985523773812,
          1.7175022909443787,
          1.0971290269019973,
          0.7757486330872337,
          0.9811524984289883,
          0.7975633155328565,
          0.7911658804977814,
          1.17578689056233,
          1.1175635749016832,
          0.7933048617014795,
          1.40395300913949,
          0.7769820870265075,
          0.7805326529433595,
          0.7787257502336807,
          0.7749813634248134,
          1.108537379849352,
          0.7836855507321939,
          1.0295903734538148,
          0.7821929724086306,
          0.7781837178318396,
          1.1483092800696844,
          1.4434288390002068,
          0.7771759454376878,
          0.7809223724027485,
          1.807019980705152,
          1.169064105891788,
          1.0141708260990372
        ],
        [
          1.1737644600694797,
          1.3510695668323252,
          0.8002203572139904,
          0.77958314990866,
          0.9786271857962336,
          0.7813513098744224,
          0.8303916955861294,
          0.0,
          0.7922278249773074,
          1.143901704404244,
          1.9983831022868483,
          0.7821806173018169,
          1.5309694876358064,
          1.4045121422437976,
          0.7837009182203836,
          1.8326876064850275,
          0.7810062458083878,
          2.125000401631558,
          1.1375947744517885,
          0.8666834751872688,
          0.7794126148030609,
          0.7842922902559281,
          0.7825801510981956,
          1.6159279829677635,
          1.0321574437999397,
          0.9971272184403306,
          0.7848993095945771,
          0.7767640319275179,
          0.8943694149757336,
          0.8110712085202174,
          0.7805696737761609,
          0.7832514155188591,
          0.7922130148454071,
          1.0721953547046428,
          0.9154798195023192,
          0.8345782625144625,
          1.070709636191031,
          0.8915448177459545,
          0.7919159977082544,
          0.7835270024739619,
          0.7789031313080952,
          0.7937331437411045,
          0.7864502626813081,
          0.7784410369187733,
          0.7979474903885954,
          0.7794313680214007,
          0.7773941270582252,
          0.7856800756611209,
          0.8866782259006973,
          0.8298376551612918,
          1.1384299401573377,
          0.7825538621726521,
          0.78100842515097,
          4.382577053795866,
          0.7796425478367334,
          1.044298809923432,
          0.9414980448197927,
          0.7785142255481156,
          0.9074139430788056
        ],
        [
          0.7852006465521786,
          1.0658838262781498,
          0.7857000420248305,
          0.9094122434578814,
          1.417450261519128,
          0.7822863038543457,
          2.750565742792262,
          0.7922278249773074,
          0.0,
          1.2000077082591616,
          1.12198575539457,
          0.7841499435550832,
          0.8002534577161934,
          0.7865349752448798,
          0.8013720908702365,
          2.046079968119396,
          1.173172850032285,
          1.4248817999628658,
          1.2416897092944077,
          0.7857370238001046,
          1.3538396752820632,
          0.7898078857176295,
          1.1735331610630797,
          0.781828075937652,
          1.079673913207587,
          1.081806283947384,
          0.8211887672873955,
          0.7769713624719042,
          0.7811376569054641,
          0.9956115793807434,
          0.7780643400926132,
          0.8278215842611476,
          0.7893143462799039,
          0.8132337578494735,
          1.0571281519626254,
          0.7766791834224469,
          0.7852278369079146,
          0.8330973626625248,
          0.9002880417487519,
          0.9316302991668423,
          0.7791422641675043,
          0.938731967846333,
          0.8341205197360076,
          0.7783823491768906,
          0.7860982027380027,
          0.7797853552194951,
          0.7884551851393807,
          2.8875279326804826,
          0.7883688638640566,
          0.9914205273150011,
          0.8239405715106053,
          0.7800886340308634,
          0.8385583733963669,
          0.951168652669361,
          0.778452921621644,
          0.7842685252407361,
          1.8770716425936471,
          0.7825876891060799,
          0.7910502047807317
        ],
        [
          0.7856627549710493,
          5.033633916975857,
          1.173127258908055,
          0.7819724528064661,
          0.9310284821254645,
          0.8661697942199967,
          0.786267369002958,
          1.143901704404244,
          1.2000077082591616,
          0.0,
          0.8341243516051128,
          0.7848902904165289,
          0.9085450266704336,
          0.9030051088424286,
          0.8903297040166027,
          1.3447313164445611,
          0.8623985857884587,
          1.0602918649148003,
          0.8278108123843656,
          5.646751714718054,
          0.7831825401227973,
          1.3079595271025188,
          2.0054684959114937,
          1.1749916172071304,
          1.3016970630628875,
          2.816027142153685,
          0.7875446587690733,
          0.7800295578309276,
          1.316342528862274,
          1.1923283405487999,
          3.3970974443822923,
          0.8184484297185358,
          0.7840303578138023,
          1.170776346199368,
          1.5268698913426866,
          0.7790357176606765,
          0.9368333456067595,
          1.8636379894293629,
          0.871865994138976,
          0.7881634744227075,
          0.7829367766264737,
          0.802835453883594,
          1.7101122620371747,
          0.7812388709815418,
          5.437261994248701,
          1.1787991631820331,
          4.394271085740167,
          2.1072960112813512,
          1.2221301383216965,
          0.8064138013993185,
          6.507024171180779,
          5.923202326941584,
          0.870333025441007,
          6.296038283319446,
          0.8131137439686533,
          4.004426530600983,
          1.628598277581963,
          0.7801716526284891,
          1.8297688631320383
        ],
        [
          0.7849010902699144,
          1.0808387844693033,
          0.9679558073751681,
          0.7823109454884476,
          1.0860917606481424,
          0.7832743844779948,
          0.8110898964799239,
          1.9983831022868483,
          1.12198575539457,
          0.8341243516051128,
          0.0,
          0.7850869375404521,
          0.7822789088702531,
          1.9368790133279061,
          1.1987950333238686,
          0.8970205841516656,
          0.7833105094106059,
          0.9916106350994227,
          1.1844533133411168,
          0.7824648638817837,
          1.1680905823916956,
          0.850959443483418,
          0.7924604303561475,
          0.9897907950181152,
          1.216097176206694,
          1.7434322951320855,
          0.921663848917116,
          0.7798303438466109,
          0.7835856812722088,
          0.9298125302575685,
          0.787080183094294,
          0.8871295390093898,
          0.7857829068009627,
          0.8073512074337363,
          0.8833515350932345,
          0.7843050239393798,
          0.8023379695964932,
          0.7865015665738256,
          1.10291410887853,
          1.592224521150056,
          0.781166285601315,
          0.823880170699422,
          0.7856957211811759,
          0.7805900265435282,
          1.4791869679899197,
          0.7820486415343578,
          0.7791976082642278,
          1.9925866061217656,
          1.075317644058785,
          0.8647677091745516,
          0.7906745780359111,
          0.948575084551189,
          0.7821715371446105,
          2.2764462384108413,
          0.7995144808914041,
          0.8575801037406207,
          0.8313178675318658,
          1.0625954415395797,
          1.1030342003582865
        ],
        [
          0.785442566101866,
          0.7997166316301515,
          0.793699615435462,
          0.7830741002173053,
          1.5571917506259778,
          1.367204541987336,
          1.0096340195785531,
          0.7821806173018169,
          0.7841499435550832,
          0.7848902904165289,
          0.7850869375404521,
          0.0,
          0.7790062794973484,
          0.7858602866639499,
          0.7800209671822216,
          1.456169069930963,
          0.7947115986650517,
          1.277823239976173,
          0.8535868529790818,
          0.7782650730816063,
          0.7808009868307255,
          0.7932813054496595,
          1.0564136189497044,
          0.793272527452184,
          2.4600186589678024,
          0.7900579042513897,
          1.3153677610173298,
          0.7774068604493894,
          0.7830965396379989,
          0.8010025644670342,
          0.7775384158350463,
          0.7830501829659374,
          0.8363411666606849,
          1.435298179371114,
          0.783999132420732,
          0.7767079477180698,
          0.7854801710323728,
          0.7959629560633552,
          1.0161155294976003,
          1.4015498188030904,
          0.7789837017840344,
          0.8635329337457551,
          0.8357188919785209,
          0.7780782516911086,
          0.7822772191921522,
          0.7814391845746459,
          0.7760530405101137,
          1.036463635386874,
          1.0906315494759162,
          0.8268572456880459,
          0.8261801079564662,
          0.7787064528017265,
          0.856470875602632,
          0.8062241584642981,
          0.7824335699230436,
          0.7885301442707473,
          1.0199389770348002,
          0.7790526905454548,
          1.0544676182944022
        ],
        [
          0.7769803663215957,
          0.7856589497964392,
          0.7836383089638866,
          0.7763377645347573,
          2.1153150778019985,
          1.6296343485770184,
          0.7776141546339111,
          1.5309694876358064,
          0.8002534577161934,
          0.9085450266704336,
          0.7822789088702531,
          0.7790062794973484,
          0.0,
          0.7829472235234349,
          0.7787007354253653,
          3.2066912056644625,
          0.7777579202789089,
          0.8794185251558283,
          0.7801656136766628,
          0.7762858848431478,
          1.0206898848836399,
          0.7972515849771995,
          0.7830208327078013,
          1.1325538792706256,
          0.797731727783891,
          0.790571100477317,
          0.778948902146985,
          0.7751755613703644,
          0.7783668903698132,
          3.1793372314732586,
          0.8166105190561591,
          0.7910511995864111,
          0.7789096262601913,
          0.7837546512684552,
          0.7973824307703868,
          0.77447071560423,
          1.142508763417043,
          0.7789110196897195,
          1.048791386148864,
          0.9197082382754806,
          0.7765340981721222,
          0.7851912681080776,
          0.7808755429364725,
          0.7768182502660999,
          0.8006499333143126,
          0.7770915219353524,
          0.7742950436990255,
          0.7826999520784228,
          0.7823248867623073,
          1.2541034583406436,
          0.781300218698368,
          0.7772062522069071,
          0.7818733668139937,
          0.8084423789681243,
          0.776185666290159,
          0.7797113939288641,
          1.0532725353435315,
          0.7754151202455101,
          0.7836161753182745
        ],
        [
          0.7841066000934295,
          1.036547888524697,
          1.086222500296459,
          0.7826306456415943,
          1.2749836225081081,
          0.7847943705068553,
          0.7839224250130175,
          1.4045121422437976,
          0.7865349752448798,
          0.9030051088424286,
          1.9368790133279061,
          0.7858602866639499,
          0.7829472235234349,
          0.0,
          1.6823879868873057,
          2.219228753764794,
          0.7833361264614446,
          1.102602140217099,
          0.7888132521441388,
          0.7814603106694987,
          1.1721467695005903,
          0.7982180033392157,
          0.7867095589552238,
          1.4078999563888464,
          1.3268970358859142,
          0.8359605804192028,
          0.9891501673788458,
          0.7788720945329767,
          1.0083832988305548,
          0.8497606818563423,
          1.046586927183861,
          0.7849002829625145,
          0.7865568036737319,
          1.1363614265282298,
          1.4078408006799394,
          0.7788716347713969,
          1.2586917165713436,
          0.7869509292794317,
          0.8066745764598907,
          0.7867040079080838,
          0.7814774582423774,
          1.041190711722557,
          0.783694262379794,
          0.7812953894870763,
          0.9711023879507199,
          0.7822871366657452,
          0.7785230220296231,
          0.7897705857702211,
          2.117230815353003,
          1.0871555902591095,
          0.8859784545057967,
          0.785022146549504,
          0.7828718042871444,
          2.3503576592634885,
          0.7819467640391574,
          0.9268223577675756,
          1.04315463648502,
          0.7806541427228406,
          1.0005315275184985
        ],
        [
          0.8003012484517591,
          0.7885982588383794,
          1.2110281426888374,
          0.7777822293784935,
          1.1744642197042416,
          0.7800884047463834,
          0.7784810907343266,
          0.7837009182203836,
          0.8013720908702365,
          0.8903297040166027,
          1.1987950333238686,
          0.7800209671822216,
          0.7787007354253653,
          1.6823879868873057,
          0.0,
          1.3689456841143206,
          0.7780107944061733,
          0.8867631962166185,
          0.7948758908488402,
          0.7955014663891216,
          0.7786675373249989,
          0.8756773869119784,
          1.4275887817874584,
          0.7807984821268906,
          0.8016480628606022,
          0.7842127166237919,
          0.7816584000459552,
          0.7755458205484682,
          0.7796109124425001,
          1.2798575222138422,
          0.7781576502885265,
          0.7789501383882674,
          0.8907734793903505,
          0.7829384861698565,
          0.7822748885105978,
          0.775558739600126,
          0.7816099543564152,
          0.7795520048361765,
          0.7872492014786685,
          0.7805096571569834,
          0.7770301704776447,
          1.143620280149685,
          0.961137682243418,
          0.7769298149610941,
          0.7954096564031334,
          0.7784712563300251,
          0.7752949469385078,
          0.8260220978077247,
          1.1729801597553833,
          1.001593998051239,
          0.7825217576343747,
          1.0573128463577843,
          0.7788951674234161,
          1.1486401690876347,
          0.7769717906859139,
          0.7839650419057482,
          1.5426765607481316,
          0.7768937829290556,
          0.7872291842103172
        ],
        [
          0.8013972939728402,
          1.7698459656963075,
          1.4032839730357276,
          0.786688104830349,
          3.9137031293433404,
          1.0925027122449296,
          1.4208304301445156,
          1.8326876064850275,
          2.046079968119396,
          1.3447313164445611,
          0.8970205841516656,
          1.456169069930963,
          3.2066912056644625,
          2.219228753764794,
          1.3689456841143206,
          0.0,
          1.2009594081494235,
          1.5882459023665911,
          0.8100116667377907,
          0.8353720019470862,
          1.8531820533738341,
          1.2061399139246154,
          0.8206526347044307,
          4.05362629849165,
          2.2100497499010605,
          0.9785983447947335,
          0.8873635305612249,
          0.78348434844738,
          1.5796610189726181,
          3.3020912834702814,
          0.7878259301562337,
          0.8222969171367622,
          2.6150073180516324,
          1.536419228952655,
          1.1910662168321267,
          1.1748652106528608,
          2.591093935946953,
          0.8103516739952843,
          1.6916469941253762,
          1.2626452708985776,
          0.7954944919000322,
          1.0500036733188887,
          1.156432991101277,
          2.7792558772937954,
          2.150904744949634,
          0.7873647445925905,
          0.781755377915671,
          1.5319794651832368,
          2.3088714938278163,
          4.862958480661308,
          1.6468593309746804,
          1.316120504160333,
          1.5219308566786267,
          6.029815054324792,
          0.793078703492964,
          1.4409949866423268,
          1.6495604608758516,
          0.7819696145332221,
          1.870548781466232
        ],
        [
          0.7791106439639666,
          0.9046495945556295,
          0.8591754461121202,
          0.7778377613374139,
          0.9818931042694642,
          0.7802921667918714,
          0.784020707373217,
          0.7810062458083878,
          1.173172850032285,
          0.8623985857884587,
          0.7833105094106059,
          0.7947115986650517,
          0.7777579202789089,
          0.7833361264614446,
          0.7780107944061733,
          1.2009594081494235,
          0.0,
          0.7911469081325484,
          0.7815920467743616,
          0.7772755365654442,
          0.7788625190832469,
          0.7880790993297807,
          0.7817992565784485,
          1.0146910739853052,
          1.6575211354655586,
          0.7951535086897823,
          0.7812345517235788,
          0.7758262549002051,
          0.7787783762541387,
          0.8626443873606022,
          0.7773508049086492,
          0.7801112025582633,
          0.7787999324404953,
          0.9770585686273552,
          1.044662692092269,
          0.7754694037372459,
          0.7840259751413541,
          1.1704289349421348,
          0.8243336619574662,
          0.8380008083439981,
          0.777694362575263,
          0.8968852493826365,
          1.0759650901413542,
          0.7767136721795584,
          0.7806370497036058,
          0.778366511874259,
          0.7750751981450902,
          1.2050423887778312,
          0.7840075063913523,
          1.0541748266719984,
          0.7962290201532503,
          0.7773641377661609,
          0.7799637982245151,
          1.5759788211800485,
          0.7778915513895143,
          1.0999995546374237,
          0.7936196678853356,
          0.7771389565693493,
          0.7849734558203398
        ],
        [
          0.9455676423936186,
          0.8460906115377441,
          1.4803304768900059,
          1.238139343934445,
          2.2214433422378503,
          0.8075600718150462,
          0.7885546042848173,
          2.125000401631558,
          1.4248817999628658,
          1.0602918649148003,
          0.9916106350994227,
          1.277823239976173,
          0.8794185251558283,
          1.102602140217099,
          0.8867631962166185,
          1.5882459023665911,
          0.7911469081325484,
          0.0,
          0.8318508248630992,
          0.7860564913921988,
          0.7874458879416913,
          0.7983262150212563,
          1.1979323724099176,
          1.1961461412105048,
          3.193627607295414,
          1.1071262181327766,
          0.7909976295838024,
          0.780281926870985,
          1.468865367052167,
          1.114581843319077,
          0.7808255494032179,
          0.7869328701313056,
          0.8632776229797164,
          2.712413815808433,
          1.3764759878578754,
          0.7787155487144016,
          1.201343502988338,
          1.025645370924336,
          2.3488351576476836,
          0.796085442828473,
          0.7828606505454057,
          1.3324647841723687,
          0.7883196385144549,
          1.1777801458425683,
          0.7904202583216777,
          1.1700323625210831,
          0.779171538347696,
          0.8607070070687445,
          1.0195804546892981,
          2.667367703090155,
          0.9178498947788228,
          0.7839571867743963,
          0.8646897718686005,
          2.3089945086792953,
          0.7860914073858014,
          1.1648537198880917,
          1.3526611512165205,
          0.7821726411240532,
          1.059349739575818
        ],
        [
          0.7821808554610206,
          0.8197358220932796,
          0.7979836363794541,
          0.8585092590179706,
          0.8390419644229187,
          0.7845151716816541,
          0.9415944046623551,
          1.1375947744517885,
          1.2416897092944077,
          0.8278108123843656,
          1.1844533133411168,
          0.8535868529790818,
          0.7801656136766628,
          0.7888132521441388,
          0.7948758908488402,
          0.8100116667377907,
          0.7815920467743616,
          0.8318508248630992,
          0.0,
          0.7813457721713434,
          0.7836880707816934,
          0.817061499954811,
          1.06913969927938,
          0.7861756813672504,
          1.8734797950682445,
          1.903407622850006,
          1.6536519286025826,
          0.7778395593522477,
          1.026954594240246,
          0.7910080512838766,
          0.8145278087023227,
          0.8626821913098021,
          0.969094275139964,
          0.8891280408138408,
          1.274980555671716,
          1.1684187323853332,
          1.0785287818032097,
          0.8014210658868174,
          1.0886281512651248,
          1.3895937152620823,
          0.7799130368627589,
          1.2622372860744009,
          0.7834392545929896,
          0.7785177748368142,
          1.1444230971858769,
          0.7833271597393706,
          0.779777910471167,
          1.170406859249443,
          1.084146032559598,
          0.8812205275815921,
          0.7956769016590339,
          0.8200740448495183,
          0.7818047288376451,
          0.91655179651858,
          0.7807760445914426,
          0.786825261981103,
          3.4381005970493543,
          0.7807193406227178,
          1.0105570641253112
        ],
        [
          0.777375729488459,
          1.1781199706644465,
          0.7806166325250675,
          0.7763093232421338,
          0.7823321018287638,
          0.7791150161398459,
          0.7776892857595156,
          0.8666834751872688,
          0.7857370238001046,
          5.646751714718054,
          0.7824648638817837,
          0.7782650730816063,
          0.7762858848431478,
          0.7814603106694987,
          0.7955014663891216,
          0.8353720019470862,
          0.7772755365654442,
          0.7860564913921988,
          0.7813457721713434,
          0.0,
          0.7763849942458126,
          0.7846616267141133,
          1.0251335540191435,
          0.7793374654630264,
          0.7995408337451636,
          1.1761842936810407,
          0.7788616930690282,
          0.7747278597245136,
          1.042640271032091,
          0.7805051800076978,
          0.7847428417444736,
          0.7778946607624099,
          0.7779543063455667,
          0.7831266117215254,
          0.8211752478345893,
          0.7746270451360636,
          0.7812007426640509,
          0.7813741817796586,
          0.9962440856400574,
          0.7818344399311788,
          0.7767079771930044,
          0.7844669620229624,
          0.7805691304952663,
          0.775668789327573,
          0.9143336760454113,
          0.7790131688636057,
          0.8757632438668749,
          0.8619449245429496,
          0.8683268775399448,
          0.7847438198246878,
          0.8971238469574584,
          1.0177982735820552,
          0.7771293737430296,
          1.073437176252652,
          0.7767976565294803,
          1.5562372212523776,
          1.14539439944075,
          0.7757591887082725,
          0.8049403815135947
        ],
        [
          1.4616143519082199,
          0.7899483769139762,
          1.1687532756215568,
          1.1639491714778583,
          2.540561593728322,
          0.7809384742954878,
          0.7788794186321248,
          0.7794126148030609,
          1.3538396752820632,
          0.7831825401227973,
          1.1680905823916956,
          0.7808009868307255,
          1.0206898848836399,
          1.1721467695005903,
          0.7786675373249989,
          1.8531820533738341,
          0.7788625190832469,
          0.7874458879416913,
          0.7836880707816934,
          0.7763849942458126,
          0.0,
          1.1916291748165775,
          0.7809948562677894,
          0.7798430502711435,
          0.883675835787118,
          1.8394646352288915,
          0.866815792383353,
          0.7767483906120239,
          0.7789522215900895,
          0.7942228374637756,
          0.7758332213273585,
          0.861167675728767,
          0.779813201825829,
          0.7852081350727799,
          1.0373982415580616,
          0.774804456734367,
          0.7815147801955868,
          0.7802557563525574,
          1.5846528906285255,
          1.1723102350046513,
          1.0055797936469422,
          1.0430048217765984,
          0.7786782299348306,
          0.7761495337904185,
          0.7805895698524273,
          0.778390781019782,
          0.7747362262366796,
          2.7393434690796945,
          0.7844602405973424,
          1.6419636412795047,
          0.7828037467770571,
