Map from character to field name
A:	Argentina
B:	Australia
C:	Austria
D:	Bangladesh
E:	Belgium
F:	Bosnia and Herzegovina
G:	Brazil
H:	Canada
I:	Chile
J:	China
K:	Colombia
L:	Czech Republic
M:	Democratic Republic of the Congo
N:	Denmark
O:	Finland
P:	France
Q:	Georgia
R:	Germany
S:	Greece
T:	Hong Kong
U:	Hungary
V:	Iceland
W:	India
X:	Israel
Y:	Italy
Z:	Japan
[:	Jordan
\:	Kazakhstan
]:	Latvia
^:	Luxembourg
_:	Malaysia
`:	Mexico
a:	Morocco
b:	Netherlands
c:	New Zealand
d:	Nigeria
e:	Norway
f:	Oman
g:	Poland
h:	Portugal
i:	Romania
j:	Russia
k:	Saudi Arabia
l:	Senegal
m:	Singapore
n:	South Africa
o:	South Korea
p:	Spain
q:	Sweden
r:	Switzerland
s:	Taiwan
t:	Thailand
u:	Turkey
v:	USA
w:	Uganda
x:	United Arab Emirates
y:	United Kingdom
z:	Uruguay
{:	Vietnam
|:	?


Substitution rate (mu): 327.279205

Equilibrium frequencies (pi_i):
  A: 0.0187
  B: 0.0171
  C: 0.0181
  D: 0.0183
  E: 0.0134
  F: 0.0178
  G: 0.0175
  H: 0.0181
  I: 0.0186
  J: 0.0104
  K: 0.0178
  L: 0.0182
  M: 0.0171
  N: 0.0168
  O: 0.0183
  P: 0.0107
  Q: 0.0183
  R: 0.0168
  S: 0.018
  T: 0.0159
  U: 0.016
  V: 0.0181
  W: 0.0179
  X: 0.0163
  Y: 0.0141
  Z: 0.0166
  [: 0.019
  \: 0.0185
  ]: 0.0184
  ^: 0.0173
  _: 0.0158
  `: 0.0184
  a: 0.018
  b: 0.0151
  c: 0.0173
  d: 0.0184
  e: 0.0162
  f: 0.0176
  g: 0.0176
  h: 0.0179
  i: 0.0184
  j: 0.017
  k: 0.0166
  l: 0.0181
  m: 0.0162
  n: 0.0181
  o: 0.0159
  p: 0.0148
  q: 0.0185
  r: 0.0151
  s: 0.016
  t: 0.0159
  u: 0.0188
  v: 0.0146
  w: 0.0186
  x: 0.0161
  y: 0.0169
  z: 0.0187
  {: 0.0155

Symmetrized rates from j->i (W_ij):
	A	B	C	D	E	F	G	H	I	J	K	L	M	N	O	P	Q	R	S	T	U	V	W	X	Y	Z	[	\	]	^	_	`	a	b	c	d	e	f	g	h	i	j	k	l	m	n	o	p	q	r	s	t	u	v	w	x	y	z	{
  A	0	1.0792	0.7832	0.7824	1.5377	0.7803	1.898	1.1738	0.7852	0.7857	0.7849	0.7854	0.777	0.7841	0.8003	0.8014	0.7791	0.9456	0.7822	0.7774	1.4616	0.7816	0.8095	1.5625	0.8177	0.8164	0.7815	0.7764	0.7817	0.7809	0.7768	0.7805	0.8145	1.1701	0.7832	0.7753	0.7828	0.7851	0.7902	0.9949	0.8395	1.8817	0.8124	0.7767	0.7922	0.8966	0.775	2.4513	1.2584	1.2867	0.8655	0.7775	0.7794	1.185	0.7781	0.7977	0.8803	1.0228	0.8523
  B	1.0792	0	1.2605	1.1799	1.8545	1.3681	0.7959	1.3511	1.0659	5.0336	1.0808	0.7997	0.7857	1.0365	0.7886	1.7698	0.9046	0.8461	0.8197	1.1781	0.7899	0.8161	1.2496	0.7948	1.6471	1.9466	1.0158	0.7888	1.0353	0.8099	1.4281	0.9796	0.9995	0.9198	0.838	0.7814	1.3361	2.7248	1.1285	0.8724	1.0834	1.0695	1.8869	1.0202	1.2787	0.7993	0.79	1.8771	0.8948	1.2233	1.1831	1.2386	1.119	2.6352	1.03	1.6698	1.4882	0.7897	1.6881
  C	0.7832	1.2605	0	1.1483	1.3399	0.7874	0.8526	0.8002	0.7857	1.1731	0.968	0.7937	0.7836	1.0862	1.211	1.4033	0.8592	1.4803	0.798	0.7806	1.1688	1.3173	1.1771	0.7981	0.9977	0.7949	0.9232	0.7784	0.7851	1.0535	0.7831	1.098	0.784	3.9074	0.9408	0.7784	1.4181	1.2445	1.0965	0.808	0.7798	0.9637	1.253	0.781	1.0095	0.7815	0.7778	1.183	0.8035	0.8413	0.7889	0.7826	0.7827	1.2085	1.1504	0.7981	0.8687	0.7835	0.8042
  D	0.7824	1.1799	1.1483	0	2.0477	0.7797	0.7777	0.7796	0.9094	0.782	0.7823	0.7831	0.7763	0.7826	0.7778	0.7867	0.7778	1.2381	0.8585	0.7763	1.1639	0.7796	0.8453	0.7775	0.8557	0.9979	0.7798	0.7752	1.0613	0.7803	0.7759	0.7779	0.7811	0.7864	0.7866	0.7749	0.782	0.7796	0.8709	0.927	0.7779	1.3069	1.4952	0.7758	0.7852	0.7827	0.7743	0.7834	0.9452	0.8822	0.831	0.7769	0.7786	0.8361	0.7768	0.7827	0.9737	0.7763	0.8501
  E	1.5377	1.8545	1.3399	2.0477	0	1.1352	1.2757	0.9786	1.4175	0.931	1.0861	1.5572	2.1153	1.275	1.1745	3.9137	0.9819	2.2214	0.839	0.7823	2.5406	0.8953	1.8507	0.9598	3.3035	0.8562	0.9785	1.2565	0.7932	1.3376	0.7812	1.184	1.0796	2.9812	0.8256	0.7789	1.0043	0.9165	3.5477	1.5698	0.8315	1.0985	1.0724	0.7827	0.8189	1.4047	0.7785	1.3463	2.3221	2.6711	1.7724	0.7838	1.752	2.1487	1.1793	0.9598	2.1692	0.7825	1.4734
  F	0.7803	1.3681	0.7874	0.7797	1.1352	0	0.7804	0.7814	0.7823	0.8662	0.7833	1.3672	1.6296	0.7848	0.7801	1.0925	0.7803	0.8076	0.7845	0.7791	0.7809	0.9269	1.4789	0.7792	1.6408	0.7846	0.7823	0.7767	0.7904	0.8919	0.7792	0.78	1.1493	1.1857	0.795	0.776	1.1736	1.1778	0.9429	1.174	0.7872	0.9897	0.7831	0.7785	0.7884	0.7827	0.7763	0.7856	1.4732	1.701	0.7868	0.78	0.7811	0.7863	1.2469	0.7845	0.8067	0.7827	0.9821
  G	1.898	0.7959	0.8526	0.7777	1.2757	0.7804	0	0.8304	2.7506	0.7863	0.8111	1.0096	0.7776	0.7839	0.7785	1.4208	0.784	0.7886	0.9416	0.7777	0.7789	1.0455	0.8036	0.7798	1.6321	0.7959	0.7829	0.7755	0.7795	0.794	0.7762	0.782	0.7808	1.7175	1.0971	0.7757	0.9812	0.7976	0.7912	1.1758	1.1176	0.7933	1.404	0.777	0.7805	0.7787	0.775	1.1085	0.7837	1.0296	0.7822	0.7782	1.1483	1.4434	0.7772	0.7809	1.807	1.1691	1.0142
  H	1.1738	1.3511	0.8002	0.7796	0.9786	0.7814	0.8304	0	0.7922	1.1439	1.9984	0.7822	1.531	1.4045	0.7837	1.8327	0.781	2.125	1.1376	0.8667	0.7794	0.7843	0.7826	1.6159	1.0322	0.9971	0.7849	0.7768	0.8944	0.8111	0.7806	0.7833	0.7922	1.0722	0.9155	0.8346	1.0707	0.8915	0.7919	0.7835	0.7789	0.7937	0.7865	0.7784	0.7979	0.7794	0.7774	0.7857	0.8867	0.8298	1.1384	0.7826	0.781	4.3826	0.7796	1.0443	0.9415	0.7785	0.9074
  I	0.7852	1.0659	0.7857	0.9094	1.4175	0.7823	2.7506	0.7922	0	1.2	1.122	0.7841	0.8003	0.7865	0.8014	2.0461	1.1732	1.4249	1.2417	0.7857	1.3538	0.7898	1.1735	0.7818	1.0797	1.0818	0.8212	0.777	0.7811	0.9956	0.7781	0.8278	0.7893	0.8132	1.0571	0.7767	0.7852	0.8331	0.9003	0.9316	0.7791	0.9387	0.8341	0.7784	0.7861	0.7798	0.7885	2.8875	0.7884	0.9914	0.8239	0.7801	0.8386	0.9512	0.7785	0.7843	1.8771	0.7826	0.7911
  J	0.7857	5.0336	1.1731	0.782	0.931	0.8662	0.7863	1.1439	1.2	0	0.8341	0.7849	0.9085	0.903	0.8903	1.3447	0.8624	1.0603	0.8278	5.6468	0.7832	1.308	2.0055	1.175	1.3017	2.816	0.7875	0.78	1.3163	1.1923	3.3971	0.8184	0.784	1.1708	1.5269	0.779	0.9368	1.8636	0.8719	0.7882	0.7829	0.8028	1.7101	0.7812	5.4373	1.1788	4.3943	2.1073	1.2221	0.8064	6.507	5.9232	0.8703	6.296	0.8131	4.0044	1.6286	0.7802	1.8298
  K	0.7849	1.0808	0.968	0.7823	1.0861	0.7833	0.8111	1.9984	1.122	0.8341	0	0.7851	0.7823	1.9369	1.1988	0.897	0.7833	0.9916	1.1845	0.7825	1.1681	0.851	0.7925	0.9898	1.2161	1.7434	0.9217	0.7798	0.7836	0.9298	0.7871	0.8871	0.7858	0.8074	0.8834	0.7843	0.8023	0.7865	1.1029	1.5922	0.7812	0.8239	0.7857	0.7806	1.4792	0.782	0.7792	1.9926	1.0753	0.8648	0.7907	0.9486	0.7822	2.2764	0.7995	0.8576	0.8313	1.0626	1.103
  L	0.7854	0.7997	0.7937	0.7831	1.5572	1.3672	1.0096	0.7822	0.7841	0.7849	0.7851	0	0.779	0.7859	0.78	1.4562	0.7947	1.2778	0.8536	0.7783	0.7808	0.7933	1.0564	0.7933	2.46	0.7901	1.3154	0.7774	0.7831	0.801	0.7775	0.7831	0.8363	1.4353	0.784	0.7767	0.7855	0.796	1.0161	1.4015	0.779	0.8635	0.8357	0.7781	0.7823	0.7814	0.7761	1.0365	1.0906	0.8269	0.8262	0.7787	0.8565	0.8062	0.7824	0.7885	1.0199	0.7791	1.0545
  M	0.777	0.7857	0.7836	0.7763	2.1153	1.6296	0.7776	1.531	0.8003	0.9085	0.7823	0.779	0	0.7829	0.7787	3.2067	0.7778	0.8794	0.7802	0.7763	1.0207	0.7973	0.783	1.1326	0.7977	0.7906	0.7789	0.7752	0.7784	3.1793	0.8166	0.7911	0.7789	0.7838	0.7974	0.7745	1.1425	0.7789	1.0488	0.9197	0.7765	0.7852	0.7809	0.7768	0.8006	0.7771	0.7743	0.7827	0.7823	1.2541	0.7813	0.7772	0.7819	0.8084	0.7762	0.7797	1.0533	0.7754	0.7836
  N	0.7841	1.0365	1.0862	0.7826	1.275	0.7848	0.7839	1.4045	0.7865	0.903	1.9369	0.7859	0.7829	0	1.6824	2.2192	0.7833	1.1026	0.7888	0.7815	1.1721	0.7982	0.7867	1.4079	1.3269	0.836	0.9892	0.7789	1.0084	0.8498	1.0466	0.7849	0.7866	1.1364	1.4078	0.7789	1.2587	0.787	0.8067	0.7867	0.7815	1.0412	0.7837	0.7813	0.9711	0.7823	0.7785	0.7898	2.1172	1.0872	0.886	0.785	0.7829	2.3504	0.7819	0.9268	1.0432	0.7807	1.0005
  O	0.8003	0.7886	1.211	0.7778	1.1745	0.7801	0.7785	0.7837	0.8014	0.8903	1.1988	0.78	0.7787	1.6824	0	1.3689	0.778	0.8868	0.7949	0.7955	0.7787	0.8757	1.4276	0.7808	0.8016	0.7842	0.7817	0.7755	0.7796	1.2799	0.7782	0.779	0.8908	0.7829	0.7823	0.7756	0.7816	0.7796	0.7872	0.7805	0.777	1.1436	0.9611	0.7769	0.7954	0.7785	0.7753	0.826	1.173	1.0016	0.7825	1.0573	0.7789	1.1486	0.777	0.784	1.5427	0.7769	0.7872
  P	0.8014	1.7698	1.4033	0.7867	3.9137	1.0925	1.4208	1.8327	2.0461	1.3447	0.897	1.4562	3.2067	2.2192	1.3689	0	1.201	1.5882	0.81	0.8354	1.8532	1.2061	0.8207	4.0536	2.21	0.9786	0.8874	0.7835	1.5797	3.3021	0.7878	0.8223	2.615	1.5364	1.1911	1.1749	2.5911	0.8104	1.6916	1.2626	0.7955	1.05	1.1564	2.7793	2.1509	0.7874	0.7818	1.532	2.3089	4.863	1.6469	1.3161	1.5219	6.0298	0.7931	1.441	1.6496	0.782	1.8705
  Q	0.7791	0.9046	0.8592	0.7778	0.9819	0.7803	0.784	0.781	1.1732	0.8624	0.7833	0.7947	0.7778	0.7833	0.778	1.201	0	0.7911	0.7816	0.7773	0.7789	0.7881	0.7818	1.0147	1.6575	0.7952	0.7812	0.7758	0.7788	0.8626	0.7774	0.7801	0.7788	0.9771	1.0447	0.7755	0.784	1.1704	0.8243	0.838	0.7777	0.8969	1.076	0.7767	0.7806	0.7784	0.7751	1.205	0.784	1.0542	0.7962	0.7774	0.78	1.576	0.7779	1.1	0.7936	0.7771	0.785
  R	0.9456	0.8461	1.4803	1.2381	2.2214	0.8076	0.7886	2.125	1.4249	1.0603	0.9916	1.2778	0.8794	1.1026	0.8868	1.5882	0.7911	0	0.8319	0.7861	0.7874	0.7983	1.1979	1.1961	3.1936	1.1071	0.791	0.7803	1.4689	1.1146	0.7808	0.7869	0.8633	2.7124	1.3765	0.7787	1.2013	1.0256	2.3488	0.7961	0.7829	1.3325	0.7883	1.1778	0.7904	1.17	0.7792	0.8607	1.0196	2.6674	0.9178	0.784	0.8647	2.309	0.7861	1.1649	1.3527	0.7822	1.0593
  S	0.7822	0.8197	0.798	0.8585	0.839	0.7845	0.9416	1.1376	1.2417	0.8278	1.1845	0.8536	0.7802	0.7888	0.7949	0.81	0.7816	0.8319	0	0.7813	0.7837	0.8171	1.0691	0.7862	1.8735	1.9034	1.6537	0.7778	1.027	0.791	0.8145	0.8627	0.9691	0.8891	1.275	1.1684	1.0785	0.8014	1.0886	1.3896	0.7799	1.2622	0.7834	0.7785	1.1444	0.7833	0.7798	1.1704	1.0841	0.8812	0.7957	0.8201	0.7818	0.9166	0.7808	0.7868	3.4381	0.7807	1.0106
  T	0.7774	1.1781	0.7806	0.7763	0.7823	0.7791	0.7777	0.8667	0.7857	5.6468	0.7825	0.7783	0.7763	0.7815	0.7955	0.8354	0.7773	0.7861	0.7813	0	0.7764	0.7847	1.0251	0.7793	0.7995	1.1762	0.7789	0.7747	1.0426	0.7805	0.7847	0.7779	0.778	0.7831	0.8212	0.7746	0.7812	0.7814	0.9962	0.7818	0.7767	0.7845	0.7806	0.7757	0.9143	0.779	0.8758	0.8619	0.8683	0.7847	0.8971	1.0178	0.7771	1.0734	0.7768	1.5562	1.1454	0.7758	0.8049
  U	1.4616	0.7899	1.1688	1.1639	2.5406	0.7809	0.7789	0.7794	1.3538	0.7832	1.1681	0.7808	1.0207	1.1721	0.7787	1.8532	0.7789	0.7874	0.7837	0.7764	0	1.1916	0.781	0.7798	0.8837	1.8395	0.8668	0.7767	0.779	0.7942	0.7758	0.8612	0.7798	0.7852	1.0374	0.7748	0.7815	0.7803	1.5847	1.1723	1.0056	1.043	0.7787	0.7761	0.7806	0.7784	0.7747	2.7393	0.7845	1.642	0.7828	0.7767	0.7795	1.1588	0.7766	0.7804	0.9636	0.7773	0.7874
  V	0.7816	0.8161	1.3173	0.7796	0.8953	0.9269	1.0455	0.7843	0.7898	1.308	0.851	0.7933	0.7973	0.7982	0.8757	1.2061	0.7881	0.7983	0.8171	0.7847	1.1916	0	0.8234	0.7825	0.9091	0.7861	0.7842	0.7776	0.7979	0.8135	0.8043	0.9478	0.7828	1.7738	0.934	0.7774	1.3604	0.8302	1.2029	0.7846	0.7796	0.8208	0.782	0.7793	0.7889	0.7846	0.789	0.8816	0.7929	1.2685	0.7898	0.8115	0.7817	1.0776	0.7798	1.0925	1.2701	0.7799	0.8033
  W	0.8095	1.2496	1.1771	0.8453	1.8507	1.4789	0.8036	0.7826	1.1735	2.0055	0.7925	1.0564	0.783	0.7867	1.4276	0.8207	0.7818	1.1979	1.0691	1.0251	0.781	0.8234	0	0.7797	1.9723	1.0988	0.7843	0.778	0.7879	1.3289	1.9242	0.7823	0.8346	0.7928	0.7861	0.7772	1.1488	1.5709	0.87	1.2129	0.7799	0.8825	3.1208	0.7784	3.7026	1.3921	0.7784	1.6607	0.7907	1.0587	1.5848	1.0177	0.9902	0.8058	0.805	0.7888	0.885	0.7792	1.1666
  X	1.5625	0.7948	0.7981	0.7775	0.9598	0.7792	0.7798	1.6159	0.7818	1.175	0.9898	0.7933	1.1326	1.4079	0.7808	4.0536	1.0147	1.1961	0.7862	0.7793	0.7798	0.7825	0.7797	0	0.802	1.2027	1.0515	1.163	0.7798	0.7857	0.7773	1.0553	0.7805	1.654	1.4855	0.7758	0.795	0.7803	0.9985	1.0318	0.7768	0.7874	0.779	0.7779	0.7875	0.7779	0.7753	0.7835	0.8028	0.8558	0.7845	0.7795	0.7787	2.2117	0.7771	0.7942	0.7991	0.7771	0.8071
  Y	0.8177	1.6471	0.9977	0.8557	3.3035	1.6408	1.6321	1.0322	1.0797	1.3017	1.2161	2.46	0.7977	1.3269	0.8016	2.21	1.6575	3.1936	1.8735	0.7995	0.8837	0.9091	1.9723	0.802	0	2.0537	0.8385	0.7985	1.0194	3.1958	0.7863	1.3176	0.9255	3.4713	0.9445	0.7834	2.4954	1.1256	2.0648	1.8268	1.0043	3.3365	0.8507	0.7973	0.8048	1.2062	0.7828	1.1668	1.4079	2.6643	1.374	0.7888	0.8648	0.839	1.3096	1.0277	2.6832	0.8971	1.7204
  Z	0.8164	1.9466	0.7949	0.9979	0.8562	0.7846	0.7959	0.9971	1.0818	2.816	1.7434	0.7901	0.7906	0.836	0.7842	0.9786	0.7952	1.1071	1.9034	1.1762	1.8395	0.7861	1.0988	1.2027	2.0537	0	0.9902	0.7778	0.7848	0.7999	1.1916	0.7884	0.8379	1.198	0.9441	0.7769	0.7862	0.7853	1.3483	1.28	0.7809	1.2967	0.7847	0.7786	1.4727	0.7832	0.7903	1.0699	0.7966	2.6115	0.993	0.7878	0.7811	0.8589	0.7802	0.8352	0.9014	0.7795	1.1064
  [	0.7815	1.0158	0.9232	0.7798	0.9785	0.7823	0.7829	0.7849	0.8212	0.7875	0.9217	1.3154	0.7789	0.9892	0.7817	0.8874	0.7812	0.791	1.6537	0.7789	0.8668	0.7842	0.7843	1.0515	0.8385	0.9902	0	0.7782	0.7816	0.7864	0.7784	0.7992	1.0814	1.2601	1.3476	0.7856	1.0209	1.2036	1.1872	1.6371	0.779	0.843	1.197	0.7782	0.7838	0.7798	0.778	1.0639	0.8454	1.1068	0.7836	0.7806	0.782	1.1372	0.7809	0.7839	1.1627	0.8769	1.3656
  \	0.7764	0.7888	0.7784	0.7752	1.2565	0.7767	0.7755	0.7768	0.777	0.78	0.7798	0.7774	0.7752	0.7789	0.7755	0.7835	0.7758	0.7803	0.7778	0.7747	0.7767	0.7776	0.778	1.163	0.7985	0.7778	0.7782	0	0.776	0.7775	0.7745	0.7769	0.7765	0.7788	0.7778	0.7736	0.997	1.1646	0.7833	0.7778	0.7754	0.7834	0.7764	1.0986	0.7773	0.8587	0.7733	2.9145	0.7805	0.8317	0.8752	0.7749	0.7757	0.779	0.7752	0.7781	0.8235	0.7754	0.7803
  ]	0.7817	1.0353	0.7851	1.0613	0.7932	0.7904	0.7795	0.8944	0.7811	1.3163	0.7836	0.7831	0.7784	1.0084	0.7796	1.5797	0.7788	1.4689	1.027	1.0426	0.779	0.7979	0.7879	0.7798	1.0194	0.7848	0.7816	0.776	0	0.7922	0.7783	0.7796	0.8212	0.786	0.7842	0.7762	1.1499	0.7815	1.0276	0.7842	1.0449	0.9484	1.0235	0.7772	0.7895	0.7863	0.7761	0.7836	1.0235	1.707	0.8964	0.7797	1.1731	0.7866	0.7801	0.7981	1.3509	0.7773	1.0461
  ^	0.7809	0.8099	1.0535	0.7803	1.3376	0.8919	0.794	0.8111	0.9956	1.1923	0.9298	0.801	3.1793	0.8498	1.2799	3.3021	0.8626	1.1146	0.791	0.7805	0.7942	0.8135	1.3289	0.7857	3.1958	0.7999	0.7864	0.7775	0.7922	0	0.8214	0.8225	0.7836	0.7966	0.8729	0.7784	0.8529	0.8283	1.0437	1.6309	0.7897	0.9017	0.7915	1.0145	0.8102	0.7825	0.7775	1.1232	0.9072	2.0535	0.7892	0.7822	0.9586	1.2769	0.7841	0.8886	1.1432	0.7793	0.7917
  _	0.7768	1.4281	0.7831	0.7759	0.7812	0.7792	0.7762	0.7806	0.7781	3.3971	0.7871	0.7775	0.8166	1.0466	0.7782	0.7878	0.7774	0.7808	0.8145	0.7847	0.7758	0.8043	1.9242	0.7773	0.7863	1.1916	0.7784	0.7745	0.7783	0.8214	0	0.804	0.7767	0.7784	0.8502	0.7749	0.8157	0.779	0.7827	0.779	0.7762	0.7841	1.5372	0.7755	3.6248	0.7997	0.7767	0.7811	0.7858	0.7831	1.0865	1.6541	0.7768	1.3525	0.7775	0.7824	0.7936	0.7755	0.7836
  `	0.7805	0.9796	1.098	0.7779	1.184	0.78	0.782	0.7833	0.8278	0.8184	0.8871	0.7831	0.7911	0.7849	0.779	0.8223	0.7801	0.7869	0.8627	0.7779	0.8612	0.9478	0.7823	1.0553	1.3176	0.7884	0.7992	0.7769	0.7796	0.8225	0.804	0	0.7797	0.883	0.7831	0.7762	0.819	0.787	0.8736	0.8223	0.778	0.9855	0.7833	0.7769	0.7833	0.7795	0.7759	1.7785	0.7843	0.7975	1.5098	0.8068	0.7821	1.4533	0.7783	0.7833	1.4467	1.4739	0.7891
  a	0.8145	0.9995	0.784	0.7811	1.0796	1.1493	0.7808	0.7922	0.7893	0.784	0.7858	0.8363	0.7789	0.7866	0.8908	2.615	0.7788	0.8633	0.9691	0.778	0.7798	0.7828	0.8346	0.7805	0.9255	0.8379	1.0814	0.7765	0.8212	0.7836	0.7767	0.7797	0	1.0782	0.7832	0.7762	0.7843	0.785	0.7913	0.7847	0.7781	0.9649	0.7838	0.7782	0.7826	0.7795	0.7754	0.8831	0.9616	1.6117	0.7839	0.7786	0.7802	0.7904	0.7924	1.1604	1.3521	0.7777	1.8342
  b	1.1701	0.9198	3.9074	0.7864	2.9812	1.1857	1.7175	1.0722	0.8132	1.1708	0.8074	1.4353	0.7838	1.1364	0.7829	1.5364	0.9771	2.7124	0.8891	0.7831	0.7852	1.7738	0.7928	1.654	3.4713	1.198	1.2601	0.7788	0.786	0.7966	0.7784	0.883	1.0782	0	2.1471	0.7772	1.168	1.3458	1.0323	1.1981	0.7808	0.9234	0.7845	1.5527	0.7871	0.7828	0.7803	1.1237	0.8125	2.2285	1.1881	0.8167	0.7843	1.2463	0.7819	0.8059	1.3403	0.7832	0.9936
  c	0.7832	0.838	0.9408	0.7866	0.8256	0.795	1.0971	0.9155	1.0571	1.5269	0.8834	0.784	0.7974	1.4078	0.7823	1.1911	1.0447	1.3765	1.275	0.8212	1.0374	0.934	0.7861	1.4855	0.9445	0.9441	1.3476	0.7778	0.7842	0.8729	0.8502	0.7831	0.7832	2.1471	0	0.7774	1.3015	0.8352	0.794	0.8372	0.7817	0.8538	0.8	0.7786	1.1061	0.7809	1.157	1.1824	0.8026	1.6794	0.7963	1.1474	0.7815	1.6473	0.78	1.1534	2.0249	0.7804	1.1701
  d	0.7753	0.7814	0.7784	0.7749	0.7789	0.776	0.7757	0.8346	0.7767	0.779	0.7843	0.7767	0.7745	0.7789	0.7756	1.1749	0.7755	0.7787	1.1684	0.7746	0.7748	0.7774	0.7772	0.7758	0.7834	0.7769	0.7856	0.7736	0.7762	0.7784	0.7749	0.7762	0.7762	0.7772	0.7774	0	0.7775	0.7764	0.7806	0.7773	0.7746	0.7821	1.4414	1.0234	0.7774	0.7755	0.7733	0.7776	0.7786	0.7817	0.7779	0.7752	0.7768	1.5036	0.7752	0.7774	1.1816	0.7746	0.7803
  e	0.7828	1.3361	1.4181	0.782	1.0043	1.1736	0.9812	1.0707	0.7852	0.9368	0.8023	0.7855	1.1425	1.2587	0.7816	2.5911	0.784	1.2013	1.0785	0.7812	0.7815	1.3604	1.1488	0.795	2.4954	0.7862	1.0209	0.997	1.1499	0.8529	0.8157	0.819	0.7843	1.168	1.3015	0.7775	0	0.9266	1.0788	0.7852	0.781	1.3111	0.8015	0.7792	0.7879	0.7816	0.7785	0.7915	1.4507	0.9022	1.141	0.8209	0.783	0.8938	0.7807	0.9381	1.1994	0.7796	1.0684
  f	0.7851	2.7248	1.2445	0.7796	0.9165	1.1778	0.7976	0.8915	0.8331	1.8636	0.7865	0.796	0.7789	0.787	0.7796	0.8104	1.1704	1.0256	0.8014	0.7814	0.7803	0.8302	1.5709	0.7803	1.1256	0.7853	1.2036	1.1646	0.7815	0.8283	0.779	0.787	0.785	1.3458	0.8352	0.7764	0.9266	0	0.8888	0.8352	0.7795	0.9294	0.8545	0.7788	0.7841	0.784	0.7778	1.1826	1.2595	0.922	0.8062	0.7814	1.5825	0.9814	1.1815	1.6519	1.2829	1.493	1.1875
  g	0.7902	1.1285	1.0965	0.8709	3.5477	0.9429	0.7912	0.7919	0.9003	0.8719	1.1029	1.0161	1.0488	0.8067	0.7872	1.6916	0.8243	2.3488	1.0886	0.9962	1.5847	1.2029	0.87	0.9985	2.0648	1.3483	1.1872	0.7833	1.0276	1.0437	0.7827	0.8736	0.7913	1.0323	0.794	0.7806	1.0788	0.8888	0	1.5688	0.7836	0.8643	0.845	0.7826	0.7928	1.1151	0.78	1.4593	0.8508	0.9877	0.8196	1.1793	0.7884	0.9966	0.7855	1.3437	2.5064	0.7841	1.2447
  h	0.9949	0.8724	0.808	0.927	1.5698	1.174	1.1758	0.7835	0.9316	0.7882	1.5922	1.4015	0.9197	0.7867	0.7805	1.2626	0.838	0.7961	1.3896	0.7818	1.1723	0.7846	1.2129	1.0318	1.8268	1.28	1.6371	0.7778	0.7842	1.6309	0.779	0.8223	0.7847	1.1981	0.8372	0.7773	0.7852	0.8352	1.5688	0	0.7789	0.8325	0.7871	0.7785	1.4901	0.7819	0.7764	1.4414	0.7888	0.8343	0.8366	0.7805	1.2219	0.8098	0.8006	0.7866	1.2701	0.7799	1.2296
  i	0.8395	1.0834	0.7798	0.7779	0.8315	0.7872	1.1176	0.7789	0.7791	0.7829	0.7812	0.779	0.7765	0.7815	0.777	0.7955	0.7777	0.7829	0.7799	0.7767	1.0056	0.7796	0.7799	0.7768	1.0043	0.7809	0.779	0.7754	1.0449	0.7897	0.7762	0.778	0.7781	0.7808	0.7817	0.7746	0.781	0.7795	0.7836	0.7789	0	0.8019	0.8088	0.7762	0.7892	0.7872	0.7744	1.0098	1.0866	2.199	0.8622	0.7767	0.7784	0.7955	0.7788	0.781	0.7886	0.7762	0.7868
  j	1.8817	1.0695	0.9637	1.3069	1.0985	0.9897	0.7933	0.7937	0.9387	0.8028	0.8239	0.8635	0.7852	1.0412	1.1436	1.05	0.8969	1.3325	1.2622	0.7845	1.043	0.8208	0.8825	0.7874	3.3365	1.2967	0.843	0.7834	0.9484	0.9017	0.7841	0.9855	0.9649	0.9234	0.8538	0.7821	1.3111	0.9294	0.8643	0.8325	0.8019	0	1.2982	0.7844	0.8656	1.1713	0.7808	1.1518	1.6415	1.8485	1.2949	0.7849	0.7967	1.4208	1.0529	1.3217	1.4847	1.0198	2.8073
  k	0.8124	1.8869	1.253	1.4952	1.0724	0.7831	1.404	0.7865	0.8341	1.7101	0.7857	0.8357	0.7809	0.7837	0.9611	1.1564	1.076	0.7883	0.7834	0.7806	0.7787	0.782	3.1208	0.779	0.8507	0.7847	1.197	0.7764	1.0235	0.7915	1.5372	0.7833	0.7838	0.7845	0.8	1.4414	0.8015	0.8545	0.845	0.7871	0.8088	1.2982	0	1.0093	0.7872	0.7804	0.7765	0.787	0.787	0.7941	0.8845	0.7819	2.8636	0.8898	0.7864	0.7868	0.8176	0.7778	1.1124
  l	0.7767	1.0202	0.781	0.7758	0.7827	0.7785	0.777	0.7784	0.7784	0.7812	0.7806	0.7781	0.7768	0.7813	0.7769	2.7793	0.7767	1.1778	0.7785	0.7757	0.7761	0.7793	0.7784	0.7779	0.7973	0.7786	0.7782	1.0986	0.7772	1.0145	0.7755	0.7769	0.7782	1.5527	0.7786	1.0234	0.7792	0.7788	0.7826	0.7785	0.7762	0.7844	1.0093	0	0.7792	0.7765	0.7738	0.8785	1.1733	0.9891	0.7801	0.7765	0.7779	1.1533	1.0353	0.7795	0.7858	0.7753	0.7823
  m	0.7922	1.2787	1.0095	0.7852	0.8189	0.7884	0.7805	0.7979	0.7861	5.4373	1.4792	0.7823	0.8006	0.9711	0.7954	2.1509	0.7806	0.7904	1.1444	0.9143	0.7806	0.7889	3.7026	0.7875	0.8048	1.4727	0.7838	0.7773	0.7895	0.8102	3.6248	0.7833	0.7826	0.7871	1.1061	0.7774	0.7879	0.7841	0.7928	1.4901	0.7892	0.8656	0.7872	0.7792	0	1.1755	0.9543	0.8199	0.8029	0.8313	1.6127	1.522	0.7809	1.1977	1.4369	0.7907	1.856	0.7785	0.8405
  n	0.8966	0.7993	0.7815	0.7827	1.4047	0.7827	0.7787	0.7794	0.7798	1.1788	0.782	0.7814	0.7771	0.7823	0.7785	0.7874	0.7784	1.17	0.7833	0.779	0.7784	0.7846	1.3921	0.7779	1.2062	0.7832	0.7798	0.8587	0.7863	0.7825	0.7997	0.7795	0.7795	0.7828	0.7809	0.7755	0.7816	0.784	1.1151	0.7819	0.7872	1.1713	0.7804	0.7765	1.1755	0	0.7756	0.7843	0.7959	0.9047	0.979	0.7785	0.7787	0.7897	1.0291	0.7866	0.9813	0.8702	0.8674
  o	0.775	0.79	0.7778	0.7743	0.7785	0.7763	0.775	0.7774	0.7885	4.3943	0.7792	0.7761	0.7743	0.7785	0.7753	0.7818	0.7751	0.7792	0.7798	0.8758	0.7747	0.789	0.7784	0.7753	0.7828	0.7903	0.778	0.7733	0.7761	0.7775	0.7767	0.7759	0.7754	0.7803	1.157	0.7733	0.7785	0.7778	0.78	0.7764	0.7744	0.7808	0.7765	0.7738	0.9543	0.7756	0	1.1625	0.7787	0.7808	0.8229	0.7848	0.7748	1.2823	0.7748	0.7954	0.8205	0.7743	0.782
  p	2.4513	1.8771	1.183	0.7834	1.3463	0.7856	1.1085	0.7857	2.8875	2.1073	1.9926	1.0365	0.7827	0.7898	0.826	1.532	1.205	0.8607	1.1704	0.8619	2.7393	0.8816	1.6607	0.7835	1.1668	1.0699	1.0639	2.9145	0.7836	1.1232	0.7811	1.7785	0.8831	1.1237	1.1824	0.7776	0.7915	1.1826	1.4593	1.4414	1.0098	1.1518	0.787	0.8785	0.8199	0.7843	1.1625	0	1.331	1.8632	0.8374	0.7843	0.7833	0.8078	0.7807	0.9388	2.0081	0.8834	0.7962
  q	1.2584	0.8948	0.8035	0.9452	2.3221	1.4732	0.7837	0.8867	0.7884	1.2221	1.0753	1.0906	0.7823	2.1172	1.173	2.3089	0.784	1.0196	1.0841	0.8683	0.7845	0.7929	0.7907	0.8028	1.4079	0.7966	0.8454	0.7805	1.0235	0.9072	0.7858	0.7843	0.9616	0.8125	0.8026	0.7786	1.4507	1.2595	0.8508	0.7888	1.0866	1.6415	0.787	1.1733	0.8029	0.7959	0.7787	1.331	0	1.6556	1.3453	1.196	1.1793	1.0816	0.7826	1.9103	0.8333	0.782	1.188
  r	1.2867	1.2233	0.8413	0.8822	2.6711	1.701	1.0296	0.8298	0.9914	0.8064	0.8648	0.8269	1.2541	1.0872	1.0016	4.863	1.0542	2.6674	0.8812	0.7847	1.642	1.2685	1.0587	0.8558	2.6643	2.6115	1.1068	0.8317	1.707	2.0535	0.7831	0.7975	1.6117	2.2285	1.6794	0.7817	0.9022	0.922	0.9877	0.8343	2.199	1.8485	0.7941	0.9891	0.8313	0.9047	0.7808	1.8632	1.6556	0	1.3177	0.7867	2.2885	1.7952	0.7875	0.8407	3.9378	0.7851	2.0292
  s	0.8655	1.1831	0.7889	0.831	1.7724	0.7868	0.7822	1.1384	0.8239	6.507	0.7907	0.8262	0.7813	0.886	0.7825	1.6469	0.7962	0.9178	0.7957	0.8971	0.7828	0.7898	1.5848	0.7845	1.374	0.993	0.7836	0.8752	0.8964	0.7892	1.0865	1.5098	0.7839	1.1881	0.7963	0.7779	1.141	0.8062	0.8196	0.8366	0.8622	1.2949	0.8845	0.7801	1.6127	0.979	0.8229	0.8374	1.3453	1.3177	0	0.805	1.0664	1.8728	0.7823	2.1082	0.8569	0.8764	0.8149
  t	0.7775	1.2386	0.7826	0.7769	0.7838	0.78	0.7782	0.7826	0.7801	5.9232	0.9486	0.7787	0.7772	0.785	1.0573	1.3161	0.7774	0.784	0.8201	1.0178	0.7767	0.8115	1.0177	0.7795	0.7888	0.7878	0.7806	0.7749	0.7797	0.7822	1.6541	0.8068	0.7786	0.8167	1.1474	0.7752	0.8209	0.7814	1.1793	0.7805	0.7767	0.7849	0.7819	0.7765	1.522	0.7785	0.7848	0.7843	1.196	0.7867	0.805	0	0.7778	1.0225	0.7774	1.1265	0.9015	0.7763	0.7847
  u	0.7794	1.119	0.7827	0.7786	1.752	0.7811	1.1483	0.781	0.8386	0.8703	0.7822	0.8565	0.7819	0.7829	0.7789	1.5219	0.78	0.8647	0.7818	0.7771	0.7795	0.7817	0.9902	0.7787	0.8648	0.7811	0.782	0.7757	1.1731	0.9586	0.7768	0.7821	0.7802	0.7843	0.7815	0.7768	0.783	1.5825	0.7884	1.2219	0.7784	0.7967	2.8636	0.7779	0.7809	0.7787	0.7748	0.7833	1.1793	2.2885	1.0664	0.7778	0	0.7894	0.7771	1.2179	0.8475	0.777	0.9056
  v	1.185	2.6352	1.2085	0.8361	2.1487	0.7863	1.4434	4.3826	0.9512	6.296	2.2764	0.8062	0.8084	2.3504	1.1486	6.0298	1.576	2.309	0.9166	1.0734	1.1588	1.0776	0.8058	2.2117	0.839	0.8589	1.1372	0.779	0.7866	1.2769	1.3525	1.4533	0.7904	1.2463	1.6473	1.5036	0.8938	0.9814	0.9966	0.8098	0.7955	1.4208	0.8898	1.1533	1.1977	0.7897	1.2823	0.8078	1.0816	1.7952	1.8728	1.0225	0.7894	0	1.0167	1.1622	0.9807	0.785	0.8307
  w	0.7781	1.03	1.1504	0.7768	1.1793	1.2469	0.7772	0.7796	0.7785	0.8131	0.7995	0.7824	0.7762	0.7819	0.777	0.7931	0.7779	0.7861	0.7808	0.7768	0.7766	0.7798	0.805	0.7771	1.3096	0.7802	0.7809	0.7752	0.7801	0.7841	0.7775	0.7783	0.7924	0.7819	0.78	0.7752	0.7807	1.1815	0.7855	0.8006	0.7788	1.0529	0.7864	1.0353	1.4369	1.0291	0.7748	0.7807	0.7826	0.7875	0.7823	0.7774	0.7771	1.0167	0	1.1721	1.1786	0.7769	0.7843
  x	0.7977	1.6698	0.7981	0.7827	0.9598	0.7845	0.7809	1.0443	0.7843	4.0044	0.8576	0.7885	0.7797	0.9268	0.784	1.441	1.1	1.1649	0.7868	1.5562	0.7804	1.0925	0.7888	0.7942	1.0277	0.8352	0.7839	0.7781	0.7981	0.8886	0.7824	0.7833	1.1604	0.8059	1.1534	0.7774	0.9381	1.6519	1.3437	0.7866	0.781	1.3217	0.7868	0.7795	0.7907	0.7866	0.7954	0.9388	1.9103	0.8407	2.1082	1.1265	1.2179	1.1622	1.1721	0	1.1093	0.8187	0.8235
  y	0.8803	1.4882	0.8687	0.9737	2.1692	0.8067	1.807	0.9415	1.8771	1.6286	0.8313	1.0199	1.0533	1.0432	1.5427	1.6496	0.7936	1.3527	3.4381	1.1454	0.9636	1.2701	0.885	0.7991	2.6832	0.9014	1.1627	0.8235	1.3509	1.1432	0.7936	1.4467	1.3521	1.3403	2.0249	1.1816	1.1994	1.2829	2.5064	1.2701	0.7886	1.4847	0.8176	0.7858	1.856	0.9813	0.8205	2.0081	0.8333	3.9378	0.8569	0.9015	0.8475	0.9807	1.1786	1.1093	0	1.1734	1.9135
  z	1.0228	0.7897	0.7835	0.7763	0.7825	0.7827	1.1691	0.7785	0.7826	0.7802	1.0626	0.7791	0.7754	0.7807	0.7769	0.782	0.7771	0.7822	0.7807	0.7758	0.7773	0.7799	0.7792	0.7771	0.8971	0.7795	0.8769	0.7754	0.7773	0.7793	0.7755	1.4739	0.7777	0.7832	0.7804	0.7746	0.7796	1.493	0.7841	0.7799	0.7762	1.0198	0.7778	0.7753	0.7785	0.8702	0.7743	0.8834	0.782	0.7851	0.8764	0.7763	0.777	0.785	0.7769	0.8187	1.1734	0	0.7832
  {	0.8523	1.6881	0.8042	0.8501	1.4734	0.9821	1.0142	0.9074	0.7911	1.8298	1.103	1.0545	0.7836	1.0005	0.7872	1.8705	0.785	1.0593	1.0106	0.8049	0.7874	0.8033	1.1666	0.8071	1.7204	1.1064	1.3656	0.7803	1.0461	0.7917	0.7836	0.7891	1.8342	0.9936	1.1701	0.7803	1.0684	1.1875	1.2447	1.2296	0.7868	2.8073	1.1124	0.7823	0.8405	0.8674	0.782	0.7962	1.188	2.0292	0.8149	0.7847	0.9056	0.8307	0.7843	0.8235	1.9135	0.7832	0

Actual rates from j->i (Q_ij):
	A	B	C	D	E	F	G	H	I	J	K	L	M	N	O	P	Q	R	S	T	U	V	W	X	Y	Z	[	\	]	^	_	`	a	b	c	d	e	f	g	h	i	j	k	l	m	n	o	p	q	r	s	t	u	v	w	x	y	z	{
  A	0	0.0201	0.0146	0.0146	0.0287	0.0146	0.0354	0.0219	0.0146	0.0147	0.0146	0.0147	0.0145	0.0146	0.0149	0.0149	0.0145	0.0176	0.0146	0.0145	0.0273	0.0146	0.0151	0.0291	0.0153	0.0152	0.0146	0.0145	0.0146	0.0146	0.0145	0.0146	0.0152	0.0218	0.0146	0.0145	0.0146	0.0146	0.0147	0.0186	0.0157	0.0351	0.0152	0.0145	0.0148	0.0167	0.0145	0.0457	0.0235	0.024	0.0161	0.0145	0.0145	0.0221	0.0145	0.0149	0.0164	0.0191	0.0159
  B	0.0185	0	0.0216	0.0202	0.0317	0.0234	0.0136	0.0231	0.0182	0.0861	0.0185	0.0137	0.0134	0.0177	0.0135	0.0303	0.0155	0.0145	0.014	0.0202	0.0135	0.014	0.0214	0.0136	0.0282	0.0333	0.0174	0.0135	0.0177	0.0139	0.0244	0.0168	0.0171	0.0157	0.0143	0.0134	0.0229	0.0466	0.0193	0.0149	0.0185	0.0183	0.0323	0.0175	0.0219	0.0137	0.0135	0.0321	0.0153	0.0209	0.0202	0.0212	0.0191	0.0451	0.0176	0.0286	0.0255	0.0135	0.0289
  C	0.0142	0.0228	0	0.0208	0.0242	0.0142	0.0154	0.0145	0.0142	0.0212	0.0175	0.0144	0.0142	0.0196	0.0219	0.0254	0.0155	0.0268	0.0144	0.0141	0.0211	0.0238	0.0213	0.0144	0.018	0.0144	0.0167	0.0141	0.0142	0.0191	0.0142	0.0199	0.0142	0.0707	0.017	0.0141	0.0256	0.0225	0.0198	0.0146	0.0141	0.0174	0.0227	0.0141	0.0183	0.0141	0.0141	0.0214	0.0145	0.0152	0.0143	0.0142	0.0142	0.0219	0.0208	0.0144	0.0157	0.0142	0.0145
  D	0.0143	0.0216	0.021	0	0.0375	0.0143	0.0142	0.0143	0.0166	0.0143	0.0143	0.0143	0.0142	0.0143	0.0142	0.0144	0.0142	0.0227	0.0157	0.0142	0.0213	0.0143	0.0155	0.0142	0.0157	0.0183	0.0143	0.0142	0.0194	0.0143	0.0142	0.0142	0.0143	0.0144	0.0144	0.0142	0.0143	0.0143	0.0159	0.017	0.0142	0.0239	0.0274	0.0142	0.0144	0.0143	0.0142	0.0143	0.0173	0.0161	0.0152	0.0142	0.0142	0.0153	0.0142	0.0143	0.0178	0.0142	0.0156
  E	0.0205	0.0248	0.0179	0.0274	0	0.0152	0.017	0.0131	0.0189	0.0124	0.0145	0.0208	0.0283	0.017	0.0157	0.0523	0.0131	0.0297	0.0112	0.0105	0.0339	0.012	0.0247	0.0128	0.0441	0.0114	0.0131	0.0168	0.0106	0.0179	0.0104	0.0158	0.0144	0.0398	0.011	0.0104	0.0134	0.0122	0.0474	0.021	0.0111	0.0147	0.0143	0.0105	0.0109	0.0188	0.0104	0.018	0.031	0.0357	0.0237	0.0105	0.0234	0.0287	0.0158	0.0128	0.029	0.0105	0.0197
  F	0.0139	0.0244	0.014	0.0139	0.0202	0	0.0139	0.0139	0.0139	0.0154	0.0139	0.0243	0.029	0.014	0.0139	0.0194	0.0139	0.0144	0.014	0.0139	0.0139	0.0165	0.0263	0.0139	0.0292	0.014	0.0139	0.0138	0.0141	0.0159	0.0139	0.0139	0.0205	0.0211	0.0142	0.0138	0.0209	0.021	0.0168	0.0209	0.014	0.0176	0.0139	0.0139	0.014	0.0139	0.0138	0.014	0.0262	0.0303	0.014	0.0139	0.0139	0.014	0.0222	0.014	0.0144	0.0139	0.0175
  G	0.0333	0.0139	0.0149	0.0136	0.0224	0.0137	0	0.0145	0.0482	0.0138	0.0142	0.0177	0.0136	0.0137	0.0136	0.0249	0.0137	0.0138	0.0165	0.0136	0.0136	0.0183	0.0141	0.0137	0.0286	0.0139	0.0137	0.0136	0.0137	0.0139	0.0136	0.0137	0.0137	0.0301	0.0192	0.0136	0.0172	0.014	0.0139	0.0206	0.0196	0.0139	0.0246	0.0136	0.0137	0.0136	0.0136	0.0194	0.0137	0.018	0.0137	0.0136	0.0201	0.0253	0.0136	0.0137	0.0317	0.0205	0.0178
  H	0.0212	0.0244	0.0145	0.0141	0.0177	0.0141	0.015	0	0.0143	0.0207	0.0361	0.0141	0.0277	0.0254	0.0142	0.0331	0.0141	0.0384	0.0206	0.0157	0.0141	0.0142	0.0142	0.0292	0.0187	0.018	0.0142	0.014	0.0162	0.0147	0.0141	0.0142	0.0143	0.0194	0.0166	0.0151	0.0194	0.0161	0.0143	0.0142	0.0141	0.0144	0.0142	0.0141	0.0144	0.0141	0.0141	0.0142	0.016	0.015	0.0206	0.0142	0.0141	0.0793	0.0141	0.0189	0.017	0.0141	0.0164
  I	0.0146	0.0198	0.0146	0.0169	0.0264	0.0146	0.0512	0.0147	0	0.0223	0.0209	0.0146	0.0149	0.0146	0.0149	0.0381	0.0218	0.0265	0.0231	0.0146	0.0252	0.0147	0.0218	0.0145	0.0201	0.0201	0.0153	0.0145	0.0145	0.0185	0.0145	0.0154	0.0147	0.0151	0.0197	0.0144	0.0146	0.0155	0.0167	0.0173	0.0145	0.0175	0.0155	0.0145	0.0146	0.0145	0.0147	0.0537	0.0147	0.0184	0.0153	0.0145	0.0156	0.0177	0.0145	0.0146	0.0349	0.0146	0.0147
  J	0.0081	0.0522	0.0122	0.0081	0.0096	0.009	0.0081	0.0119	0.0124	0	0.0086	0.0081	0.0094	0.0094	0.0092	0.0139	0.0089	0.011	0.0086	0.0585	0.0081	0.0136	0.0208	0.0122	0.0135	0.0292	0.0082	0.0081	0.0136	0.0124	0.0352	0.0085	0.0081	0.0121	0.0158	0.0081	0.0097	0.0193	0.009	0.0082	0.0081	0.0083	0.0177	0.0081	0.0563	0.0122	0.0455	0.0218	0.0127	0.0084	0.0674	0.0614	0.009	0.0652	0.0084	0.0415	0.0169	0.0081	0.019
  K	0.0139	0.0192	0.0172	0.0139	0.0193	0.0139	0.0144	0.0355	0.0199	0.0148	0	0.0139	0.0139	0.0344	0.0213	0.0159	0.0139	0.0176	0.021	0.0139	0.0207	0.0151	0.0141	0.0176	0.0216	0.031	0.0164	0.0138	0.0139	0.0165	0.014	0.0158	0.014	0.0143	0.0157	0.0139	0.0142	0.014	0.0196	0.0283	0.0139	0.0146	0.0139	0.0139	0.0263	0.0139	0.0138	0.0354	0.0191	0.0154	0.014	0.0168	0.0139	0.0404	0.0142	0.0152	0.0148	0.0189	0.0196
  L	0.0143	0.0146	0.0145	0.0143	0.0284	0.0249	0.0184	0.0142	0.0143	0.0143	0.0143	0	0.0142	0.0143	0.0142	0.0265	0.0145	0.0233	0.0155	0.0142	0.0142	0.0144	0.0192	0.0144	0.0448	0.0144	0.024	0.0142	0.0143	0.0146	0.0142	0.0143	0.0152	0.0261	0.0143	0.0141	0.0143	0.0145	0.0185	0.0255	0.0142	0.0157	0.0152	0.0142	0.0142	0.0142	0.0141	0.0189	0.0199	0.0151	0.015	0.0142	0.0156	0.0147	0.0143	0.0144	0.0186	0.0142	0.0192
  M	0.0133	0.0134	0.0134	0.0133	0.0361	0.0278	0.0133	0.0262	0.0137	0.0155	0.0134	0.0133	0	0.0134	0.0133	0.0548	0.0133	0.015	0.0133	0.0133	0.0174	0.0136	0.0134	0.0193	0.0136	0.0135	0.0133	0.0132	0.0133	0.0543	0.014	0.0135	0.0133	0.0134	0.0136	0.0132	0.0195	0.0133	0.0179	0.0157	0.0133	0.0134	0.0133	0.0133	0.0137	0.0133	0.0132	0.0134	0.0134	0.0214	0.0133	0.0133	0.0134	0.0138	0.0133	0.0133	0.018	0.0132	0.0134
  N	0.0132	0.0174	0.0182	0.0131	0.0214	0.0132	0.0132	0.0236	0.0132	0.0152	0.0325	0.0132	0.0131	0	0.0282	0.0372	0.0131	0.0185	0.0132	0.0131	0.0197	0.0134	0.0132	0.0236	0.0223	0.014	0.0166	0.0131	0.0169	0.0143	0.0176	0.0132	0.0132	0.0191	0.0236	0.0131	0.0211	0.0132	0.0135	0.0132	0.0131	0.0175	0.0132	0.0131	0.0163	0.0131	0.0131	0.0133	0.0355	0.0182	0.0149	0.0132	0.0131	0.0394	0.0131	0.0156	0.0175	0.0131	0.0168
  O	0.0146	0.0144	0.0221	0.0142	0.0214	0.0142	0.0142	0.0143	0.0146	0.0163	0.0219	0.0142	0.0142	0.0307	0	0.025	0.0142	0.0162	0.0145	0.0145	0.0142	0.016	0.0261	0.0143	0.0146	0.0143	0.0143	0.0142	0.0142	0.0234	0.0142	0.0142	0.0163	0.0143	0.0143	0.0142	0.0143	0.0142	0.0144	0.0142	0.0142	0.0209	0.0175	0.0142	0.0145	0.0142	0.0142	0.0151	0.0214	0.0183	0.0143	0.0193	0.0142	0.021	0.0142	0.0143	0.0282	0.0142	0.0144
  P	0.0085	0.0189	0.015	0.0084	0.0417	0.0116	0.0151	0.0195	0.0218	0.0143	0.0096	0.0155	0.0342	0.0237	0.0146	0	0.0128	0.0169	0.0086	0.0089	0.0198	0.0129	0.0087	0.0432	0.0236	0.0104	0.0095	0.0084	0.0168	0.0352	0.0084	0.0088	0.0279	0.0164	0.0127	0.0125	0.0276	0.0086	0.018	0.0135	0.0085	0.0112	0.0123	0.0296	0.0229	0.0084	0.0083	0.0163	0.0246	0.0518	0.0176	0.014	0.0162	0.0643	0.0085	0.0154	0.0176	0.0083	0.0199
  Q	0.0143	0.0166	0.0158	0.0143	0.018	0.0143	0.0144	0.0143	0.0215	0.0158	0.0144	0.0146	0.0143	0.0144	0.0143	0.022	0	0.0145	0.0143	0.0143	0.0143	0.0145	0.0143	0.0186	0.0304	0.0146	0.0143	0.0142	0.0143	0.0158	0.0143	0.0143	0.0143	0.0179	0.0192	0.0142	0.0144	0.0215	0.0151	0.0154	0.0143	0.0165	0.0197	0.0142	0.0143	0.0143	0.0142	0.0221	0.0144	0.0193	0.0146	0.0143	0.0143	0.0289	0.0143	0.0202	0.0146	0.0143	0.0144
  R	0.0159	0.0142	0.0249	0.0208	0.0374	0.0136	0.0133	0.0357	0.024	0.0178	0.0167	0.0215	0.0148	0.0185	0.0149	0.0267	0.0133	0	0.014	0.0132	0.0132	0.0134	0.0201	0.0201	0.0537	0.0186	0.0133	0.0131	0.0247	0.0187	0.0131	0.0132	0.0145	0.0456	0.0231	0.0131	0.0202	0.0172	0.0395	0.0134	0.0132	0.0224	0.0133	0.0198	0.0133	0.0197	0.0131	0.0145	0.0171	0.0448	0.0154	0.0132	0.0145	0.0388	0.0132	0.0196	0.0227	0.0132	0.0178
  S	0.0141	0.0148	0.0144	0.0155	0.0151	0.0141	0.017	0.0205	0.0224	0.0149	0.0213	0.0154	0.0141	0.0142	0.0143	0.0146	0.0141	0.015	0	0.0141	0.0141	0.0147	0.0193	0.0142	0.0338	0.0343	0.0298	0.014	0.0185	0.0143	0.0147	0.0155	0.0175	0.016	0.023	0.0211	0.0194	0.0144	0.0196	0.025	0.0141	0.0227	0.0141	0.014	0.0206	0.0141	0.0141	0.0211	0.0195	0.0159	0.0143	0.0148	0.0141	0.0165	0.0141	0.0142	0.062	0.0141	0.0182
  T	0.0124	0.0187	0.0124	0.0123	0.0124	0.0124	0.0124	0.0138	0.0125	0.0897	0.0124	0.0124	0.0123	0.0124	0.0126	0.0133	0.0123	0.0125	0.0124	0	0.0123	0.0125	0.0163	0.0124	0.0127	0.0187	0.0124	0.0123	0.0166	0.0124	0.0125	0.0124	0.0124	0.0124	0.013	0.0123	0.0124	0.0124	0.0158	0.0124	0.0123	0.0125	0.0124	0.0123	0.0145	0.0124	0.0139	0.0137	0.0138	0.0125	0.0143	0.0162	0.0123	0.0171	0.0123	0.0247	0.0182	0.0123	0.0128
  U	0.0234	0.0127	0.0188	0.0187	0.0408	0.0125	0.0125	0.0125	0.0217	0.0126	0.0187	0.0125	0.0164	0.0188	0.0125	0.0297	0.0125	0.0126	0.0126	0.0125	0	0.0191	0.0125	0.0125	0.0142	0.0295	0.0139	0.0125	0.0125	0.0127	0.0124	0.0138	0.0125	0.0126	0.0166	0.0124	0.0125	0.0125	0.0254	0.0188	0.0161	0.0167	0.0125	0.0125	0.0125	0.0125	0.0124	0.0439	0.0126	0.0263	0.0126	0.0125	0.0125	0.0186	0.0125	0.0125	0.0155	0.0125	0.0126
  V	0.0142	0.0148	0.0239	0.0141	0.0162	0.0168	0.019	0.0142	0.0143	0.0237	0.0154	0.0144	0.0145	0.0145	0.0159	0.0219	0.0143	0.0145	0.0148	0.0142	0.0216	0	0.0149	0.0142	0.0165	0.0143	0.0142	0.0141	0.0145	0.0148	0.0146	0.0172	0.0142	0.0322	0.0169	0.0141	0.0247	0.0151	0.0218	0.0142	0.0141	0.0149	0.0142	0.0141	0.0143	0.0142	0.0143	0.016	0.0144	0.023	0.0143	0.0147	0.0142	0.0195	0.0141	0.0198	0.023	0.0141	0.0146
  W	0.0145	0.0223	0.021	0.0151	0.0331	0.0264	0.0144	0.014	0.021	0.0359	0.0142	0.0189	0.014	0.0141	0.0255	0.0147	0.014	0.0214	0.0191	0.0183	0.014	0.0147	0	0.0139	0.0353	0.0196	0.014	0.0139	0.0141	0.0238	0.0344	0.014	0.0149	0.0142	0.0141	0.0139	0.0205	0.0281	0.0156	0.0217	0.0139	0.0158	0.0558	0.0139	0.0662	0.0249	0.0139	0.0297	0.0141	0.0189	0.0283	0.0182	0.0177	0.0144	0.0144	0.0141	0.0158	0.0139	0.0209
  X	0.0255	0.013	0.013	0.0127	0.0157	0.0127	0.0127	0.0264	0.0128	0.0192	0.0162	0.0129	0.0185	0.023	0.0127	0.0662	0.0166	0.0195	0.0128	0.0127	0.0127	0.0128	0.0127	0	0.0131	0.0196	0.0172	0.019	0.0127	0.0128	0.0127	0.0172	0.0127	0.027	0.0242	0.0127	0.013	0.0127	0.0163	0.0168	0.0127	0.0129	0.0127	0.0127	0.0129	0.0127	0.0127	0.0128	0.0131	0.014	0.0128	0.0127	0.0127	0.0361	0.0127	0.013	0.013	0.0127	0.0132
  Y	0.0115	0.0232	0.0141	0.0121	0.0466	0.0231	0.023	0.0146	0.0152	0.0184	0.0172	0.0347	0.0113	0.0187	0.0113	0.0312	0.0234	0.0451	0.0264	0.0113	0.0125	0.0128	0.0278	0.0113	0	0.029	0.0118	0.0113	0.0144	0.0451	0.0111	0.0186	0.0131	0.049	0.0133	0.0111	0.0352	0.0159	0.0291	0.0258	0.0142	0.0471	0.012	0.0112	0.0114	0.017	0.011	0.0165	0.0199	0.0376	0.0194	0.0111	0.0122	0.0118	0.0185	0.0145	0.0379	0.0127	0.0243
  Z	0.0135	0.0322	0.0132	0.0165	0.0142	0.013	0.0132	0.0165	0.0179	0.0466	0.0289	0.0131	0.0131	0.0138	0.013	0.0162	0.0132	0.0183	0.0315	0.0195	0.0305	0.013	0.0182	0.0199	0.034	0	0.0164	0.0129	0.013	0.0132	0.0197	0.0131	0.0139	0.0198	0.0156	0.0129	0.013	0.013	0.0223	0.0212	0.0129	0.0215	0.013	0.0129	0.0244	0.013	0.0131	0.0177	0.0132	0.0432	0.0164	0.013	0.0129	0.0142	0.0129	0.0138	0.0149	0.0129	0.0183
  [	0.0149	0.0194	0.0176	0.0149	0.0186	0.0149	0.0149	0.015	0.0156	0.015	0.0176	0.0251	0.0148	0.0188	0.0149	0.0169	0.0149	0.0151	0.0315	0.0148	0.0165	0.0149	0.0149	0.02	0.016	0.0189	0	0.0148	0.0149	0.015	0.0148	0.0152	0.0206	0.024	0.0257	0.015	0.0194	0.0229	0.0226	0.0312	0.0148	0.0161	0.0228	0.0148	0.0149	0.0149	0.0148	0.0203	0.0161	0.0211	0.0149	0.0149	0.0149	0.0217	0.0149	0.0149	0.0221	0.0167	0.026
  \	0.0143	0.0146	0.0144	0.0143	0.0232	0.0143	0.0143	0.0143	0.0144	0.0144	0.0144	0.0144	0.0143	0.0144	0.0143	0.0145	0.0143	0.0144	0.0144	0.0143	0.0143	0.0144	0.0144	0.0215	0.0147	0.0144	0.0144	0	0.0143	0.0144	0.0143	0.0143	0.0143	0.0144	0.0144	0.0143	0.0184	0.0215	0.0145	0.0144	0.0143	0.0145	0.0143	0.0203	0.0144	0.0159	0.0143	0.0538	0.0144	0.0154	0.0162	0.0143	0.0143	0.0144	0.0143	0.0144	0.0152	0.0143	0.0144
  ]	0.0144	0.0191	0.0145	0.0196	0.0146	0.0146	0.0144	0.0165	0.0144	0.0243	0.0145	0.0144	0.0144	0.0186	0.0144	0.0291	0.0144	0.0271	0.0189	0.0192	0.0144	0.0147	0.0145	0.0144	0.0188	0.0145	0.0144	0.0143	0	0.0146	0.0144	0.0144	0.0151	0.0145	0.0145	0.0143	0.0212	0.0144	0.019	0.0145	0.0193	0.0175	0.0189	0.0143	0.0146	0.0145	0.0143	0.0145	0.0189	0.0315	0.0165	0.0144	0.0216	0.0145	0.0144	0.0147	0.0249	0.0143	0.0193
  ^	0.0135	0.014	0.0182	0.0135	0.0232	0.0154	0.0137	0.014	0.0172	0.0206	0.0161	0.0139	0.055	0.0147	0.0222	0.0572	0.0149	0.0193	0.0137	0.0135	0.0137	0.0141	0.023	0.0136	0.0553	0.0138	0.0136	0.0135	0.0137	0	0.0142	0.0142	0.0136	0.0138	0.0151	0.0135	0.0148	0.0143	0.0181	0.0282	0.0137	0.0156	0.0137	0.0176	0.014	0.0135	0.0135	0.0194	0.0157	0.0355	0.0137	0.0135	0.0166	0.0221	0.0136	0.0154	0.0198	0.0135	0.0137
  _	0.0123	0.0226	0.0124	0.0123	0.0124	0.0123	0.0123	0.0124	0.0123	0.0538	0.0125	0.0123	0.0129	0.0166	0.0123	0.0125	0.0123	0.0124	0.0129	0.0124	0.0123	0.0127	0.0305	0.0123	0.0124	0.0189	0.0123	0.0123	0.0123	0.013	0	0.0127	0.0123	0.0123	0.0135	0.0123	0.0129	0.0123	0.0124	0.0123	0.0123	0.0124	0.0243	0.0123	0.0574	0.0127	0.0123	0.0124	0.0124	0.0124	0.0172	0.0262	0.0123	0.0214	0.0123	0.0124	0.0126	0.0123	0.0124
  `	0.0143	0.018	0.0202	0.0143	0.0218	0.0143	0.0144	0.0144	0.0152	0.015	0.0163	0.0144	0.0145	0.0144	0.0143	0.0151	0.0143	0.0145	0.0159	0.0143	0.0158	0.0174	0.0144	0.0194	0.0242	0.0145	0.0147	0.0143	0.0143	0.0151	0.0148	0	0.0143	0.0162	0.0144	0.0143	0.015	0.0145	0.0161	0.0151	0.0143	0.0181	0.0144	0.0143	0.0144	0.0143	0.0143	0.0327	0.0144	0.0147	0.0277	0.0148	0.0144	0.0267	0.0143	0.0144	0.0266	0.0271	0.0145
  a	0.0146	0.018	0.0141	0.014	0.0194	0.0207	0.014	0.0142	0.0142	0.0141	0.0141	0.015	0.014	0.0141	0.016	0.047	0.014	0.0155	0.0174	0.014	0.014	0.0141	0.015	0.014	0.0166	0.0151	0.0194	0.014	0.0148	0.0141	0.014	0.014	0	0.0194	0.0141	0.0139	0.0141	0.0141	0.0142	0.0141	0.014	0.0173	0.0141	0.014	0.0141	0.014	0.0139	0.0159	0.0173	0.029	0.0141	0.014	0.014	0.0142	0.0142	0.0209	0.0243	0.014	0.033
  b	0.0177	0.0139	0.059	0.0119	0.045	0.0179	0.0259	0.0162	0.0123	0.0177	0.0122	0.0217	0.0118	0.0172	0.0118	0.0232	0.0148	0.041	0.0134	0.0118	0.0119	0.0268	0.012	0.025	0.0524	0.0181	0.019	0.0118	0.0119	0.012	0.0118	0.0133	0.0163	0	0.0324	0.0117	0.0176	0.0203	0.0156	0.0181	0.0118	0.0139	0.0118	0.0234	0.0119	0.0118	0.0118	0.017	0.0123	0.0337	0.0179	0.0123	0.0118	0.0188	0.0118	0.0122	0.0202	0.0118	0.015
