{
  "generated_by": {
    "program": "augur",
    "version": "7.0.2"
  },
  "models": {
    "country": {
      "alphabet": [
        "Alaska",
        "Arizona",
        "California",
        "Connecticut",
        "Florida",
        "Georgia",
        "Idaho",
        "Illinois",
        "Iowa",
        "Louisiana",
        "Maryland",
        "Massachusetts",
        "Michigan",
        "Minnesota",
        "Missouri",
        "Nebraska",
        "New Jersey",
        "New Mexico",
        "New York",
        "North Carolina",
        "Ohio",
        "Oregon",
        "Pennsylvania",
        "South Carolina",
        "Texas",
        "Utah",
        "Virginia",
        "Washington",
        "Wisconsin",
        "Wyoming",
        "?"
      ],
      "equilibrium_probabilities": [
        0.03973561648849899,
        0.03827692785072588,
        0.026806406975939504,
        0.02958422365556389,
        0.0358683085762253,
        0.04281311024345187,
        0.029225350107301866,
        0.029671088079185635,
        0.037163383890918125,
        0.025559755642007177,
        0.030844941405732577,
        0.03450294589094965,
        0.024250052497521962,
        0.026027782937308955,
        0.03665433134367351,
        0.03860955811230251,
        0.03737909775375321,
        0.03786257826601983,
        0.024620172795848543,
        0.03878124729402857,
        0.038299648149371666,
        0.02799570265697224,
        0.040132181337242355,
        0.036851467604256186,
        0.03739756458619032,
        0.025855789199705964,
        0.034096370892781586,
        0.02646265416383428,
        0.03093364274277112,
        0.037738098859916656
      ],
      "rate": 302.48127293833807,
      "transition_matrix": [
        [
          0.0,
          1.1788381519785174,
          1.0535601035200108,
          0.5274035322999384,
          0.7229187959930382,
          0.5205625736786446,
          1.619043845215763,
          0.5275207105928199,
          0.538557651257293,
          0.6330256294902562,
          0.5310965455383911,
          0.8330849722699117,
          0.8368343286409337,
          0.5299294417432139,
          0.5203280169685909,
          0.5181282651310585,
          0.5273524387418397,
          0.5199454447159515,
          1.4203674641552195,
          0.5775278900305618,
          0.5204531757074734,
          0.7380258873949165,
          0.5257735756362938,
          0.5182919574652858,
          0.5230855033378352,
          0.8816936451131548,
          1.0905990001305437,
          0.6198302429382649,
          0.562773991587182,
          0.520688618274868
        ],
        [
          1.1788381519785174,
          0.0,
          0.8628150814662789,
          0.8519559724241207,
          1.4627216103411373,
          0.7414343907702412,
          0.5236652793560372,
          1.1485462265749666,
          0.5285863277625482,
          3.595972288331694,
          1.20850150800501,
          0.5440421323138397,
          0.642871535374382,
          0.8693351846651084,
          0.5247452264985911,
          0.5205298056888918,
          0.530773828388447,
          0.5603934232550544,
          1.1948820786468377,
          0.8645997108523976,
          0.5247418124572728,
          1.3705564146623037,
          0.7430576149653213,
          0.5219600463414764,
          0.9421613748775671,
          2.2552216365888977,
          1.5939792594362931,
          2.630273570597744,
          0.8023931653207493,
          0.5249983702701342
        ],
        [
          1.0535601035200108,
          0.8628150814662789,
          0.0,
          1.6903050130834456,
          1.9710012296054293,
          0.9823452616854812,
          0.5833644490688804,
          2.4556581633022874,
          1.013083975551642,
          1.0720804699064161,
          2.094941539370249,
          0.891584258524936,
          3.7059379563487793,
          2.9077772322801017,
          0.8786615301125044,
          0.6702101061521816,
          1.6599830846609358,
          0.7446041921339361,
          5.9474851285531365,
          0.6163898846246684,
          0.9827542284410928,
          3.8018629605725915,
          1.4053844163532196,
          0.7468051905545675,
          1.0600746271473778,
          3.9420703276926643,
          2.0582240004842767,
          1.6650362446923657,
          2.283038175707628,
          0.8607448326462586
        ],
        [
          0.5274035322999384,
          0.8519559724241207,
          1.6903050130834456,
          0.0,
          0.8752967539271472,
          0.5301618743917371,
          1.989871435625414,
          1.0493166321702145,
          0.5225507971685334,
          0.9285037237243626,
          0.9674479451696194,
          0.7888665209556764,
          1.8077725052155318,
          1.6388994582658771,
          0.5320147925047626,
          0.5237304096160873,
          1.165818334790827,
          0.5722171411381127,
          5.450285239178638,
          0.5373552819198233,
          1.585907864220848,
          2.3195972408755234,
          0.7169131749241965,
          0.5210912313454544,
          0.9540247197438093,
          1.0195632323952328,
          1.4195482202513352,
          1.8035189905953048,
          1.195172763263703,
          0.9524444876996718
        ],
        [
          0.7229187959930382,
          1.4627216103411373,
          1.9710012296054293,
          0.8752967539271472,
          0.0,
          0.7927474264563338,
          0.8873841283811928,
          0.9505908646765615,
          0.8197265906986564,
          2.4054289615758235,
          2.1395011441103415,
          1.137534696247346,
          2.2780566956196138,
          1.4697726619723572,
          0.662616924348757,
          0.5256678470884276,
          0.7717652885160207,
          0.5485226565066809,
          3.3097470016659574,
          0.8257502070826448,
          0.6966239580324037,
          2.167185416331391,
          1.4781978915372793,
          1.3543670997807784,
          0.6109232436715596,
          1.138758736493474,
          2.6053207137706997,
          2.1579604422063197,
          1.605117809348239,
          0.5313885999598722
        ],
        [
          0.5205625736786446,
          0.7414343907702412,
          0.9823452616854812,
          0.5301618743917371,
          0.7927474264563338,
          0.0,
          0.5189220385283548,
          1.4025932729622883,
          0.5195633983755533,
          0.7844924890734979,
          0.6005039551323627,
          0.5326016850918115,
          1.0065299547820166,
          0.9376962633644684,
          0.7327234296617913,
          0.5193719029876185,
          0.5254018567173677,
          0.6009095626122705,
          0.6123714205462748,
          0.5517301859192587,
          0.6986963253164088,
          0.5793421175205157,
          0.7284760785821564,
          2.5766394940706556,
          0.6101740515458998,
          0.6092095989181553,
          0.7332136518401768,
          0.6862793553311449,
          0.5344284129347542,
          0.521022779841168
        ],
        [
          1.619043845215763,
          0.5236652793560372,
          0.5833644490688804,
          1.989871435625414,
          0.8873841283811928,
          0.5189220385283548,
          0.0,
          0.7914053018410102,
          0.5184929108642388,
          0.8496074626297481,
          0.7900816025785948,
          0.8140008406280803,
          0.5847713512675279,
          0.6467438907131705,
          0.974939660393528,
          0.5174411338818697,
          0.5209389947378747,
          0.526182209806429,
          0.8492295768026845,
          1.0459576654755454,
          0.5199179512290498,
          1.572646833807019,
          0.5356650018804022,
          0.5170371421287531,
          0.5287221383660897,
          1.49532899367414,
          0.5290985221530683,
          1.326892100570271,
          0.819364197501351,
          0.5197641668523173
        ],
        [
          0.5275207105928199,
          1.1485462265749666,
          2.4556581633022874,
          1.0493166321702145,
          0.9505908646765615,
          1.4025932729622883,
          0.7914053018410102,
          0.0,
          0.6191983943693405,
          0.6970528866739433,
          2.7693778018748603,
          1.5694766133440634,
          1.8562765245801218,
          1.7810383605072977,
          1.342420473081675,
          0.6344558007676071,
          0.7947602415028084,
          0.5365899245150482,
          1.1544369923471487,
          1.3588659732581245,
          0.7931122258437092,
          0.9987436556484932,
          1.3177405305199184,
          1.0905434260376103,
          1.983382381700834,
          1.895811816599928,
          1.2161624488865523,
          2.122785899009772,
          6.088932556995541,
          0.6178162955255676
        ],
        [
          0.538557651257293,
          0.5285863277625482,
          1.013083975551642,
          0.5225507971685334,
          0.8197265906986564,
          0.5195633983755533,
          0.5184929108642388,
          0.6191983943693405,
          0.0,
          0.5194459017745308,
          0.5329482381513942,
          0.6968882746200792,
          1.1676536402520565,
          0.8563551205514015,
          0.5205002347942196,
          0.5183222100815988,
          0.5212673493148631,
          0.5201247439644471,
          0.8189006968025849,
          0.5206329580432916,
          0.5194501512829333,
          0.6618353084058088,
          0.5255701871890428,
          0.5182586127849143,
          0.5343280649951369,
          1.3173190285770424,
          0.548620149207315,
          0.5253082351522066,
          0.6126211123248332,
          0.5192791891674116
        ],
        [
          0.6330256294902562,
          3.595972288331694,
          1.0720804699064161,
          0.9285037237243626,
          2.4054289615758235,
          0.7844924890734979,
          0.8496074626297481,
          0.6970528866739433,
          0.5194459017745308,
          0.0,
          0.9675048389714879,
          0.529111708703767,
          1.369858491523406,
          1.5346377353196072,
          0.5208872163122225,
          0.5175641854023821,
          0.5205340319026073,
          0.5220188089549521,
          1.0744049831343097,
          0.5287603578400006,
          0.5196547454586103,
          0.53029221505589,
          0.6968747346001601,
          0.7777682538504813,
          3.24789226425574,
          2.1902973442087186,
          0.8444017242044513,
          0.5349940394839142,
          0.5368154979748196,
          0.5306874769885057
        ],
        [
          0.5310965455383911,
          1.20850150800501,
          2.094941539370249,
          0.9674479451696194,
          2.1395011441103415,
          0.6005039551323627,
          0.7900816025785948,
          2.7693778018748603,
          0.5329482381513942,
          0.9675048389714879,
          0.0,
          1.8022613879712908,
          4.321664568530422,
          3.930012478537045,
          0.5323744225523207,
          1.1450779768253982,
          0.8819086526200186,
          1.4482860077675705,
          1.818335701003304,
          0.848804785543241,
          0.6256516956051489,
          1.8555522790587704,
          3.1790329032186113,
          0.5886570956878829,
          3.2456461393157885,
          1.471051546169137,
          3.790858010360691,
          0.9236950472285862,
          0.9420608907161543,
          0.7981589679872859
        ],
        [
          0.8330849722699117,
          0.5440421323138397,
          0.891584258524936,
          0.7888665209556764,
          1.137534696247346,
          0.5326016850918115,
          0.8140008406280803,
          1.5694766133440634,
          0.6968882746200792,
          0.529111708703767,
          1.8022613879712908,
          0.0,
          0.8646447429937074,
          1.4766899641378601,
          0.5467280562409776,
          0.5219216773307829,
          0.9263804850058153,
          0.5414337606358371,
          1.680759937564166,
          1.5170268464922236,
          0.6091705165312411,
          1.3896478488583635,
          0.9717573004675975,
          0.5215357005334333,
          1.375614788536165,
          2.915878261139462,
          2.497487111785725,
          1.1625952563852417,
          1.3682516304597343,
          0.5806123812032453
        ],
        [
          0.8368343286409337,
          0.642871535374382,
          3.7059379563487793,
          1.8077725052155318,
          2.2780566956196138,
          1.0065299547820166,
          0.5847713512675279,
          1.8562765245801218,
          1.1676536402520565,
          1.369858491523406,
          4.321664568530422,
          0.8646447429937074,
          0.0,
          2.878205049522752,
          0.7697092078473107,
          1.3451168840394145,
          1.1698486218975348,
          1.8789090187007147,
          2.973489897386914,
          1.887431551608392,
          0.8299983808363859,
          0.6532134245471904,
          1.7272008216700372,
          1.0621686936826125,
          2.3459203868022276,
          2.062317521067664,
          2.5981747202436236,
          1.2362991020814922,
          2.2577790452735758,
          0.9558871405786618
        ],
        [
          0.5299294417432139,
          0.8693351846651084,
          2.9077772322801017,
          1.6388994582658771,
          1.4697726619723572,
          0.9376962633644684,
          0.6467438907131705,
          1.7810383605072977,
          0.8563551205514015,
          1.5346377353196072,
          3.930012478537045,
          1.4766899641378601,
          2.878205049522752,
          0.0,
          0.7896486365420029,
          1.1428133491834545,
          0.8978722592330683,
          1.4136037849403622,
          2.3482152647068104,
          2.265863052468594,
          0.975782376751714,
          1.6231704916963718,
          2.022376675165822,
          0.759432178853879,
          1.6300181676431758,
          1.0672262894421318,
          0.9884692342220915,
          3.2956558770462268,
          3.183902716172869,
          1.667691959049768
        ],
        [
          0.5203280169685909,
          0.5247452264985911,
          0.8786615301125044,
          0.5320147925047626,
          0.662616924348757,
          0.7327234296617913,
          0.974939660393528,
          1.342420473081675,
          0.5205002347942196,
          0.5208872163122225,
          0.5323744225523207,
          0.5467280562409776,
          0.7697092078473107,
          0.7896486365420029,
          0.0,
          0.5188918192339349,
          0.5217033103070559,
          0.5213777318698862,
          0.5651165995223298,
          0.5217155541442162,
          0.5201766621462415,
          0.6046196934989087,
          0.7552779143343576,
          0.5680245572012389,
          0.9239237401350555,
          2.2485222116225216,
          0.5559457900171173,
          0.5304897588284863,
          0.5370487829434063,
          0.5204798208525978
        ],
        [
          0.5181282651310585,
          0.5205298056888918,
          0.6702101061521816,
          0.5237304096160873,
          0.5256678470884276,
          0.5193719029876185,
          0.5174411338818697,
          0.6344558007676071,
          0.5183222100815988,
          0.5175641854023821,
          1.1450779768253982,
          0.5219216773307829,
          1.3451168840394145,
          1.1428133491834545,
          0.5188918192339349,
          0.0,
          0.6690332957589402,
          0.8786158139058906,
          0.5824111003764496,
          0.5219093100793072,
          0.519170127191014,
          0.9790845446463784,
          0.534776111497206,
          0.517640717264773,
          0.5244531419549052,
          0.8466469373510724,
          0.5333189359827519,
          0.522545731404794,
          0.5254916873418575,
          0.5283831402971448
        ],
        [
          0.5273524387418397,
          0.530773828388447,
          1.6599830846609358,
          1.165818334790827,
          0.7717652885160207,
          0.5254018567173677,
          0.5209389947378747,
          0.7947602415028084,
          0.5212673493148631,
          0.5205340319026073,
          0.8819086526200186,
          0.9263804850058153,
          1.1698486218975348,
          0.8978722592330683,
          0.5217033103070559,
          0.6690332957589402,
          0.0,
          0.5428718182399419,
          3.783923001067222,
          0.5313753437069874,
          0.5351550113531804,
          1.6188564346646654,
          0.860380258753763,
          0.5336325497655071,
          0.5308114679517917,
          0.5491428638942387,
          0.8441351610575619,
          0.8964464865846918,
          1.1758800992763812,
          0.7888330513609072
        ],
        [
          0.5199454447159515,
          0.5603934232550544,
          0.7446041921339361,
          0.5722171411381127,
          0.5485226565066809,
          0.6009095626122705,
          0.526182209806429,
          0.5365899245150482,
          0.5201247439644471,
          0.5220188089549521,
          1.4482860077675705,
          0.5414337606358371,
          1.8789090187007147,
          1.4136037849403622,
          0.5213777318698862,
          0.8786158139058906,
          0.5428718182399419,
          0.0,
          0.8140617609846341,
          0.7026167934208456,
          0.5222523303030482,
          1.0706523061877622,
          0.8325453183454448,
          0.5200772316960128,
          0.6991779434879202,
          0.7292542245377169,
          0.5501211665515745,
          0.7789260029063376,
          0.729162890815226,
          0.7828548899236277
        ],
        [
          1.4203674641552195,
          1.1948820786468377,
          5.9474851285531365,
          5.450285239178638,
          3.3097470016659574,
          0.6123714205462748,
          0.8492295768026845,
          1.1544369923471487,
          0.8189006968025849,
          1.0744049831343097,
          1.818335701003304,
          1.680759937564166,
          2.973489897386914,
          2.3482152647068104,
          0.5651165995223298,
          0.5824111003764496,
          3.783923001067222,
          0.8140617609846341,
          0.0,
          1.796381095798582,
          1.1181577261133386,
          2.514888536749245,
          1.440610954001934,
          0.5577689797272187,
          0.6249096702648411,
          2.127507544588369,
          4.27806650762639,
          1.4869689195916447,
          2.1613871272615013,
          1.380850134033414
        ],
        [
          0.5775278900305618,
          0.8645997108523976,
          0.6163898846246684,
          0.5373552819198233,
          0.8257502070826448,
          0.5517301859192587,
          1.0459576654755454,
          1.3588659732581245,
          0.5206329580432916,
          0.5287603578400006,
          0.848804785543241,
          1.5170268464922236,
          1.887431551608392,
          2.265863052468594,
          0.5217155541442162,
          0.5219093100793072,
          0.5313753437069874,
          0.7026167934208456,
          1.796381095798582,
          0.0,
          0.5243459690967144,
          0.5575278019408411,
          1.025569504686357,
          0.5206548376282142,
          0.542926430252642,
          0.7463805396965355,
          1.3399857093594705,
          1.0329476332809153,
          0.5547074280994634,
          0.7677984768805486
        ],
        [
          0.5204531757074734,
          0.5247418124572728,
          0.9827542284410928,
          1.585907864220848,
          0.6966239580324037,
          0.6986963253164088,
          0.5199179512290498,
          0.7931122258437092,
          0.5194501512829333,
          0.5196547454586103,
          0.6256516956051489,
          0.6091705165312411,
          0.8299983808363859,
          0.975782376751714,
          0.5201766621462415,
          0.519170127191014,
          0.5351550113531804,
          0.5222523303030482,
          1.1181577261133386,
          0.5243459690967144,
          0.0,
          0.7287763044099669,
          0.6755597730217361,
          0.5197670430950923,
          0.5263346253363533,
          0.8880166618855714,
          0.5630405778895261,
          0.5559350190775116,
          0.5333559272309897,
          0.5216138159303618
        ],
        [
          0.7380258873949165,
          1.3705564146623037,
          3.8018629605725915,
          2.3195972408755234,
          2.167185416331391,
          0.5793421175205157,
          1.572646833807019,
          0.9987436556484932,
          0.6618353084058088,
          0.53029221505589,
          1.8555522790587704,
          1.3896478488583635,
          0.6532134245471904,
          1.6231704916963718,
          0.6046196934989087,
          0.9790845446463784,
          1.6188564346646654,
          1.0706523061877622,
          2.514888536749245,
          0.5575278019408411,
          0.7287763044099669,
          0.0,
          1.749568190753575,
          0.523554973752099,
          0.8732585646847533,
          2.0908130028491323,
          1.8651882675508826,
          4.347593429168436,
          1.99945599285766,
          0.5532996780502092
        ],
        [
          0.5257735756362938,
          0.7430576149653213,
          1.4053844163532196,
          0.7169131749241965,
          1.4781978915372793,
          0.7284760785821564,
          0.5356650018804022,
          1.3177405305199184,
          0.5255701871890428,
          0.6968747346001601,
          3.1790329032186113,
          0.9717573004675975,
          1.7272008216700372,
          2.022376675165822,
          0.7552779143343576,
          0.534776111497206,
          0.860380258753763,
          0.8325453183454448,
          1.440610954001934,
          1.025569504686357,
          0.6755597730217361,
          1.749568190753575,
          0.0,
          0.5335111252897243,
          0.8229187190691885,
          1.5607666370195454,
          0.7437377327189545,
          1.0326389885787324,
          0.893174499599391,
          0.6257969347066814
        ],
        [
          0.5182919574652858,
          0.5219600463414764,
          0.7468051905545675,
          0.5210912313454544,
          1.3543670997807784,
          2.5766394940706556,
          0.5170371421287531,
          1.0905434260376103,
          0.5182586127849143,
          0.7777682538504813,
          0.5886570956878829,
          0.5215357005334333,
          1.0621686936826125,
          0.759432178853879,
          0.5680245572012389,
          0.517640717264773,
          0.5336325497655071,
          0.5200772316960128,
          0.5577689797272187,
          0.5206548376282142,
          0.5197670430950923,
          0.523554973752099,
          0.5335111252897243,
          0.0,
          0.5321907787741716,
          0.9813355553397696,
          0.5476054359538084,
          0.5230593878756837,
          0.5251978867981488,
          0.5188131935328021
        ],
        [
          0.5230855033378352,
          0.9421613748775671,
          1.0600746271473778,
          0.9540247197438093,
          0.6109232436715596,
          0.6101740515458998,
          0.5287221383660897,
          1.983382381700834,
          0.5343280649951369,
          3.24789226425574,
          3.2456461393157885,
          1.375614788536165,
          2.3459203868022276,
          1.6300181676431758,
          0.9239237401350555,
          0.5244531419549052,
          0.5308114679517917,
          0.6991779434879202,
          0.6249096702648411,
          0.542926430252642,
          0.5263346253363533,
          0.8732585646847533,
          0.8229187190691885,
          0.5321907787741716,
          0.0,
          2.1131806958607546,
          0.6884746978152791,
          1.0805107502199167,
          0.5558339996211576,
          0.7312475903408746
        ],
        [
          0.8816936451131548,
          2.2552216365888977,
          3.9420703276926643,
          1.0195632323952328,
          1.138758736493474,
          0.6092095989181553,
          1.49532899367414,
          1.895811816599928,
          1.3173190285770424,
          2.1902973442087186,
          1.471051546169137,
          2.915878261139462,
          2.062317521067664,
          1.0672262894421318,
          2.2485222116225216,
          0.8466469373510724,
          0.5491428638942387,
          0.7292542245377169,
          2.127507544588369,
          0.7463805396965355,
          0.8880166618855714,
          2.0908130028491323,
          1.5607666370195454,
          0.9813355553397696,
          2.1131806958607546,
          0.0,
          1.3584445698630268,
          2.300313441562397,
          2.062774399693303,
          1.1433360369567422
        ],
        [
          1.0905990001305437,
          1.5939792594362931,
          2.0582240004842767,
          1.4195482202513352,
          2.6053207137706997,
          0.7332136518401768,
          0.5290985221530683,
          1.2161624488865523,
          0.548620149207315,
          0.8444017242044513,
          3.790858010360691,
          2.497487111785725,
          2.5981747202436236,
          0.9884692342220915,
          0.5559457900171173,
          0.5333189359827519,
          0.8441351610575619,
          0.5501211665515745,
          4.27806650762639,
          1.3399857093594705,
          0.5630405778895261,
          1.8651882675508826,
          0.7437377327189545,
          0.5476054359538084,
          0.6884746978152791,
          1.3584445698630268,
          0.0,
          1.9414280845053267,
          1.7902276835652338,
          0.5515395822020341
        ],
        [
          0.6198302429382649,
          2.630273570597744,
          1.6650362446923657,
          1.8035189905953048,
          2.1579604422063197,
          0.6862793553311449,
          1.326892100570271,
          2.122785899009772,
          0.5253082351522066,
          0.5349940394839142,
          0.9236950472285862,
          1.1625952563852417,
          1.2362991020814922,
          3.2956558770462268,
          0.5304897588284863,
          0.522545731404794,
          0.8964464865846918,
          0.7789260029063376,
          1.4869689195916447,
          1.0329476332809153,
          0.5559350190775116,
          4.347593429168436,
          1.0326389885787324,
          0.5230593878756837,
          1.0805107502199167,
          2.300313441562397,
          1.9414280845053267,
          0.0,
          1.2886477985731575,
          0.7939642311140339
        ],
        [
          0.562773991587182,
          0.8023931653207493,
          2.283038175707628,
          1.195172763263703,
          1.605117809348239,
          0.5344284129347542,
          0.819364197501351,
          6.088932556995541,
          0.6126211123248332,
          0.5368154979748196,
          0.9420608907161543,
          1.3682516304597343,
          2.2577790452735758,
          3.183902716172869,
          0.5370487829434063,
          0.5254916873418575,
          1.1758800992763812,
          0.729162890815226,
          2.1613871272615013,
          0.5547074280994634,
          0.5333559272309897,
          1.99945599285766,
          0.893174499599391,
          0.5251978867981488,
          0.5558339996211576,
          2.062774399693303,
          1.7902276835652338,
          1.2886477985731575,
          0.0,
          0.6634415877150952
        ],
        [
          0.520688618274868,
          0.5249983702701342,
          0.8607448326462586,
          0.9524444876996718,
          0.5313885999598722,
          0.521022779841168,
          0.5197641668523173,
          0.6178162955255676,
          0.5192791891674116,
          0.5306874769885057,
          0.7981589679872859,
          0.5806123812032453,
          0.9558871405786618,
          1.667691959049768,
          0.5204798208525978,
          0.5283831402971448,
          0.7888330513609072,
          0.7828548899236277,
          1.380850134033414,
          0.7677984768805486,
          0.5216138159303618,
          0.5532996780502092,
          0.6257969347066814,
          0.5188131935328021,
          0.7312475903408746,
          1.1433360369567422,
          0.5515395822020341,
          0.7939642311140339,
          0.6634415877150952,
          0.0
        ]
      ]
    }
  },
  "nodes": {
    "EPI_ISL_404253": {
      "country": "Illinois",
      "country_confidence": {
        "Illinois": 1.0
      },
      "country_entropy": -1.000088900581841e-12
    },
    "EPI_ISL_404895": {
      "country": "Washington",
      "country_confidence": {
        "Washington": 1.0
      },
      "country_entropy": -1.000088900581841e-12
    },
    "EPI_ISL_406223": {
      "country": "Arizona",
      "country_confidence": {
        "Arizona": 1.0
      },
      "country_entropy": -1.000088900581841e-12
    },
    "EPI_ISL_408009": {
      "country": "California",
      "country_confidence": {
        "California": 0.9999999999999999
      },
      "country_entropy": -9.99866855976916e-13
    },
    "EPI_ISL_408670": {
      "country": "Wisconsin",
      "country_confidence": {
        "Wisconsin": 1.0
      },
      "country_entropy": -1.000088900581841e-12
    },
    "EPI_ISL_409067": {
      "country": "Massachusetts",
      "country_confidence": {
        "Massachusetts": 1.0
      },
      "country_entropy": -1.000088900581841e-12
    },
    "EPI_ISL_410045": {
      "country": "Illinois",
      "country_confidence": {
        "Illinois": 1.0
      },
      "country_entropy": -1.000088900581841e-12
    },
    "EPI_ISL_411954": {
      "country": "California",
      "country_confidence": {
        "California": 1.0
      },
      "country_entropy": -1.000088900581841e-12
    },
    "EPI_ISL_411956": {
      "country": "Texas",
      "country_confidence": {
        "Texas": 0.9999999999999999
      },
      "country_entropy": -9.99866855976916e-13
    },
    "EPI_ISL_414476": {
      "country": "New York",
      "country_confidence": {
        "New York": 1.0
      },
      "country_entropy": -1.000088900581841e-12
    },
    "EPI_ISL_414622": {
      "country": "Washington",
      "country_confidence": {
        "Washington": 1.0
      },
      "country_entropy": -1.000088900581841e-12
    },
    "EPI_ISL_415542": {
      "country": "Utah",
      "country_confidence": {
        "Utah": 1.0
      },
      "country_entropy": -1.000088900581841e-12
    },
    "EPI_ISL_415544": {
      "country": "Utah",
      "country_confidence": {
        "Utah": 0.9999999999999999
      },
      "country_entropy": -9.99866855976916e-13
    },
    "EPI_ISL_416417": {
      "country": "Connecticut",
      "country_confidence": {
        "Connecticut": 1.0
      },
      "country_entropy": -1.000088900581841e-12
    },
    "EPI_ISL_416423": {
      "country": "Connecticut",
      "country_confidence": {
        "Connecticut": 0.9999999999999999
      },
      "country_entropy": -9.99866855976916e-13
    },
    "EPI_ISL_416462": {
      "country": "Washington",
      "country_confidence": {
        "Washington": 1.0
      },
      "country_entropy": -1.000088900581841e-12
    },
    "EPI_ISL_416643": {
      "country": "Washington",
      "country_confidence": {
        "Washington": 1.0
      },
      "country_entropy": -1.000088900581841e-12
    },
    "EPI_ISL_416673": {
      "country": "Oregon",
      "country_confidence": {
        "Oregon": 1.0
      },
      "country_entropy": -1.000088900581841e-12
    },
    "EPI_ISL_416728": {
      "country": "Washington",
      "country_confidence": {
        "Washington": 1.0
      },
      "country_entropy": -1.000088900581841e-12
    },
    "EPI_ISL_416831": {
      "country": "New York",
      "country_confidence": {
        "New York": 1.0
      },
      "country_entropy": -1.000088900581841e-12
    },
    "EPI_ISL_417026": {
      "country": "Utah",
      "country_confidence": {
        "Utah": 1.0
      },
      "country_entropy": -1.000088900581841e-12
    },
    "EPI_ISL_417028": {
      "country": "Utah",
      "country_confidence": {
        "Utah": 1.0
      },
      "country_entropy": -1.000088900581841e-12
    },
    "EPI_ISL_417095": {
      "country": "Washington",
      "country_confidence": {
        "Washington": 1.0
      },
      "country_entropy": -1.000088900581841e-12
    },
    "EPI_ISL_417096": {
      "country": "Washington",
      "country_confidence": {
        "Washington": 1.0
      },
      "country_entropy": -1.000088900581841e-12
    },
    "EPI_ISL_417098": {
      "country": "Washington",
      "country_confidence": {
        "Washington": 1.0
      },
      "country_entropy": -1.000088900581841e-12
    },
    "EPI_ISL_417108": {
      "country": "Washington",
      "country_confidence": {
        "Washington": 0.9999999999999999
      },
      "country_entropy": -9.99866855976916e-13
    },
    "EPI_ISL_417135": {
      "country": "Washington",
      "country_confidence": {
        "Washington": 1.0
      },
      "country_entropy": -1.000088900581841e-12
    },
    "EPI_ISL_417142": {
      "country": "Washington",
      "country_confidence": {
        "Washington": 0.9999999999999999
      },
      "country_entropy": -9.99866855976916e-13
    },
    "EPI_ISL_417148": {
      "country": "Washington",
      "country_confidence": {
        "Washington": 1.0
      },
      "country_entropy": -1.000088900581841e-12
    },
    "EPI_ISL_417150": {
      "country": "Washington",
      "country_confidence": {
        "Washington": 1.0
      },
      "country_entropy": -1.000088900581841e-12
    },
    "EPI_ISL_417151": {
      "country": "Washington",
      "country_confidence": {
        "Washington": 0.9999999999999999
      },
      "country_entropy": -9.99866855976916e-13
    },
    "EPI_ISL_417156": {
      "country": "Washington",
      "country_confidence": {
        "Washington": 1.0
      },
      "country_entropy": -1.000088900581841e-12
    },
    "EPI_ISL_417159": {
      "country": "Washington",
      "country_confidence": {
        "Washington": 1.0
      },
      "country_entropy": -1.000088900581841e-12
    },
    "EPI_ISL_417160": {
      "country": "Washington",
      "country_confidence": {
        "Washington": 1.0
      },
      "country_entropy": -1.000088900581841e-12
    },
    "EPI_ISL_417194": {
      "country": "Minnesota",
      "country_confidence": {
        "Minnesota": 1.0
      },
      "country_entropy": -1.000088900581841e-12
    },
    "EPI_ISL_417196": {
      "country": "Minnesota",
      "country_confidence": {
        "Minnesota": 1.0
      },
      "country_entropy": -1.000088900581841e-12
    },
    "EPI_ISL_417200": {
      "country": "Wisconsin",
      "country_confidence": {
        "Wisconsin": 1.0
      },
      "country_entropy": -1.000088900581841e-12
    },
    "EPI_ISL_417350": {
      "country": "Washington",
      "country_confidence": {
        "Washington": 1.0
      },
      "country_entropy": -1.000088900581841e-12
    },
    "EPI_ISL_417469": {
      "country": "Minnesota",
      "country_confidence": {
        "Minnesota": 1.0
      },
      "country_entropy": -1.000088900581841e-12
    },
    "EPI_ISL_417475": {
      "country": "Minnesota",
      "country_confidence": {
        "Minnesota": 0.9999999999999999
      },
      "country_entropy": -9.99866855976916e-13
    },
    "EPI_ISL_417513": {
      "country": "Wisconsin",
      "country_confidence": {
        "Wisconsin": 1.0
      },
      "country_entropy": -1.000088900581841e-12
    },
    "EPI_ISL_417517": {
      "country": "Wisconsin",
      "country_confidence": {
        "Wisconsin": 1.0
      },
      "country_entropy": -1.000088900581841e-12
    },
    "EPI_ISL_417935": {
      "country": "California",
      "country_confidence": {
        "California": 1.0
      },
      "country_entropy": -1.000088900581841e-12
    },
    "EPI_ISL_417958": {
      "country": "Utah",
      "country_confidence": {
        "Utah": 1.0
      },
      "country_entropy": -1.000088900581841e-12
    },
    "EPI_ISL_417959": {
      "country": "Utah",
      "country_confidence": {
        "Utah": 1.0
      },
      "country_entropy": -1.000088900581841e-12
    },
    "EPI_ISL_417960": {
      "country": "Utah",
      "country_confidence": {
        "Utah": 1.0
      },
      "country_entropy": -1.000088900581841e-12
    },
    "EPI_ISL_417976": {
      "country": "Utah",
      "country_confidence": {
        "Utah": 1.0
      },
      "country_entropy": -1.000088900581841e-12
    },
    "EPI_ISL_418049": {
      "country": "Minnesota",
      "country_confidence": {
        "Minnesota": 1.0
      },
      "country_entropy": -1.000088900581841e-12
    },
    "EPI_ISL_418058": {
      "country": "Connecticut",
      "country_confidence": {
        "Connecticut": 0.9999999999999999
      },
      "country_entropy": -9.99866855976916e-13
    },
    "EPI_ISL_418080": {
      "country": "Washington",
      "country_confidence": {
        "Washington": 0.9999999999999999
      },
      "country_entropy": -9.99866855976916e-13
    },
    "EPI_ISL_418871": {
      "country": "Connecticut",
      "country_confidence": {
        "Connecticut": 0.9999999999999999
      },
      "country_entropy": -9.99866855976916e-13
    },
    "EPI_ISL_418895": {
      "country": "Connecticut",
      "country_confidence": {
        "Connecticut": 1.0
      },
      "country_entropy": -1.000088900581841e-12
    },
    "EPI_ISL_418898": {
      "country": "Connecticut",
      "country_confidence": {
        "Connecticut": 1.0
      },
      "country_entropy": -1.000088900581841e-12
    },
    "EPI_ISL_418905": {
      "country": "Washington",
      "country_confidence": {
        "Washington": 1.0
      },
      "country_entropy": -1.000088900581841e-12
    },
    "EPI_ISL_418915": {
      "country": "Illinois",
      "country_confidence": {
        "Illinois": 1.0
      },
      "country_entropy": -1.000088900581841e-12
    },
    "EPI_ISL_418916": {
      "country": "Illinois",
      "country_confidence": {
        "Illinois": 1.0
      },
      "country_entropy": -1.000088900581841e-12
    },
    "EPI_ISL_418917": {
      "country": "Illinois",
      "country_confidence": {
        "Illinois": 1.0
      },
      "country_entropy": -1.000088900581841e-12
    },
    "EPI_ISL_418918": {
      "country": "Illinois",
      "country_confidence": {
        "Illinois": 1.0
      },
      "country_entropy": -1.000088900581841e-12
    },
    "EPI_ISL_418962": {
      "country": "Utah",
      "country_confidence": {
        "Utah": 1.0
      },
      "country_entropy": -1.000088900581841e-12
    },
    "EPI_ISL_418963": {
      "country": "Utah",
      "country_confidence": {
        "Utah": 0.9999999999999999
      },
      "country_entropy": -9.99866855976916e-13
    },
    "EPI_ISL_418964": {
      "country": "Utah",
      "country_confidence": {
        "Utah": 0.9999999999999999
      },
      "country_entropy": -9.99866855976916e-13
    },
    "EPI_ISL_419260": {
      "country": "Virginia",
      "country_confidence": {
        "Virginia": 1.0
      },
      "country_entropy": -1.000088900581841e-12
    },
    "EPI_ISL_419512": {
      "country": "Connecticut",
      "country_confidence": {
        "Connecticut": 1.0
      },
      "country_entropy": -1.000088900581841e-12
    },
    "EPI_ISL_419521": {
      "country": "Connecticut",
      "country_confidence": {
        "Connecticut": 1.0
      },
      "country_entropy": -1.000088900581841e-12
    },
    "EPI_ISL_419554": {
