{
  "generated_by": {
    "program": "augur",
    "version": "7.0.2"
  },
  "models": {
    "country": {
      "alphabet": [
        "Australia",
        "Austria",
        "Belgium",
        "Brazil",
        "Canada",
        "China",
        "Czech Republic",
        "Democratic Republic of the Congo",
        "England",
        "Finland",
        "France",
        "Georgia",
        "Germany",
        "Hong Kong",
        "Iceland",
        "India",
        "Ireland",
        "Italy",
        "Japan",
        "Luxembourg",
        "Mexico",
        "Netherlands",
        "Norway",
        "Portugal",
        "Scotland",
        "Senegal",
        "Singapore",
        "South Korea",
        "Spain",
        "Switzerland",
        "Taiwan",
        "USA",
        "Wales",
        "?"
      ],
      "equilibrium_probabilities": [
        0.02975303677201307,
        0.03837254505570455,
        0.02654256233011116,
        0.03196486448402652,
        0.032621213616715355,
        0.02300624762391464,
        0.03264329510198543,
        0.03464082387009125,
        0.016481446737673888,
        0.03386376992416937,
        0.01369273339009751,
        0.0358300291043287,
        0.019466903367884963,
        0.038029796006518624,
        0.027964329470951402,
        0.0352347181511778,
        0.033969877006407995,
        0.032642279401264435,
        0.03107966952578473,
        0.02848373091782515,
        0.03789881950251728,
        0.024729000246855835,
        0.03539275254555807,
        0.020662002893131963,
        0.025948032475998833,
        0.03502810483073347,
        0.03679441203187472,
        0.04011079513436511,
        0.017296144985443858,
        0.024469002719149136,
        0.03571135813561593,
        0.03087790250060118,
        0.038797800139508155
      ],
      "rate": 319.69068460928577,
      "transition_matrix": [
        [
          0.0,
          0.6367424240506867,
          0.6492107245774429,
          0.6357341421013298,
          3.2183219928231517,
          1.3544088636986518,
          0.6367988009196544,
          0.8398422810173581,
          6.871990077268177,
          0.7758870090483578,
          3.873654766249104,
          0.6631568496232468,
          5.22122008451755,
          0.6363286110993469,
          0.9530683449147144,
          2.2122707145028855,
          0.6371046761938503,
          1.109255761827161,
          1.2587259360451861,
          0.6395521263528395,
          0.9538731519163028,
          1.0920023495055318,
          0.6376241389425521,
          1.444817426671979,
          2.0900146833543674,
          0.7688287640273362,
          0.7741176864522639,
          1.2995778637764583,
          1.5222242905894146,
          0.8093512579687225,
          1.2870330958330272,
          5.024350873896396,
          1.1479023970729747
        ],
        [
          0.6367424240506867,
          0.0,
          0.8774668158869174,
          0.6352601515490862,
          0.9525929287470827,
          0.6341093189055323,
          0.6353210250837369,
          0.6353829432067974,
          1.8316039718497164,
          0.6356008315575996,
          0.9540292721158375,
          0.6356858948961454,
          2.540870189802688,
          0.634892802406355,
          0.6349796422585665,
          0.6351536106329002,
          0.635290570678865,
          0.6354748360555783,
          0.635730126680455,
          0.9534217861951321,
          0.6354863192658103,
          0.6376043504572807,
          0.6358072974987126,
          0.6368346796280557,
          0.7269093567631097,
          0.6391181432661058,
          0.6354808680187353,
          0.6350724170131132,
          1.7850244635190011,
          0.7938045813712169,
          0.635849653239214,
          0.6349387533976235,
          0.6353749453616805
        ],
        [
          0.6492107245774429,
          0.8774668158869174,
          0.0,
          0.6360227649327223,
          0.7275664926145011,
          1.3634701835758918,
          0.6367360134906426,
          0.7152372950806567,
          10.423147545245286,
          0.6378799887023066,
          5.099198760663967,
          0.6476672747609874,
          1.7943301897221122,
          0.6351984340508773,
          2.287233614614951,
          0.6414286223786417,
          0.6360016940616438,
          1.523024882712184,
          0.7525231267675139,
          1.8934688347315645,
          0.6358791533424127,
          1.72637395135688,
          0.7085512324909764,
          1.1999707158205528,
          1.4517313473372686,
          1.1055863577865719,
          1.2054982649312012,
          0.6347364841100541,
          2.4156979490861743,
          1.1183914921404807,
          0.9605161015737628,
          0.6411560899885759,
          0.6354237370421222
        ],
        [
          0.6357341421013298,
          0.6352601515490862,
          0.6360227649327223,
          0.0,
          0.6353239367789804,
          0.6692691605695528,
          0.6353457631242596,
          0.635380863092698,
          3.3573641820999094,
          0.6355463657038595,
          1.5869009220130463,
          0.6358217267885248,
          0.9689732072277928,
          0.635000147469644,
          0.6353396127775468,
          0.6352052020545315,
          0.6353993052263845,
          0.6355567686504945,
          0.636823714006462,
          0.6352700258261378,
          0.6354539634333212,
          0.9948380031439231,
          0.6358616300083044,
          0.6994350489100092,
          0.6357984461614771,
          0.6353579243022082,
          0.918679531251538,
          0.6351217576150139,
          0.9521742055755749,
          0.6511051279151727,
          0.6358540468912779,
          0.6349572623887032,
          0.6353621149238926
        ],
        [
          3.2183219928231517,
          0.9525929287470827,
          0.7275664926145011,
          0.6353239367789804,
          0.0,
          1.664324839644572,
          0.635220300912632,
          0.6870978734811216,
          4.230138187957719,
          1.2722125433379,
          5.404345838321097,
          0.9302208108522784,
          1.1375557193246661,
          0.634501196919901,
          0.64144976427496,
          1.0218103367631286,
          0.6350541033799545,
          0.6377973502627734,
          2.5515200539666636,
          2.868189173602454,
          0.64364662024013,
          0.920473439401745,
          0.9524736012396907,
          0.9634765712396387,
          0.9106432278555305,
          0.6369338582347733,
          0.6389677346861489,
          0.635096512323078,
          0.6432304323646689,
          0.8547958326429892,
          2.5610911029526386,
          8.058987641197987,
          0.7145292481199059
        ],
        [
          1.3544088636986518,
          0.6341093189055323,
          1.3634701835758918,
          0.6692691605695528,
          1.664324839644572,
          0.0,
          0.6345217809648757,
          0.6351990803617259,
          1.27823878142533,
          0.951727540679063,
          0.9974159503212469,
          0.6367661866541348,
          1.2753334542256882,
          2.946769817237178,
          1.2724968605343572,
          0.9571145771019542,
          0.9514159575833365,
          0.6364675273065024,
          3.201719130875975,
          0.6359319217611002,
          0.6344997073472253,
          0.8556489442412277,
          0.9517576547887499,
          0.6439735682851123,
          4.451553709794812,
          1.214432968800424,
          6.027205260272789,
          3.2604631547414953,
          1.9461944759948038,
          0.6356674266915221,
          2.258495361481233,
          1.791224549470242,
          0.6350117236591953
        ],
        [
          0.6367988009196544,
          0.6353210250837369,
          0.6367360134906426,
          0.6353457631242596,
          0.635220300912632,
          0.6345217809648757,
          0.0,
          0.6354042502998851,
          2.6666637858560285,
          0.6355836959558008,
          1.3862336776236757,
          0.6358243102872645,
          0.7216300932854911,
          0.635030222149442,
          0.6905429144476957,
          0.6352310276699489,
          0.6354126245394209,
          0.635626744211244,
          0.636182401722511,
          0.636591607156335,
          0.6354136934771886,
          0.636773046557069,
          0.6359847009524363,
          0.6359581200696471,
          0.6636841755493201,
          0.635425690852047,
          0.6356128532449665,
          0.6351344150110806,
          0.9527048366348506,
          0.8518792687647507,
          0.635759926131351,
          0.637236502298556,
          0.6353844920458173
        ],
        [
          0.8398422810173581,
          0.6353829432067974,
          0.7152372950806567,
          0.635380863092698,
          0.6870978734811216,
          0.6351990803617259,
          0.6354042502998851,
          0.0,
          2.327619268933817,
          0.636181593511019,
          2.5538398603561663,
          0.635888506356553,
          0.6366464437265114,
          0.635036765820889,
          0.6364866428392937,
          0.6354203050707098,
          0.6353682657065455,
          0.63662031258459,
          0.6376958870302439,
          0.6399731686263835,
          0.6356322416799349,
          0.8005520022876563,
          0.9567212147999213,
          0.6793023383220367,
          1.27996021796756,
          0.6358117518537326,
          0.6359907266553121,
          0.6351883911021157,
          1.789408567331532,
          0.7695455900830939,
          0.637599721740434,
          0.6367747121644122,
          0.6355080304377504
        ],
        [
          6.871990077268177,
          1.8316039718497164,
          10.423147545245286,
          3.3573641820999094,
          4.230138187957719,
          1.27823878142533,
          2.6666637858560285,
          2.327619268933817,
          0.0,
          2.7173485842133043,
          5.9086860002758215,
          1.8237126127311196,
          6.294153987196931,
          1.2309113640360723,
          8.481554385564246,
          1.2845015199743703,
          2.3928898762263033,
          4.256581098629643,
          3.7703123420366893,
          2.326521996669756,
          1.0875423886946103,
          11.84189786488906,
          1.4015897463737312,
          17.076834956073142,
          11.166386126063534,
          1.4149105433892804,
          0.9888130797408534,
          0.6334969561562624,
          7.599853434347043,
          6.171109619995121,
          2.731598373332948,
          3.594852753854543,
          1.3660657644264997
        ],
        [
          0.7758870090483578,
          0.6356008315575996,
          0.6378799887023066,
          0.6355463657038595,
          1.2722125433379,
          0.951727540679063,
          0.6355836959558008,
          0.636181593511019,
          2.7173485842133043,
          0.0,
          3.1320889569459838,
          0.6358175930180211,
          1.7882001519680712,
          0.6360217830198682,
          0.63770991251102,
          0.6353050285559165,
          0.6353824279744087,
          0.7864435337369284,
          0.6374473028896126,
          1.1117648777119338,
          0.6354657157262324,
          0.9537600883537828,
          1.0958284657007575,
          0.9568872243814585,
          1.1206616036499717,
          0.635670525154711,
          0.6358767013191581,
          0.6350477894361457,
          0.8084357962244209,
          0.6370534412505867,
          0.636470050586263,
          0.6369900000804073,
          0.6354965273730062
        ],
        [
          3.873654766249104,
          0.9540292721158375,
          5.099198760663967,
          1.5869009220130463,
          5.404345838321097,
          0.9974159503212469,
          1.3862336776236757,
          2.5538398603561663,
          5.9086860002758215,
          3.1320889569459838,
          0.0,
          1.287792456803568,
          7.152380029697104,
          0.6347533126636502,
          3.3292126141262504,
          1.2757548932440343,
          0.6346389732204469,
          2.972882016803719,
          1.5866242207809076,
          9.628969530103992,
          1.2692138409570501,
          2.037378416349306,
          2.314147295488751,
          1.4282698645980434,
          2.9159704824582833,
          2.081115679578463,
          0.9883885701017521,
          0.6342872523597121,
          3.432141426569653,
          2.547147348019703,
          3.600656858835535,
          8.301916605854373,
          0.9257547994354929
        ],
        [
          0.6631568496232468,
          0.6356858948961454,
          0.6476672747609874,
          0.6358217267885248,
          0.9302208108522784,
          0.6367661866541348,
          0.6358243102872645,
          0.635888506356553,
          1.8237126127311196,
          0.6358175930180211,
          1.287792456803568,
          0.0,
          0.6359584212324524,
          0.6358764299559059,
          0.6359195665766388,
          0.9534279384099588,
          0.6357950503961924,
          0.6363215160093031,
          0.8273361719647314,
          0.6359298856668562,
          0.6359239813263762,
          0.6377695138567767,
          0.6363122628521232,
          1.004389147892605,
          0.6679081555614071,
          0.6356455577426386,
          0.6364892727697294,
          0.6354080943363815,
          1.1068164019580908,
          0.6366677383848174,
          0.6363816024525261,
          0.6354307483724998,
          0.6357232934638724
        ],
        [
          5.22122008451755,
          2.540870189802688,
          1.7943301897221122,
          0.9689732072277928,
          1.1375557193246661,
          1.2753334542256882,
          0.7216300932854911,
          0.6366464437265114,
          6.294153987196931,
          1.7882001519680712,
          7.152380029697104,
          0.6359584212324524,
          0.0,
          0.635003324730628,
          3.4826204703960117,
          0.7069075834032416,
          0.6354900557092452,
          0.6399840345699795,
          0.6436880154842497,
          1.7772782910131795,
          0.6359418919483968,
          1.216303994693532,
          1.274655069063871,
          2.3869491084409558,
          1.5070664361825148,
          1.589844698591015,
          0.9554653565554573,
          0.6357245146525924,
          1.6387418068642614,
          0.6611447237265097,
          1.2984926942713544,
          3.3161324015605897,
          1.284870057806912
        ],
        [
          0.6363286110993469,
          0.634892802406355,
          0.6351984340508773,
          0.635000147469644,
          0.634501196919901,
          2.946769817237178,
          0.635030222149442,
          0.635036765820889,
          1.2309113640360723,
          0.6360217830198682,
          0.6347533126636502,
          0.6358764299559059,
          0.635003324730628,
          0.0,
          0.6345048358078439,
          0.6347992430793785,
          0.6350390203516447,
          0.6355871622557288,
          1.2713640695521136,
          0.6348707930007643,
          0.6349986107969056,
          0.6353285815088971,
          0.6353785151818394,
          0.6360080563317677,
          1.2895445119370987,
          0.6349689610932652,
          1.5224408746227172,
          0.9553024045949365,
          0.6346385832264497,
          0.635408516924685,
          0.6352015386969413,
          0.6352736165909113,
          0.6350078783209964
        ],
        [
          0.9530683449147144,
          0.6349796422585665,
          2.287233614614951,
          0.6353396127775468,
          0.64144976427496,
          1.2724968605343572,
          0.6905429144476957,
          0.6364866428392937,
          8.481554385564246,
          0.63770991251102,
          3.3292126141262504,
          0.6359195665766388,
          3.4826204703960117,
          0.6345048358078439,
          0.0,
          0.938848042325935,
          0.6351937542584363,
          0.9928310823018555,
          0.6536491875264813,
          1.3458759808349146,
          0.6347287226207099,
          3.102670050038701,
          1.4030985294577096,
          0.6672157384591852,
          1.1637907083524992,
          0.6390432101949359,
          0.6454261654133447,
          0.6343055064596329,
          1.273988807065265,
          0.6707468305796447,
          0.6634050788343984,
          1.0837094845228952,
          0.6347120795022778
        ],
        [
          2.2122707145028855,
          0.6351536106329002,
          0.6414286223786417,
          0.6352052020545315,
          1.0218103367631286,
          0.9571145771019542,
          0.6352310276699489,
          0.6354203050707098,
          1.2845015199743703,
          0.6353050285559165,
          1.2757548932440343,
          0.9534279384099588,
          0.7069075834032416,
          0.6347992430793785,
          0.938848042325935,
          0.0,
          0.6351903093974974,
          0.6357218275268202,
          0.6671330371595566,
          0.6354426966936516,
          0.6352765994775232,
          0.6363845361299463,
          0.9626725237844728,
          0.6403264848788136,
          0.6365159396043772,
          0.6352620607582751,
          0.6358804231688144,
          0.6352106749239258,
          0.9499955594680988,
          0.9434999694001146,
          0.6358650218659962,
          0.6374085071083307,
          0.6353632274763388
        ],
        [
          0.6371046761938503,
          0.635290570678865,
          0.6360016940616438,
          0.6353993052263845,
          0.6350541033799545,
          0.9514159575833365,
          0.6354126245394209,
          0.6353682657065455,
          2.3928898762263033,
          0.6353824279744087,
          0.6346389732204469,
          0.6357950503961924,
          0.6354900557092452,
          0.6350390203516447,
          0.6351937542584363,
          0.6351903093974974,
          0.0,
          0.635594267631619,
          0.6360112574642809,
          0.635123553477534,
          0.635566323617962,
          0.6801364994063431,
          0.6360260240044757,
          1.1856056000166695,
          0.7330998714337471,
          0.635307543337586,
          0.6355896998406927,
          0.6351541349179807,
          1.0510806762560299,
          0.6362680222326248,
          0.6356374282494711,
          0.6349233791578142,
          0.6353912456607388
        ],
        [
          1.109255761827161,
          0.6354748360555783,
          1.523024882712184,
          0.6355567686504945,
          0.6377973502627734,
          0.6364675273065024,
          0.635626744211244,
          0.63662031258459,
          4.256581098629643,
          0.7864435337369284,
          2.972882016803719,
          0.6363215160093031,
          0.6399840345699795,
          0.6355871622557288,
          0.9928310823018555,
          0.6357218275268202,
          0.635594267631619,
          0.0,
          0.6512071653965632,
          0.9655547406588251,
          0.6357339536695128,
          0.9578176919339667,
          1.273449611771632,
          0.7145192814790114,
          0.8921042237642463,
          0.6426669387598687,
          0.6468652172470877,
          0.635795687472154,
          1.4332051471234795,
          0.6373843141299723,
          0.6647949636372357,
          0.6395605765120803,
          0.6362756575844893
        ],
        [
          1.2587259360451861,
          0.635730126680455,
          0.7525231267675139,
          0.636823714006462,
          2.5515200539666636,
          3.201719130875975,
          0.636182401722511,
          0.6376958870302439,
          3.7703123420366893,
          0.6374473028896126,
          1.5866242207809076,
          0.8273361719647314,
          0.6436880154842497,
          1.2713640695521136,
          0.6536491875264813,
          0.6671330371595566,
          0.6360112574642809,
          0.6512071653965632,
          0.0,
          0.692807197522039,
          0.635783825818113,
          0.6555791383358824,
          0.6441421608623774,
          0.9708368701754688,
          0.660569032545026,
          0.6363798021842093,
          1.8494011534016161,
          0.640037032421451,
          0.960859585862046,
          0.6392955349869374,
          0.6483528543974083,
          0.6431500994703087,
          0.635762122561992
        ],
        [
          0.6395521263528395,
          0.9534217861951321,
          1.8934688347315645,
          0.6352700258261378,
          2.868189173602454,
          0.6359319217611002,
          0.636591607156335,
          0.6399731686263835,
          2.326521996669756,
          1.1117648777119338,
          9.628969530103992,
          0.6359298856668562,
          1.7772782910131795,
          0.6348707930007643,
          1.3458759808349146,
          0.6354426966936516,
          0.635123553477534,
          0.9655547406588251,
          0.692807197522039,
          0.0,
          0.6354546227826832,
          1.0240948819594038,
          0.6410833385523479,
          0.6593015771970002,
          1.837981766282231,
          0.7568196592958656,
          0.6368865899775713,
          0.6347861733416108,
          0.9975388294046246,
          1.1165067673393703,
          0.6384330702576899,
          0.9567153825915831,
          0.6353058727743011
        ],
        [
          0.9538731519163028,
          0.6354863192658103,
          0.6358791533424127,
          0.6354539634333212,
          0.64364662024013,
          0.6344997073472253,
          0.6354136934771886,
          0.6356322416799349,
          1.0875423886946103,
          0.6354657157262324,
          1.2692138409570501,
          0.6359239813263762,
          0.6359418919483968,
          0.6349986107969056,
          0.6347287226207099,
          0.6352765994775232,
          0.635566323617962,
          0.6357339536695128,
          0.635783825818113,
          0.6354546227826832,
          0.0,
          0.6386677767742804,
          0.6358697220136976,
          0.7689310212949466,
          0.6375694536871415,
          0.6356143303870998,
          0.6356653357826748,
          0.6352357339477522,
          1.9832160009784292,
          0.6358143343353084,
          0.6361074313049995,
          1.2667716410586582,
          0.6354912042766989
        ],
        [
          1.0920023495055318,
          0.6376043504572807,
          1.72637395135688,
          0.9948380031439231,
          0.920473439401745,
          0.8556489442412277,
          0.636773046557069,
          0.8005520022876563,
          11.84189786488906,
          0.9537600883537828,
          2.037378416349306,
          0.6377695138567767,
          1.216303994693532,
          0.6353285815088971,
          3.102670050038701,
          0.6363845361299463,
          0.6801364994063431,
          0.9578176919339667,
          0.6555791383358824,
          1.0240948819594038,
          0.6386677767742804,
          0.0,
          1.3046008143860992,
          3.140886649422745,
          2.6147808186845434,
          1.2777308585039775,
          0.9646112525917354,
          0.6348177144774843,
          4.48273074811101,
          1.291659523169346,
          1.1364384314724771,
          0.7275313305450503,
          0.9527329033494816
        ],
        [
          0.6376241389425521,
          0.6358072974987126,
          0.7085512324909764,
          0.6358616300083044,
          0.9524736012396907,
          0.9517576547887499,
          0.6359847009524363,
          0.9567212147999213,
          1.4015897463737312,
          1.0958284657007575,
          2.314147295488751,
          0.6363122628521232,
          1.274655069063871,
          0.6353785151818394,
          1.4030985294577096,
          0.9626725237844728,
          0.6360260240044757,
          1.273449611771632,
          0.6441421608623774,
          0.6410833385523479,
          0.6358697220136976,
          1.3046008143860992,
          0.0,
          0.798808762840269,
          0.7356818742830553,
          0.6358542058158487,
          0.6361785206268021,
          0.6354922535047519,
          0.6372910628001772,
          0.8070579538615316,
          0.6366000581083119,
          0.6370237956641437,
          0.6361805841380984
        ],
        [
          1.444817426671979,
          0.6368346796280557,
          1.1999707158205528,
          0.6994350489100092,
          0.9634765712396387,
          0.6439735682851123,
          0.6359581200696471,
          0.6793023383220367,
          17.076834956073142,
          0.9568872243814585,
          1.4282698645980434,
          1.004389147892605,
          2.3869491084409558,
          0.6360080563317677,
          0.6672157384591852,
          0.6403264848788136,
          1.1856056000166695,
          0.7145192814790114,
          0.9708368701754688,
          0.6593015771970002,
          0.7689310212949466,
          3.140886649422745,
          0.798808762840269,
          0.0,
          1.8448553103955103,
          0.6445754821520152,
          0.6434582518287674,
          0.6351907670691848,
          4.906977187779787,
          0.9922465677422939,
          0.6636263779923995,
          0.6939968055145233,
          0.8624656709548026
        ],
        [
          2.0900146833543674,
          0.7269093567631097,
          1.4517313473372686,
          0.6357984461614771,
          0.9106432278555305,
          4.451553709794812,
          0.6636841755493201,
          1.27996021796756,
          11.166386126063534,
          1.1206616036499717,
          2.9159704824582833,
          0.6679081555614071,
          1.5070664361825148,
          1.2895445119370987,
          1.1637907083524992,
          0.6365159396043772,
          0.7330998714337471,
          0.8921042237642463,
          0.660569032545026,
          1.837981766282231,
          0.6375694536871415,
          2.6147808186845434,
          0.7356818742830553,
          1.8448553103955103,
          0.0,
          0.6443099016369421,
          0.639780627095728,
          0.6359720130828633,
          4.323069999379494,
          0.6404531600282896,
          0.9325201129340234,
          0.868518827050252,
          0.6355802801624961
        ],
        [
          0.7688287640273362,
          0.6391181432661058,
          1.1055863577865719,
          0.6353579243022082,
          0.6369338582347733,
          1.214432968800424,
          0.635425690852047,
          0.6358117518537326,
          1.4149105433892804,
          0.635670525154711,
          2.081115679578463,
          0.6356455577426386,
          1.589844698591015,
          0.6349689610932652,
          0.6390432101949359,
          0.6352620607582751,
          0.635307543337586,
          0.6426669387598687,
          0.6363798021842093,
          0.7568196592958656,
          0.6356143303870998,
          1.2777308585039775,
          0.6358542058158487,
          0.6445754821520152,
          0.6443099016369421,
          0.0,
          0.6612756745054152,
          0.6351694642820944,
          1.7437833310455766,
          0.6360147360823024,
          0.6365713381295407,
          0.7212871553635507,
          0.6354197124981058
        ],
        [
          0.7741176864522639,
          0.6354808680187353,
          1.2054982649312012,
          0.918679531251538,
          0.6389677346861489,
          6.027205260272789,
          0.6356128532449665,
          0.6359907266553121,
          0.9888130797408534,
          0.6358767013191581,
          0.9883885701017521,
          0.6364892727697294,
          0.9554653565554573,
          1.5224408746227172,
          0.6454261654133447,
          0.6358804231688144,
          0.6355896998406927,
          0.6468652172470877,
          1.8494011534016161,
          0.6368865899775713,
          0.6356653357826748,
          0.9646112525917354,
          0.6361785206268021,
          0.6434582518287674,
          0.639780627095728,
          0.6612756745054152,
          0.0,
          1.2145082404712233,
          0.9115839807738872,
          0.6362133316720965,
          0.9299640689731636,
          0.6787155591072833,
          0.6357912379962906
        ],
        [
          1.2995778637764583,
          0.6350724170131132,
          0.6347364841100541,
          0.6351217576150139,
          0.635096512323078,
          3.2604631547414953,
          0.6351344150110806,
          0.6351883911021157,
          0.6334969561562624,
          0.6350477894361457,
          0.6342872523597121,
          0.6354080943363815,
          0.6357245146525924,
          0.9553024045949365,
          0.6343055064596329,
          0.6352106749239258,
          0.6351541349179807,
          0.635795687472154,
          0.640037032421451,
          0.6347861733416108,
          0.6352357339477522,
          0.6348177144774843,
          0.6354922535047519,
          0.6351907670691848,
          0.6359720130828633,
          0.6351694642820944,
          1.2145082404712233,
          0.0,
          0.6784019489996844,
          0.6354152827037397,
          0.6366462077463169,
          0.6363732799034332,
          0.653745857799822
        ],
        [
          1.5222242905894146,
          1.7850244635190011,
          2.4156979490861743,
          0.9521742055755749,
          0.6432304323646689,
          1.9461944759948038,
          0.9527048366348506,
          1.789408567331532,
          7.599853434347043,
          0.8084357962244209,
          3.432141426569653,
          1.1068164019580908,
          1.6387418068642614,
          0.6346385832264497,
          1.273988807065265,
          0.9499955594680988,
          1.0510806762560299,
          1.4332051471234795,
          0.960859585862046,
          0.9975388294046246,
          1.9832160009784292,
          4.48273074811101,
          0.6372910628001772,
          4.906977187779787,
          4.323069999379494,
          1.7437833310455766,
          0.9115839807738872,
          0.6784019489996844,
          0.0,
          0.638594631503545,
          0.869177022264684,
          1.1877072284065535,
          0.6352503240767347
        ],
        [
          0.8093512579687225,
          0.7938045813712169,
          1.1183914921404807,
          0.6511051279151727,
          0.8547958326429892,
          0.6356674266915221,
          0.8518792687647507,
          0.7695455900830939,
          6.171109619995121,
          0.6370534412505867,
          2.547147348019703,
          0.6366677383848174,
          0.6611447237265097,
          0.635408516924685,
          0.6707468305796447,
          0.9434999694001146,
          0.6362680222326248,
          0.6373843141299723,
          0.6392955349869374,
          1.1165067673393703,
          0.6358143343353084,
          1.291659523169346,
          0.8070579538615316,
          0.9922465677422939,
          0.6404531600282896,
          0.6360147360823024,
          0.6362133316720965,
          0.6354152827037397,
          0.638594631503545,
          0.0,
          0.6369391073074411,
          1.0261251586576736,
          0.9485383149385658
        ],
        [
          1.2870330958330272,
          0.635849653239214,
          0.9605161015737628,
          0.6358540468912779,
          2.5610911029526386,
          2.258495361481233,
          0.635759926131351,
          0.637599721740434,
          2.731598373332948,
          0.636470050586263,
          3.600656858835535,
          0.6363816024525261,
          1.2984926942713544,
          0.6352015386969413,
          0.6634050788343984,
          0.6358650218659962,
          0.6356374282494711,
          0.6647949636372357,
          0.6483528543974083,
          0.6384330702576899,
          0.6361074313049995,
          1.1364384314724771,
          0.6366000581083119,
          0.6636263779923995,
          0.9325201129340234,
          0.6365713381295407,
          0.9299640689731636,
          0.6366462077463169,
          0.869177022264684,
          0.6369391073074411,
          0.0,
          0.6419271180702033,
          0.6357086473388649
        ],
        [
          5.024350873896396,
          0.6349387533976235,
          0.6411560899885759,
          0.6349572623887032,
          8.058987641197987,
          1.791224549470242,
          0.637236502298556,
          0.6367747121644122,
          3.594852753854543,
          0.6369900000804073,
          8.301916605854373,
          0.6354307483724998,
          3.3161324015605897,
          0.6352736165909113,
          1.0837094845228952,
          0.6374085071083307,
          0.6349233791578142,
          0.6395605765120803,
          0.6431500994703087,
          0.9567153825915831,
          1.2667716410586582,
          0.7275313305450503,
          0.6370237956641437,
          0.6939968055145233,
          0.868518827050252,
          0.7212871553635507,
          0.6787155591072833,
          0.6363732799034332,
          1.1877072284065535,
          1.0261251586576736,
          0.6419271180702033,
          0.0,
          0.6851033480794018
        ],
        [
          1.1479023970729747,
          0.6353749453616805,
          0.6354237370421222,
          0.6353621149238926,
          0.7145292481199059,
          0.6350117236591953,
          0.6353844920458173,
          0.6355080304377504,
          1.3660657644264997,
          0.6354965273730062,
          0.9257547994354929,
          0.6357232934638724,
          1.284870057806912,
          0.6350078783209964,
          0.6347120795022778,
          0.6353632274763388,
          0.6353912456607388,
          0.6362756575844893,
          0.635762122561992,
          0.6353058727743011,
          0.6354912042766989,
          0.9527329033494816,
          0.6361805841380984,
          0.8624656709548026,
          0.6355802801624961,
          0.6354197124981058,
          0.6357912379962906,
          0.653745857799822,
          0.6352503240767347,
          0.9485383149385658,
          0.6357086473388649,
          0.6851033480794018,
          0.0
        ]
      ]
    }
  },
  "nodes": {
    "EPI_ISL_402120": {
      "country": "China",
      "country_confidence": {
        "China": 1.0
      },
      "country_entropy": -1.000088900581841e-12
    },
    "EPI_ISL_402121": {
      "country": "China",
      "country_confidence": {
        "China": 1.0
      },
      "country_entropy": -1.000088900581841e-12
    },
    "EPI_ISL_402125": {
      "country": "China",
      "country_confidence": {
        "China": 1.0
      },
      "country_entropy": -1.000088900581841e-12
    },
    "EPI_ISL_402132": {
      "country": "China",
      "country_confidence": {
        "China": 1.0
      },
      "country_entropy": -1.000088900581841e-12
    },
    "EPI_ISL_403929": {
      "country": "China",
      "country_confidence": {
        "China": 1.0
      },
      "country_entropy": -1.000088900581841e-12
    },
    "EPI_ISL_403932": {
      "country": "China",
      "country_confidence": {
        "China": 1.0
      },
      "country_entropy": -1.000088900581841e-12
    },
    "EPI_ISL_404227": {
      "country": "China",
      "country_confidence": {
        "China": 1.0
      },
      "country_entropy": -1.000088900581841e-12
    },
    "EPI_ISL_404228": {
      "country": "China",
      "country_confidence": {
        "China": 1.0
      },
      "country_entropy": -1.000088900581841e-12
    },
    "EPI_ISL_406031": {
      "country": "Taiwan",
      "country_confidence": {
        "Taiwan": 1.0
      },
      "country_entropy": -1.000088900581841e-12
    },
    "EPI_ISL_406538": {
      "country": "China",
      "country_confidence": {
        "China": 1.0
      },
      "country_entropy": -1.000088900581841e-12
    },
    "EPI_ISL_406593": {
      "country": "China",
      "country_confidence": {
        "China": 1.0
      },
      "country_entropy": -1.000088900581841e-12
    },
    "EPI_ISL_406594": {
      "country": "China",
      "country_confidence": {
        "China": 1.0
      },
      "country_entropy": -1.000088900581841e-12
    },
    "EPI_ISL_406716": {
      "country": "China",
      "country_confidence": {
        "China": 1.0
      },
      "country_entropy": -1.000088900581841e-12
    },
    "EPI_ISL_406862": {
      "country": "Germany",
      "country_confidence": {
        "Germany": 1.0
      },
      "country_entropy": -1.000088900581841e-12
    },
    "EPI_ISL_406973": {
      "country": "Singapore",
      "country_confidence": {
        "Singapore": 1.0
      },
      "country_entropy": -1.000088900581841e-12
    },
    "EPI_ISL_407079": {
      "country": "Finland",
      "country_confidence": {
        "Finland": 1.0
      },
      "country_entropy": -1.000088900581841e-12
    },
    "EPI_ISL_407193": {
      "country": "South Korea",
      "country_confidence": {
        "South Korea": 0.9999999999999999
      },
      "country_entropy": -9.99866855976916e-13
    },
    "EPI_ISL_407976": {
      "country": "Belgium",
      "country_confidence": {
        "Belgium": 1.0
      },
      "country_entropy": -1.000088900581841e-12
    },
    "EPI_ISL_407987": {
      "country": "Singapore",
      "country_confidence": {
        "Singapore": 0.9999999999999999
      },
      "country_entropy": -9.99866855976916e-13
    },
    "EPI_ISL_407988": {
      "country": "Singapore",
      "country_confidence": {
        "Singapore": 1.0
      },
      "country_entropy": -1.000088900581841e-12
    },
    "EPI_ISL_408430": {
      "country": "France",
      "country_confidence": {
        "France": 1.0
      },
      "country_entropy": -1.000088900581841e-12
    },
    "EPI_ISL_408479": {
      "country": "China",
      "country_confidence": {
        "China": 1.0
      },
      "country_entropy": -1.000088900581841e-12
    },
    "EPI_ISL_408480": {
      "country": "China",
      "country_confidence": {
        "China": 1.0
      },
      "country_entropy": -1.000088900581841e-12
    },
    "EPI_ISL_408486": {
      "country": "China",
      "country_confidence": {
        "China": 1.0
      },
      "country_entropy": -1.000088900581841e-12
    },
    "EPI_ISL_408489": {
      "country": "Taiwan",
      "country_confidence": {
        "Taiwan": 1.0
      },
      "country_entropy": -1.000088900581841e-12
    },
    "EPI_ISL_408514": {
      "country": "China",
      "country_confidence": {
        "China": 1.0
      },
      "country_entropy": -1.000088900581841e-12
    },
    "EPI_ISL_408515": {
      "country": "China",
      "country_confidence": {
        "China": 1.0
      },
      "country_entropy": -1.000088900581841e-12
    },
    "EPI_ISL_408665": {
      "country": "Japan",
      "country_confidence": {
        "Japan": 1.0
      },
      "country_entropy": -1.000088900581841e-12
    },
    "EPI_ISL_408666": {
      "country": "Japan",
      "country_confidence": {
        "Japan": 1.0
      },
      "country_entropy": -1.000088900581841e-12
    },
    "EPI_ISL_408667": {
      "country": "Japan",
      "country_confidence": {
        "Japan": 1.0
      },
      "country_entropy": -1.000088900581841e-12
    },
    "EPI_ISL_408669": {
      "country": "Japan",
      "country_confidence": {
        "Japan": 1.0
      },
      "country_entropy": -1.000088900581841e-12
    },
    "EPI_ISL_410218": {
      "country": "Taiwan",
      "country_confidence": {
        "Taiwan": 1.0
      },
      "country_entropy": -1.000088900581841e-12
    },
    "EPI_ISL_410531": {
      "country": "Japan",
      "country_confidence": {
        "Japan": 1.0
      },
