Map from character to field name
A:	Argentina
B:	Australia
C:	Austria
D:	Bangladesh
E:	Belgium
F:	Bosnia and Herzegovina
G:	Brazil
H:	Canada
I:	Chile
J:	China
K:	Colombia
L:	Czech Republic
M:	Democratic Republic of the Congo
N:	Denmark
O:	Finland
P:	France
Q:	Georgia
R:	Germany
S:	Greece
T:	Hong Kong
U:	Hungary
V:	Iceland
W:	India
X:	Israel
Y:	Italy
Z:	Japan
[:	Jordan
\:	Kazakhstan
]:	Latvia
^:	Luxembourg
_:	Malaysia
`:	Mexico
a:	Morocco
b:	Netherlands
c:	New Zealand
d:	Nigeria
e:	Norway
f:	Oman
g:	Poland
h:	Portugal
i:	Romania
j:	Russia
k:	Saudi Arabia
l:	Senegal
m:	Singapore
n:	South Africa
o:	South Korea
p:	Spain
q:	Sweden
r:	Switzerland
s:	Taiwan
t:	Thailand
u:	Turkey
v:	USA
w:	Uganda
x:	United Arab Emirates
y:	United Kingdom
z:	Uruguay
{:	Vietnam
|:	?


Substitution rate (mu): 328.892157

Equilibrium frequencies (pi_i):
  A: 0.0187
  B: 0.0175
  C: 0.0169
  D: 0.0184
  E: 0.0146
  F: 0.0188
  G: 0.0159
  H: 0.0188
  I: 0.018
  J: 0.0109
  K: 0.0165
  L: 0.0173
  M: 0.0178
  N: 0.018
  O: 0.0176
  P: 0.0108
  Q: 0.0184
  R: 0.0164
  S: 0.0198
  T: 0.0165
  U: 0.0184
  V: 0.0181
  W: 0.0171
  X: 0.0178
  Y: 0.0107
  Z: 0.0148
  [: 0.019
  \: 0.0183
  ]: 0.0181
  ^: 0.0181
  _: 0.0164
  `: 0.0178
  a: 0.0183
  b: 0.0167
  c: 0.0178
  d: 0.019
  e: 0.0177
  f: 0.0168
  g: 0.0166
  h: 0.0175
  i: 0.0183
  j: 0.0153
  k: 0.017
  l: 0.0181
  m: 0.0169
  n: 0.0181
  o: 0.0153
  p: 0.0171
  q: 0.0179
  r: 0.014
  s: 0.0149
  t: 0.0163
  u: 0.0183
  v: 0.015
  w: 0.0184
  x: 0.0164
  y: 0.0151
  z: 0.0185
  {: 0.0164

Symmetrized rates from j->i (W_ij):
	A	B	C	D	E	F	G	H	I	J	K	L	M	N	O	P	Q	R	S	T	U	V	W	X	Y	Z	[	\	]	^	_	`	a	b	c	d	e	f	g	h	i	j	k	l	m	n	o	p	q	r	s	t	u	v	w	x	y	z	{
  A	0	0.8712	1.3107	1.3629	1.5671	0.7887	2.4402	0.9759	0.8079	0.814	0.7948	0.7867	0.7905	0.7779	0.7806	0.9958	0.775	1.5463	0.775	0.7748	1.1721	0.7813	0.9039	2.0427	1.0738	0.8477	0.7986	0.7708	0.7766	0.808	0.7721	0.8489	0.8265	1.3543	0.7801	0.7722	0.7781	0.7859	1.584	1.0572	0.7737	0.9265	1.1221	0.7825	0.7772	0.7733	0.7716	1.9676	0.9986	1.7008	0.8311	0.7724	0.7805	0.792	0.8322	0.7755	0.9491	0.7813	0.8048
  B	0.8712	0	1.281	1.1961	1.1745	1.2542	0.819	0.7898	1.4422	3.9947	1.4083	0.9533	1.0456	0.8032	0.8324	2.3595	0.7836	1.5048	0.9427	1.5333	0.8001	1.18	2.1473	1.1433	2.0465	1.3759	0.7906	1.3136	0.8769	1.1398	0.893	0.8719	0.7825	1.4476	0.9868	0.7994	1.0346	1.7551	1.1453	1.4509	0.7784	1.3512	1.316	1.2643	2.2933	0.8381	0.9433	1.2137	0.8414	1.3705	1.0154	1.1332	0.805	3.5119	1.0142	1.9725	1.1455	0.7852	0.9774
  C	1.3107	1.281	0	0.7811	1.0144	1.1632	1.0377	0.9065	0.824	0.8294	0.915	1.0642	1.1434	1.1326	1.1168	1.7998	0.778	1.9857	1.1729	0.7842	1.1049	1.4511	1.1784	1.2547	1.8183	1.2029	0.7804	0.7735	1.1644	1.4148	0.7799	0.8119	0.7938	2.4742	1.2751	0.7751	1.63	1.34	0.8904	0.7933	0.7774	1.9149	1.4019	0.7769	0.7916	0.8487	0.7752	1.1871	1.5526	1.2784	0.9863	0.777	0.8184	0.9091	0.7784	1.1333	1.2235	0.7848	0.7833
  D	1.3629	1.1961	0.7811	0	0.7976	0.7736	1.073	0.7749	0.7767	0.7805	0.8176	0.7738	0.7706	0.7752	0.7708	1.0357	0.7706	0.858	0.7732	0.7724	0.772	0.7741	1.0088	0.7754	0.8294	0.7768	0.772	0.7686	0.7735	0.7779	0.8765	0.7783	0.7717	0.7788	0.7744	0.7699	0.7731	0.8348	0.7849	0.7765	1.1587	2.2454	1.5653	0.7715	0.8138	0.7753	0.7697	0.9919	1.0694	1.3198	0.777	0.7716	0.8541	1.3623	0.7716	0.7741	0.784	0.7698	0.849
  E	1.5671	1.1745	1.0144	0.7976	0	1.7814	0.8763	1.1645	0.8426	1.1877	1.1761	0.8035	4.7462	0.8091	0.7907	3.8126	0.7833	1.8225	0.7828	0.7762	1.5779	0.9481	1.2162	1.0368	4.1959	0.8066	0.7999	0.7747	0.7842	2.317	0.7723	0.7966	1.1793	1.4317	0.7867	0.7778	1.173	0.7859	1.9487	1.193	0.7769	0.8372	0.8939	1.1948	0.9549	1.0585	0.7729	1.6282	1.1707	3.844	0.7954	0.7738	1.6442	0.9815	0.852	0.7822	2.0501	1.1473	0.7826
  F	0.7887	1.2542	1.1632	0.7736	1.7814	0	0.8052	0.7737	0.7799	1.0056	0.7758	0.7781	0.961	0.7773	0.7732	1.4917	0.7723	0.8582	1.0621	0.7739	1.0286	0.7826	0.829	0.7765	1.0027	0.7853	0.7757	0.7709	0.8246	1.5583	0.7717	0.7736	0.7824	1.2595	0.7766	0.7711	1.1663	0.8473	0.9273	0.8587	0.8277	0.906	0.7855	0.7826	0.7761	1.0971	0.772	0.8173	1.1755	1.4838	0.7783	0.7729	0.7762	0.7837	1.133	0.777	0.7889	0.7721	0.7767
  G	2.4402	0.819	1.0377	1.073	0.8763	0.8052	0	0.8809	2.3883	0.7863	0.7772	1.1515	0.772	0.7771	0.7719	1.9538	0.7727	1.1821	0.783	0.7729	0.7757	0.8477	0.7865	0.7822	2.3191	1.0333	0.7927	0.7686	0.774	0.781	0.8538	0.7857	0.7745	2.1972	0.7812	0.7707	0.7755	1.0904	1.2056	0.7786	1.1109	1.3414	1.1721	0.7716	0.7742	0.7741	0.7722	0.7834	1.1455	0.8532	0.777	0.7757	0.8978	0.8806	0.7724	0.779	1.4702	1.1951	0.7779
  H	0.9759	0.7898	0.9065	0.7749	1.1645	0.7737	0.8809	0	0.7852	1.0594	1.235	0.7744	0.7748	1.0268	1.1761	1.218	0.774	1.7547	0.7742	0.7769	0.7738	0.7817	0.85	1.9812	0.8464	0.7806	0.7746	0.7692	0.7772	0.8527	0.7713	0.7791	0.7718	0.7924	0.7805	1.0485	1.032	1.0149	0.7946	0.7763	0.7709	0.7865	0.8906	0.7711	0.8057	0.7715	0.7725	0.7815	1.0265	1.115	1.2184	0.7738	0.8388	4.8941	0.7716	1.4231	1.5737	0.7708	1.0114
  I	0.8079	1.4422	0.824	0.7767	0.8426	0.7799	2.3883	0.7852	0	1.4209	1.0601	1.1546	0.8065	0.7903	1.2029	2.2318	0.9298	1.1324	1.4698	0.7786	1.241	0.7935	1.1913	0.7908	1.7384	1.1601	0.8024	0.7722	0.7786	0.8832	1.0378	0.8027	1.027	0.9677	1.0222	1.0608	0.7786	1.2061	1.6262	0.8625	0.7734	0.8075	0.8218	0.7762	0.8472	0.7778	0.7745	1.5064	0.8377	1.711	0.9124	0.7773	0.7882	1.252	0.7751	0.8218	1.3908	0.7732	0.9571
  J	0.814	3.9947	0.8294	0.7805	1.1877	1.0056	0.7863	1.0594	1.4209	0	1.285	0.7817	0.9847	0.8143	0.7855	1.8222	0.794	1.2882	0.7928	4.2332	0.78	1.0429	1.2621	0.9172	1.5287	5.7241	0.877	1.0271	1.0292	1.2151	4.1149	0.926	0.8185	1.0291	2.167	0.7758	1.5272	1.8828	0.8748	0.7893	0.7891	0.7977	1.7452	0.7813	3.0312	1.0959	4.753	1.5683	0.8639	0.8444	7.8169	4.5612	1.5879	6.5227	0.9056	3.1982	1.9839	0.8437	1.7812
  K	0.7948	1.4083	0.915	0.8176	1.1761	0.7758	0.7772	1.235	1.0601	1.285	0	0.7785	0.7736	1.87	1.2776	1.0849	0.7737	0.8675	1.0398	0.7874	0.7813	0.9712	1.2076	1.2368	1.5691	2.9234	0.7749	0.7703	0.7758	1.0286	0.7742	0.8919	0.7759	0.8951	1.2003	0.777	1.1893	0.7783	0.7851	0.8179	0.7708	0.9036	1.6284	0.7732	0.7838	0.7741	0.7738	1.2452	1.0603	0.8492	0.7874	0.7747	0.7769	2.2219	0.7722	0.777	1.3206	1.0074	0.7805
  L	0.7867	0.9533	1.0642	0.7738	0.8035	0.7781	1.1515	0.7744	1.1546	0.7817	0.7785	0	0.774	0.9598	0.7729	1.1869	0.7742	1.3531	0.7825	0.7746	1.1531	0.8032	0.7933	0.7754	2.552	1.0031	1.0968	0.7698	0.7771	0.9677	0.7713	0.7758	1.0303	1.2102	0.7784	0.7706	0.7757	0.7843	0.8733	1.156	0.7728	1.0264	0.7803	0.7745	0.7768	0.7744	0.7709	0.795	0.8955	1.3928	0.7779	0.7717	1.2673	0.7809	0.7743	0.783	2.0377	0.7734	0.7926
  M	0.7905	1.0456	1.1434	0.7706	4.7462	0.961	0.772	0.7748	0.8065	0.9847	0.7736	0.774	0	0.7752	0.7713	1.8952	0.7703	1.1784	0.7706	0.7711	1.076	0.7771	1.0248	1.0317	0.9192	0.776	0.7723	0.7681	0.7734	1.7187	0.7692	0.7713	0.7722	0.7818	0.7729	0.7688	0.773	0.775	1.6138	1.3388	0.7686	0.7805	0.7755	0.7781	0.774	0.7722	0.7697	0.7826	0.7934	1.6965	0.7757	0.7704	0.7739	0.7874	0.7713	0.7729	0.7951	0.7773	0.7728
  N	0.7779	0.8032	1.1326	0.7752	0.8091	0.7773	0.7771	1.0268	0.7903	0.8143	1.87	0.9598	0.7752	0	1.1079	3.0713	0.7855	0.89	0.7784	0.7735	0.7894	0.8004	0.8272	1.027	1.7904	0.7851	0.7765	0.7702	1.311	1.0718	0.7714	0.7858	1.1799	0.8533	1.1655	0.7712	1.0629	0.7808	0.7852	0.783	0.7712	1.0735	0.7784	0.7733	0.8545	0.7889	0.7714	0.7828	2.4647	1.2771	0.9705	0.774	0.779	1.4259	0.7722	0.7781	0.7955	0.7712	1.0152
  O	0.7806	0.8324	1.1168	0.7708	0.7907	0.7732	0.7719	1.1761	1.2029	0.7855	1.2776	0.7729	0.7713	1.1079	0	1.5618	1.1401	0.8644	0.7715	0.7957	0.7782	0.8023	0.8553	0.9105	1.5368	0.7777	0.7716	0.7681	0.7723	1.3683	0.7893	0.7891	0.7712	0.7794	0.7741	0.7957	0.7736	0.7743	1.1628	0.7765	0.7684	0.7788	1.0712	0.7706	2.1719	0.77	0.7694	0.9374	0.7764	0.7854	0.7754	0.7708	0.785	1.1574	0.7701	0.7719	0.8459	0.7688	0.7733
  P	0.9958	2.3595	1.7998	1.0357	3.8126	1.4917	1.9538	1.218	2.2318	1.8222	1.0849	1.1869	1.8952	3.0713	1.5618	0	0.8502	2.5329	0.784	0.803	1.1922	0.9459	1.3973	2.7974	3.7635	1.1895	0.8465	1.0368	1.8058	2.7944	0.8555	0.8044	2.1469	2.2145	0.9677	1.2305	1.6254	1.1962	1.8413	1.1471	0.8014	0.9251	1.0556	2.7966	1.1217	0.7835	0.7868	1.0566	2.5861	3.0865	1.7282	1.3296	1.3433	4.9927	0.8579	1.4565	1.526	0.7767	1.5695
  Q	0.775	0.7836	0.778	0.7706	0.7833	0.7723	0.7727	0.774	0.9298	0.794	0.7737	0.7742	0.7703	0.7855	1.1401	0.8502	0	1.0666	0.7712	0.7744	0.7766	0.7748	0.8134	0.7721	1.8438	0.7787	0.7739	0.7678	0.7717	0.7989	0.8008	0.795	0.7815	0.9164	0.7756	0.7686	0.7716	1.1602	0.88	1.1811	0.7688	0.7788	0.7734	0.7699	0.7787	0.7698	0.7695	1.196	0.7756	1.2325	0.7755	0.7699	0.7726	1.2921	0.7701	1.1428	1.0995	0.769	0.774
  R	1.5463	1.5048	1.9857	0.858	1.8225	0.8582	1.1821	1.7547	1.1324	1.2882	0.8675	1.3531	1.1784	0.89	0.8644	2.5329	1.0666	0	0.7898	0.9203	1.7676	0.8239	2.228	1.4165	4.1608	1.3032	0.8773	0.7764	1.4948	1.0679	0.7825	1.0113	0.8038	1.3876	1.1887	0.7778	1.0731	1.0148	1.4828	1.7657	1.0688	1.8996	0.8007	0.7964	0.7903	0.8066	0.7781	1.5004	1.3305	2.2366	1.2494	0.7821	1.1928	0.8486	1.3076	1.0339	0.9888	0.7774	1.3154
  S	0.775	0.9427	1.1729	0.7732	0.7828	1.0621	0.783	0.7742	1.4698	0.7928	1.0398	0.7825	0.7706	0.7784	0.7715	0.784	0.7712	0.7898	0	0.7737	0.7743	0.7765	1.0393	0.7873	0.8701	1.1953	1.4846	0.7691	1.1632	0.7971	1.0076	0.7922	0.7827	1.0777	0.7858	1.4246	0.7749	0.7793	0.7979	0.7777	0.7709	2.0035	0.7776	0.7706	0.832	1.1658	0.7757	0.9242	1.2546	0.888	0.7768	0.8183	0.7751	0.7817	0.7726	1.0523	2.3751	0.7704	0.8748
  T	0.7748	1.5333	0.7842	0.7724	0.7762	0.7739	0.7729	0.7769	0.7786	4.2332	0.7874	0.7746	0.7711	0.7735	0.7957	0.803	0.7744	0.9203	0.7737	0	0.7732	0.7757	1.1556	0.7772	1.7322	0.8086	0.7742	0.7692	0.7751	0.7887	1.501	0.7928	0.7718	0.789	0.7857	0.7694	0.7762	0.7868	0.8778	0.7847	0.7699	1.0365	1.1765	0.7707	1.0453	0.7724	1.4905	0.8096	0.8795	0.7857	0.9356	1.1058	0.7803	1.2538	0.772	1.0653	1.2807	0.7799	1.0656
  U	1.1721	0.8001	1.1049	0.772	1.5779	1.0286	0.7757	0.7738	1.241	0.78	0.7813	1.1531	1.076	0.7894	0.7782	1.1922	0.7766	1.7676	0.7743	0.7732	0	0.8204	1.1366	0.7773	1.7158	1.5657	0.7754	0.7691	0.7747	1.0661	0.7702	0.7751	0.7749	0.8656	1.1562	0.7698	0.7749	0.7773	0.9816	0.9669	0.7711	0.8039	0.7762	0.7718	0.7747	0.7783	0.7702	1.5113	0.7802	1.1729	0.7768	0.7709	0.7777	0.7821	0.7741	0.7735	1.1239	0.7702	0.7765
  V	0.7813	1.18	1.4511	0.7741	0.9481	0.7826	0.8477	0.7817	0.7935	1.0429	0.9712	0.8032	0.7771	0.8004	0.8023	0.9459	0.7748	0.8239	0.7765	0.7757	0.8204	0	0.7945	0.8435	1.9498	0.7885	0.7783	0.771	1.1935	0.9499	0.772	0.8498	0.7807	1.0224	0.8865	0.7736	0.7778	0.9539	0.9136	1.064	0.7714	0.8091	0.7884	0.7806	0.7781	0.787	0.773	0.8498	1.035	1.6905	0.7924	0.7758	0.7771	1.4179	0.7762	0.7768	1.5893	0.8806	0.7909
  W	0.9039	2.1473	1.1784	1.0088	1.2162	0.829	0.7865	0.85	1.1913	1.2621	1.2076	0.7933	1.0248	0.8272	0.8553	1.3973	0.8134	2.228	1.0393	1.1556	1.1366	0.7945	0	0.8436	3.0369	0.8965	0.7808	0.7729	0.8111	1.0011	1.189	0.8119	1.13	0.9184	0.7893	0.7782	0.7852	1.5914	1.0936	0.7993	0.7746	1.4704	2.3237	0.7775	3.5791	1.5398	0.9143	1.4143	0.8158	2.1212	1.7018	0.8836	0.8819	0.9726	0.7777	0.7878	1.6345	0.776	0.9021
  X	2.0427	1.1433	1.2547	0.7754	1.0368	0.7765	0.7822	1.9812	0.7908	0.9172	1.2368	0.7754	1.0317	1.027	0.9105	2.7974	0.7721	1.4165	0.7873	0.7772	0.7773	0.8435	0.8436	0	0.8024	1.4638	0.835	1.1561	0.7746	1.2915	0.7773	1.1162	0.7826	1.1016	1.1714	0.7782	0.83	0.7783	1.1499	1.0831	0.7701	0.7825	0.9524	0.7745	1.1235	0.7717	0.7744	0.8635	0.78	0.8316	0.7792	0.779	0.7938	1.1874	0.7723	0.7762	0.7985	0.7708	0.776
  Y	1.0738	2.0465	1.8183	0.8294	4.1959	1.0027	2.3191	0.8464	1.7384	1.5287	1.5691	2.552	0.9192	1.7904	1.5368	3.7635	1.8438	4.1608	0.8701	1.7322	1.7158	1.9498	3.0369	0.8024	0	2.5709	1.2666	0.7814	1.1216	2.3947	0.8838	1.6681	1.393	3.3782	1.2024	0.7795	1.4784	1.6801	5.0494	3.0488	0.8618	2.3012	0.815	1.1872	0.8745	0.8962	0.8484	2.0666	1.6298	5.2711	1.239	0.7949	1.188	1.9581	1.3202	1.1722	3.9973	0.8061	1.8924
  Z	0.8477	1.3759	1.2029	0.7768	0.8066	0.7853	1.0333	0.7806	1.1601	5.7241	2.9234	1.0031	0.776	0.7851	0.7777	1.1895	0.7787	1.3032	1.1953	0.8086	1.5657	0.7885	0.8965	1.4638	2.5709	0	1.3163	0.772	0.8912	0.7965	1.5637	1.0306	0.8706	1.8079	0.7872	0.7724	0.7797	0.7906	1.0549	1.1929	0.7734	0.8688	0.7905	0.7742	2.4993	0.7833	0.8295	1.0383	0.7923	1.9587	1.4244	1.1314	1.0752	1.325	0.7757	1.5045	1.1523	0.7767	1.487
  [	0.7986	0.7906	0.7804	0.772	0.7999	0.7757	0.7927	0.7746	0.8024	0.877	0.7749	1.0968	0.7723	0.7765	0.7716	0.8465	0.7739	0.8773	1.4846	0.7742	0.7754	0.7783	0.7808	0.835	1.2666	1.3163	0	0.7698	0.7743	0.7794	0.7725	1.0709	0.7767	2.2231	0.7955	1.0013	0.792	0.8951	1.4021	1.7913	0.7706	0.7903	1.1659	0.7722	1.2704	0.7715	0.783	0.8533	0.7787	1.4606	0.7811	0.8577	0.8055	0.7846	1.0693	0.8876	0.8188	0.7716	1.226
  \	0.7708	1.3136	0.7735	0.7686	0.7747	0.7709	0.7686	0.7692	0.7722	1.0271	0.7703	0.7698	0.7681	0.7702	0.7681	1.0368	0.7678	0.7764	0.7691	0.7692	0.7691	0.771	0.7729	1.1561	0.7814	0.772	0.7698	0	0.7693	0.7736	0.7674	0.7694	0.7682	0.7735	0.7698	0.7671	1.0111	0.9914	0.7835	0.7717	0.7674	0.7751	0.7722	0.9337	0.7708	0.7874	0.7679	1.4666	0.7714	1.143	0.7717	0.7681	0.7721	0.7752	0.7691	0.77	0.7849	0.7675	1.0238
  ]	0.7766	0.8769	1.1644	0.7735	0.7842	0.8246	0.774	0.7772	0.7786	1.0292	0.7758	0.7771	0.7734	1.311	0.7723	1.8058	0.7717	1.4948	1.1632	0.7751	0.7747	1.1935	0.8111	0.7746	1.1216	0.8912	0.7743	0.7693	0	1.3741	0.7723	0.7773	1.0648	0.8283	0.7759	0.7703	0.7757	1.0016	0.8703	0.7784	0.7706	1.9183	1.0194	0.7717	0.8023	0.8003	0.7804	0.7804	0.8053	1.7014	1.3821	0.7733	1.1689	0.7895	0.7727	0.7785	1.1812	0.7705	0.7769
  ^	0.808	1.1398	1.4148	0.7779	2.317	1.5583	0.781	0.8527	0.8832	1.2151	1.0286	0.9677	1.7187	1.0718	1.3683	2.7944	0.7989	1.0679	0.7971	0.7887	1.0661	0.9499	1.0011	1.2915	2.3947	0.7965	0.7794	0.7736	1.3741	0	0.7757	0.8485	0.7934	1.1162	0.7834	0.8447	0.8025	0.7862	1.1291	0.8376	0.7819	0.8763	0.8458	0.792	0.7922	1.0523	0.7798	1.1939	1.3824	1.2589	0.7863	0.7774	0.7835	1.1974	0.8107	0.7852	1.0497	0.7745	0.7814
  _	0.7721	0.893	0.7799	0.8765	0.7723	0.7717	0.8538	0.7713	1.0378	4.1149	0.7742	0.7713	0.7692	0.7714	0.7893	0.8555	0.8008	0.7825	1.0076	1.501	0.7702	0.772	1.189	0.7773	0.8838	1.5637	0.7725	0.7674	0.7723	0.7757	0	0.8046	0.7699	0.7765	0.7731	0.7689	0.7714	0.7744	0.778	0.7723	0.7683	0.7778	1.2789	0.7695	2.0933	0.7694	0.7758	0.7785	1.1411	0.7791	0.782	1.0535	0.7772	1.0091	0.7695	0.7739	0.8446	0.7691	0.7738
  `	0.8489	0.8719	0.8119	0.7783	0.7966	0.7736	0.7857	0.7791	0.8027	0.926	0.8919	0.7758	0.7713	0.7858	0.7891	0.8044	0.795	1.0113	0.7922	0.7928	0.7751	0.8498	0.8119	1.1162	1.6681	1.0306	1.0709	0.7694	0.7773	0.8485	0.8046	0	0.7769	1.0608	0.7758	0.7706	0.7804	0.7778	1.0163	0.7794	0.7699	0.7825	1.0934	0.7713	0.9231	0.7711	0.7738	1.4762	0.7787	0.886	0.8397	0.7783	0.7745	3.1827	0.7716	0.7766	2.0114	1.306	0.8558
  a	0.8265	0.7825	0.7938	0.7717	1.1793	0.7824	0.7745	0.7718	1.027	0.8185	0.7759	1.0303	0.7722	1.1799	0.7712	2.1469	0.7815	0.8038	0.7827	0.7718	0.7749	0.7807	1.13	0.7826	1.393	0.8706	0.7767	0.7682	1.0648	0.7934	0.7699	0.7769	0	0.8339	1.0274	0.7693	0.7735	0.775	1.1498	0.7776	0.7705	1.038	0.7753	0.7709	0.7748	0.7812	0.7696	0.7798	0.7793	1.6078	0.7864	0.7708	0.7746	0.7969	0.7712	0.7805	1.0301	0.7693	0.7758
  b	1.3543	1.4476	2.4742	0.7788	1.4317	1.2595	2.1972	0.7924	0.9677	1.0291	0.8951	1.2102	0.7818	0.8533	0.7794	2.2145	0.9164	1.3876	1.0777	0.789	0.8656	1.0224	0.9184	1.1016	3.3782	1.8079	2.2231	0.7735	0.8283	1.1162	0.7765	1.0608	0.8339	0	1.3691	0.7739	0.8242	1.3932	1.0074	1.3699	0.774	0.8062	0.7857	0.972	0.8264	0.7817	0.9569	1.1056	1.0769	3.0801	0.8409	0.9366	0.785	0.8651	0.7786	0.7851	2.7489	0.8333	0.789
  c	0.7801	0.9868	1.2751	0.7744	0.7867	0.7766	0.7812	0.7805	1.0222	2.167	1.2003	0.7784	0.7729	1.1655	0.7741	0.9677	0.7756	1.1887	0.7858	0.7857	1.1562	0.8865	0.7893	1.1714	1.2024	0.7872	0.7955	0.7698	0.7759	0.7834	0.7731	0.7758	1.0274	1.3691	0	0.7725	1.0487	0.7809	0.7849	1.0567	0.7981	1.2748	0.9714	0.7722	0.7908	0.7728	0.7767	0.7822	0.7866	1.2079	0.9089	1.0242	0.7779	2.4505	0.7724	0.7784	1.5958	0.7714	0.7793
  d	0.7722	0.7994	0.7751	0.7699	0.7778	0.7711	0.7707	1.0485	1.0608	0.7758	0.777	0.7706	0.7688	0.7712	0.7957	1.2305	0.7686	0.7778	1.4246	0.7694	0.7698	0.7736	0.7782	0.7782	0.7795	0.7724	1.0013	0.7671	0.7703	0.8447	0.7689	0.7706	0.7693	0.7739	0.7725	0	0.7722	0.7716	0.7747	0.7716	0.7675	0.7754	1.5525	1.0052	0.7711	0.7688	0.7681	0.7747	0.7724	0.7778	0.7722	0.7689	0.7718	0.8992	0.7691	0.7705	0.789	0.7679	0.7711
  e	0.7781	1.0346	1.63	0.7731	1.173	1.1663	0.7755	1.032	0.7786	1.5272	1.1893	0.7757	0.773	1.0629	0.7736	1.6254	0.7716	1.0731	0.7749	0.7762	0.7749	0.7778	0.7852	0.83	1.4784	0.7797	0.792	1.0111	0.7757	0.8025	0.7714	0.7804	0.7735	0.8242	1.0487	0.7722	0	1.0191	0.7813	0.7775	0.7705	1.1817	0.9687	0.7727	0.7758	0.7723	0.8986	0.7796	1.0435	0.8353	1.1152	0.7866	1.0587	1.2165	0.7726	0.8305	1.173	0.7709	1.0325
  f	0.7859	1.7551	1.34	0.8348	0.7859	0.8473	1.0904	1.0149	1.2061	1.8828	0.7783	0.7843	0.775	0.7808	0.7743	1.1962	1.1602	1.0148	0.7793	0.7868	0.7773	0.9539	1.5914	0.7783	1.6801	0.7906	0.8951	0.9914	1.0016	0.7862	0.7744	0.7778	0.775	1.3932	0.7809	0.7716	1.0191	0	0.8802	0.7826	0.7721	0.7996	0.7823	0.7749	1.0628	0.7778	0.7759	1.0295	1.2098	1.8331	1.027	0.7773	1.5651	1.4126	1.3773	1.5481	0.8153	1.396	0.7793
  g	1.584	1.1453	0.8904	0.7849	1.9487	0.9273	1.2056	0.7946	1.6262	0.8748	0.7851	0.8733	1.6138	0.7852	1.1628	1.8413	0.88	1.4828	0.7979	0.8778	0.9816	0.9136	1.0936	1.1499	5.0494	1.0549	1.4021	0.7835	0.8703	1.1291	0.778	1.0163	1.1498	1.0074	0.7849	0.7747	0.7813	0.8802	0	2.1756	0.7983	1.9548	1.1631	0.8458	0.8444	0.7954	1.0664	1.2643	0.822	2.1014	0.855	0.8553	0.962	1.0378	0.881	1.0301	1.1232	0.7845	1.0122
  h	1.0572	1.4509	0.7933	0.7765	1.193	0.8587	0.7786	0.7763	0.8625	0.7893	0.8179	1.156	1.3388	0.783	0.7765	1.1471	1.1811	1.7657	0.7777	0.7847	0.9669	1.064	0.7993	1.0831	3.0488	1.1929	1.7913	0.7717	0.7784	0.8376	0.7723	0.7794	0.7776	1.3699	1.0567	0.7716	0.7775	0.7826	2.1756	0	1.0185	1.0565	0.7879	0.786	0.8147	0.7746	0.7729	1.3889	0.7888	1.2885	1.0205	0.7739	1.517	0.8035	0.7806	0.7792	1.7298	0.7726	1.2925
  i	0.7737	0.7784	0.7774	1.1587	0.7769	0.8277	1.1109	0.7709	0.7734	0.7891	0.7708	0.7728	0.7686	0.7712	0.7684	0.8014	0.7688	1.0688	0.7709	0.7699	0.7711	0.7714	0.7746	0.7701	0.8618	0.7734	0.7706	0.7674	0.7706	0.7819	0.7683	0.7699	0.7705	0.774	0.7981	0.7675	0.7705	0.7721	0.7983	1.0185	0	2.0115	0.7881	0.7693	0.7745	0.7695	0.7681	1.0173	0.8128	0.8283	0.8684	0.7688	0.7733	0.9311	0.8444	0.7708	0.779	0.7677	1.309
  j	0.9265	1.3512	1.9149	2.2454	0.8372	0.906	1.3414	0.7865	0.8075	0.7977	0.9036	1.0264	0.7805	1.0735	0.7788	0.9251	0.7788	1.8996	2.0035	1.0365	0.8039	0.8091	1.4704	0.7825	2.3012	0.8688	0.7903	0.7751	1.9183	0.8763	0.7778	0.7825	1.038	0.8062	1.2748	0.7754	1.1817	0.7996	1.9548	1.0565	2.0115	0	1.5748	0.7788	0.9298	2.0354	0.7768	0.8023	2.8197	2.0329	1.0192	0.8916	1.3897	1.1302	1.4944	1.2282	1.7157	0.7758	3.0859
  k	1.1221	1.316	1.4019	1.5653	0.8939	0.7855	1.1721	0.8906	0.8218	1.7452	1.6284	0.7803	0.7755	0.7784	1.0712	1.0556	0.7734	0.8007	0.7776	1.1765	0.7762	0.7884	2.3237	0.9524	0.815	0.7905	1.1659	0.7722	1.0194	0.8458	1.2789	1.0934	0.7753	0.7857	0.9714	1.5525	0.9687	0.7823	1.1631	0.7879	0.7881	1.5748	0	1.328	0.7863	0.7749	0.7783	1.0612	0.8099	0.8262	0.8729	0.7779	2.3628	1.5116	0.7884	0.7794	1.1068	0.8203	0.7793
  l	0.7825	1.2643	0.7769	0.7715	1.1948	0.7826	0.7716	0.7711	0.7762	0.7813	0.7732	0.7745	0.7781	0.7733	0.7706	2.7966	0.7699	0.7964	0.7706	0.7707	0.7718	0.7806	0.7775	0.7745	1.1872	0.7742	0.7722	0.9337	0.7717	0.792	0.7695	0.7713	0.7709	0.972	0.7722	1.0052	0.7727	0.7749	0.8458	0.786	0.7693	0.7788	1.328	0	0.7723	0.7696	0.7689	1.1218	0.7752	1.2132	0.7742	0.7701	0.7734	0.9488	1.0399	0.7726	0.7801	0.7688	0.7722
  m	0.7772	2.2933	0.7916	0.8138	0.9549	0.7761	0.7742	0.8057	0.8472	3.0312	0.7838	0.7768	0.774	0.8545	2.1719	1.1217	0.7787	0.7903	0.832	1.0453	0.7747	0.7781	3.5791	1.1235	0.8745	2.4993	1.2704	0.7708	0.8023	0.7922	2.0933	0.9231	0.7748	0.8264	0.7908	0.7711	0.7758	1.0628	0.8444	0.8147	0.7745	0.9298	0.7863	0.7723	0	0.7733	1.1242	1.3663	0.7885	0.8976	1.9248	2.567	0.7835	1.022	0.7733	1.159	1.8528	0.7717	1.0732
  n	0.7733	0.8381	0.8487	0.7753	1.0585	1.0971	0.7741	0.7715	0.7778	1.0959	0.7741	0.7744	0.7722	0.7889	0.77	0.7835	0.7698	0.8066	1.1658	0.7724	0.7783	0.787	1.5398	0.7717	0.8962	0.7833	0.7715	0.7874	0.8003	1.0523	0.7694	0.7711	0.7812	0.7817	0.7728	0.7688	0.7723	0.7778	0.7954	0.7746	0.7695	2.0354	0.7749	0.7696	0.7733	0	0.77	0.7788	0.9902	1.2597	0.7754	0.7708	0.7733	0.8596	0.7713	1.1418	0.7935	0.7694	0.7741
  o	0.7716	0.9433	0.7752	0.7697	0.7729	0.772	0.7722	0.7725	0.7745	4.753	0.7738	0.7709	0.7697	0.7714	0.7694	0.7868	0.7695	0.7781	0.7757	1.4905	0.7702	0.773	0.9143	0.7744	0.8484	0.8295	0.783	0.7679	0.7804	0.7798	0.7758	0.7738	0.7696	0.9569	0.7767	0.7681	0.8986	0.7759	1.0664	0.7729	0.7681	0.7768	0.7783	0.7689	1.1242	0.77	0	0.7913	1.0162	0.7954	1.3745	1.4083	0.7729	1.171	0.77	0.7911	0.9148	0.7697	0.787
  p	1.9676	1.2137	1.1871	0.9919	1.6282	0.8173	0.7834	0.7815	1.5064	1.5683	1.2452	0.795	0.7826	0.7828	0.9374	1.0566	1.196	1.5004	0.9242	0.8096	1.5113	0.8498	1.4143	0.8635	2.0666	1.0383	0.8533	1.4666	0.7804	1.1939	0.7785	1.4762	0.7798	1.1056	0.7822	0.7747	0.7796	1.0295	1.2643	1.3889	1.0173	0.8023	1.0612	1.1218	1.3663	0.7788	0.7913	0	1.1751	1.2485	0.8082	0.7786	0.7834	1.0698	1.1048	0.7808	1.7497	0.7767	1.1668
  q	0.9986	0.8414	1.5526	1.0694	1.1707	1.1755	1.1455	1.0265	0.8377	0.8639	1.0603	0.8955	0.7934	2.4647	0.7764	2.5861	0.7756	1.3305	1.2546	0.8795	0.7802	1.035	0.8158	0.78	1.6298	0.7923	0.7787	0.7714	0.8053	1.3824	1.1411	0.7787	0.7793	1.0769	0.7866	0.7724	1.0435	1.2098	0.822	0.7888	0.8128	2.8197	0.8099	0.7752	0.7885	0.9902	1.0162	1.1751	0	2.4073	0.8018	1.0827	0.8969	1.2135	0.7766	1.6529	0.847	0.7907	1.0255
  r	1.7008	1.3705	1.2784	1.3198	3.844	1.4838	0.8532	1.115	1.711	0.8444	0.8492	1.3928	1.6965	1.2771	0.7854	3.0865	1.2325	2.2366	0.888	0.7857	1.1729	1.6905	2.1212	0.8316	5.2711	1.9587	1.4606	1.143	1.7014	1.2589	0.7791	0.886	1.6078	3.0801	1.2079	0.7778	0.8353	1.8331	2.1014	1.2885	0.8283	2.0329	0.8262	1.2132	0.8976	1.2597	0.7954	1.2485	2.4073	0	1.6624	0.8051	1.0552	1.3205	0.8018	1.3548	3.2992	0.9248	1.1656
  s	0.8311	1.0154	0.9863	0.777	0.7954	0.7783	0.777	1.2184	0.9124	7.8169	0.7874	0.7779	0.7757	0.9705	0.7754	1.7282	0.7755	1.2494	0.7768	0.9356	0.7768	0.7924	1.7018	0.7792	1.239	1.4244	0.7811	0.7717	1.3821	0.7863	0.782	0.8397	0.7864	0.8409	0.9089	0.7722	1.1152	1.027	0.855	1.0205	0.8684	1.0192	0.8729	0.7742	1.9248	0.7754	1.3745	0.8082	0.8018	1.6624	0	1.1041	1.3299	2.578	0.7753	1.5872	0.9065	0.7744	1.0132
  t	0.7724	1.1332	0.777	0.7716	0.7738	0.7729	0.7757	0.7738	0.7773	4.5612	0.7747	0.7717	0.7704	0.774	0.7708	1.3296	0.7699	0.7821	0.8183	1.1058	0.7709	0.7758	0.8836	0.779	0.7949	1.1314	0.8577	0.7681	0.7733	0.7774	1.0535	0.7783	0.7708	0.9366	1.0242	0.7689	0.7866	0.7773	0.8553	0.7739	0.7688	0.8916	0.7779	0.7701	2.567	0.7708	1.4083	0.7786	1.0827	0.8051	1.1041	0	0.774	1.3091	0.7706	1.1902	0.8049	0.7696	0.7937
  u	0.7805	0.805	0.8184	0.8541	1.6442	0.7762	0.8978	0.8388	0.7882	1.5879	0.7769	1.2673	0.7739	0.779	0.785	1.3433	0.7726	1.1928	0.7751	0.7803	0.7777	0.7771	0.8819	0.7938	1.188	1.0752	0.8055	0.7721	1.1689	0.7835	0.7772	0.7745	0.7746	0.785	0.7779	0.7718	1.0587	1.5651	0.962	1.517	0.7733	1.3897	2.3628	0.7734	0.7835	0.7733	0.7729	0.7834	0.8969	1.0552	1.3299	0.774	0	0.7903	0.7745	0.9392	0.8591	0.7717	0.7919
  v	0.792	3.5119	0.9091	1.3623	0.9815	0.7837	0.8806	4.8941	1.252	6.5227	2.2219	0.7809	0.7874	1.4259	1.1574	4.9927	1.2921	0.8486	0.7817	1.2538	0.7821	1.4179	0.9726	1.1874	1.9581	1.325	0.7846	0.7752	0.7895	1.1974	1.0091	3.1827	0.7969	0.8651	2.4505	0.8992	1.2165	1.4126	1.0378	0.8035	0.9311	1.1302	1.5116	0.9488	1.022	0.8596	1.171	1.0698	1.2135	1.3205	2.578	1.3091	0.7903	0	0.7801	1.4026	1.6455	1.1131	1.6158
  w	0.8322	1.0142	0.7784	0.7716	0.852	1.133	0.7724	0.7716	0.7751	0.9056	0.7722	0.7743	0.7713	0.7722	0.7701	0.8579	0.7701	1.3076	0.7726	0.772	0.7741	0.7762	0.7777	0.7723	1.3202	0.7757	1.0693	0.7691	0.7727	0.8107	0.7695	0.7716	0.7712	0.7786	0.7724	0.7691	0.7726	1.3773	0.881	0.7806	0.8444	1.4944	0.7884	1.0399	0.7733	0.7713	0.77	1.1048	0.7766	0.8018	0.7753	0.7706	0.7745	0.7801	0	1.1623	1.17	0.7695	0.7746
  x	0.7755	1.9725	1.1333	0.7741	0.7822	0.777	0.779	1.4231	0.8218	3.1982	0.777	0.783	0.7729	0.7781	0.7719	1.4565	1.1428	1.0339	1.0523	1.0653	0.7735	0.7768	0.7878	0.7762	1.1722	1.5045	0.8876	0.77	0.7785	0.7852	0.7739	0.7766	0.7805	0.7851	0.7784	0.7705	0.8305	1.5481	1.0301	0.7792	0.7708	1.2282	0.7794	0.7726	1.159	1.1418	0.7911	0.7808	1.6529	1.3548	1.5872	1.1902	0.9392	1.4026	1.1623	0	0.7857	0.7707	0.7824
  y	0.9491	1.1455	1.2235	0.784	2.0501	0.7889	1.4702	1.5737	1.3908	1.9839	1.3206	2.0377	0.7951	0.7955	0.8459	1.526	1.0995	0.9888	2.3751	1.2807	1.1239	1.5893	1.6345	0.7985	3.9973	1.1523	0.8188	0.7849	1.1812	1.0497	0.8446	2.0114	1.0301	2.7489	1.5958	0.789	1.173	0.8153	1.1232	1.7298	0.779	1.7157	1.1068	0.7801	1.8528	0.7935	0.9148	1.7497	0.847	3.2992	0.9065	0.8049	0.8591	1.6455	1.17	0.7857	0	1.1606	1.9057
  z	0.7813	0.7852	0.7848	0.7698	1.1473	0.7721	1.1951	0.7708	0.7732	0.8437	1.0074	0.7734	0.7773	0.7712	0.7688	0.7767	0.769	0.7774	0.7704	0.7799	0.7702	0.8806	0.776	0.7708	0.8061	0.7767	0.7716	0.7675	0.7705	0.7745	0.7691	1.306	0.7693	0.8333	0.7714	0.7679	0.7709	1.396	0.7845	0.7726	0.7677	0.7758	0.8203	0.7688	0.7717	0.7694	0.7697	0.7767	0.7907	0.9248	0.7744	0.7696	0.7717	1.1131	0.7695	0.7707	1.1606	0	0.771
  {	0.8048	0.9774	0.7833	0.849	0.7826	0.7767	0.7779	1.0114	0.9571	1.7812	0.7805	0.7926	0.7728	1.0152	0.7733	1.5695	0.774	1.3154	0.8748	1.0656	0.7765	0.7909	0.9021	0.776	1.8924	1.487	1.226	1.0238	0.7769	0.7814	0.7738	0.8558	0.7758	0.789	0.7793	0.7711	1.0325	0.7793	1.0122	1.2925	1.309	3.0859	0.7793	0.7722	1.0732	0.7741	0.787	1.1668	1.0255	1.1656	1.0132	0.7937	0.7919	1.6158	0.7746	0.7824	1.9057	0.771	0

Actual rates from j->i (Q_ij):
	A	B	C	D	E	F	G	H	I	J	K	L	M	N	O	P	Q	R	S	T	U	V	W	X	Y	Z	[	\	]	^	_	`	a	b	c	d	e	f	g	h	i	j	k	l	m	n	o	p	q	r	s	t	u	v	w	x	y	z	{
  A	0	0.0163	0.0245	0.0255	0.0293	0.0147	0.0456	0.0182	0.0151	0.0152	0.0149	0.0147	0.0148	0.0145	0.0146	0.0186	0.0145	0.0289	0.0145	0.0145	0.0219	0.0146	0.0169	0.0382	0.0201	0.0159	0.0149	0.0144	0.0145	0.0151	0.0144	0.0159	0.0155	0.0253	0.0146	0.0144	0.0146	0.0147	0.0296	0.0198	0.0145	0.0173	0.021	0.0146	0.0145	0.0145	0.0144	0.0368	0.0187	0.0318	0.0155	0.0144	0.0146	0.0148	0.0156	0.0145	0.0177	0.0146	0.015
  B	0.0153	0	0.0225	0.021	0.0206	0.022	0.0144	0.0138	0.0253	0.07	0.0247	0.0167	0.0183	0.0141	0.0146	0.0414	0.0137	0.0264	0.0165	0.0269	0.014	0.0207	0.0376	0.02	0.0359	0.0241	0.0139	0.023	0.0154	0.02	0.0157	0.0153	0.0137	0.0254	0.0173	0.014	0.0181	0.0308	0.0201	0.0254	0.0136	0.0237	0.0231	0.0222	0.0402	0.0147	0.0165	0.0213	0.0147	0.024	0.0178	0.0199	0.0141	0.0616	0.0178	0.0346	0.0201	0.0138	0.0171
  C	0.0222	0.0217	0	0.0132	0.0172	0.0197	0.0176	0.0153	0.0139	0.014	0.0155	0.018	0.0193	0.0192	0.0189	0.0304	0.0132	0.0336	0.0198	0.0133	0.0187	0.0245	0.0199	0.0212	0.0308	0.0204	0.0132	0.0131	0.0197	0.0239	0.0132	0.0137	0.0134	0.0419	0.0216	0.0131	0.0276	0.0227	0.0151	0.0134	0.0132	0.0324	0.0237	0.0131	0.0134	0.0144	0.0131	0.0201	0.0263	0.0216	0.0167	0.0131	0.0138	0.0154	0.0132	0.0192	0.0207	0.0133	0.0133
  D	0.0251	0.022	0.0144	0	0.0147	0.0142	0.0197	0.0143	0.0143	0.0144	0.015	0.0142	0.0142	0.0143	0.0142	0.0191	0.0142	0.0158	0.0142	0.0142	0.0142	0.0142	0.0186	0.0143	0.0153	0.0143	0.0142	0.0141	0.0142	0.0143	0.0161	0.0143	0.0142	0.0143	0.0142	0.0142	0.0142	0.0154	0.0144	0.0143	0.0213	0.0413	0.0288	0.0142	0.015	0.0143	0.0142	0.0182	0.0197	0.0243	0.0143	0.0142	0.0157	0.0251	0.0142	0.0142	0.0144	0.0142	0.0156
  E	0.0229	0.0171	0.0148	0.0116	0	0.026	0.0128	0.017	0.0123	0.0173	0.0172	0.0117	0.0693	0.0118	0.0115	0.0556	0.0114	0.0266	0.0114	0.0113	0.023	0.0138	0.0178	0.0151	0.0612	0.0118	0.0117	0.0113	0.0114	0.0338	0.0113	0.0116	0.0172	0.0209	0.0115	0.0114	0.0171	0.0115	0.0284	0.0174	0.0113	0.0122	0.013	0.0174	0.0139	0.0154	0.0113	0.0238	0.0171	0.0561	0.0116	0.0113	0.024	0.0143	0.0124	0.0114	0.0299	0.0167	0.0114
  F	0.0148	0.0236	0.0219	0.0146	0.0335	0	0.0151	0.0146	0.0147	0.0189	0.0146	0.0146	0.0181	0.0146	0.0145	0.0281	0.0145	0.0161	0.02	0.0146	0.0193	0.0147	0.0156	0.0146	0.0189	0.0148	0.0146	0.0145	0.0155	0.0293	0.0145	0.0146	0.0147	0.0237	0.0146	0.0145	0.0219	0.0159	0.0174	0.0162	0.0156	0.017	0.0148	0.0147	0.0146	0.0206	0.0145	0.0154	0.0221	0.0279	0.0146	0.0145	0.0146	0.0147	0.0213	0.0146	0.0148	0.0145	0.0146
  G	0.0389	0.0131	0.0165	0.0171	0.014	0.0128	0	0.014	0.0381	0.0125	0.0124	0.0184	0.0123	0.0124	0.0123	0.0311	0.0123	0.0188	0.0125	0.0123	0.0124	0.0135	0.0125	0.0125	0.037	0.0165	0.0126	0.0123	0.0123	0.0125	0.0136	0.0125	0.0123	0.035	0.0125	0.0123	0.0124	0.0174	0.0192	0.0124	0.0177	0.0214	0.0187	0.0123	0.0123	0.0123	0.0123	0.0125	0.0183	0.0136	0.0124	0.0124	0.0143	0.014	0.0123	0.0124	0.0234	0.0191	0.0124
  H	0.0184	0.0149	0.0171	0.0146	0.0219	0.0146	0.0166	0	0.0148	0.0199	0.0232	0.0146	0.0146	0.0193	0.0221	0.0229	0.0146	0.033	0.0146	0.0146	0.0146	0.0147	0.016	0.0373	0.0159	0.0147	0.0146	0.0145	0.0146	0.016	0.0145	0.0147	0.0145	0.0149	0.0147	0.0197	0.0194	0.0191	0.015	0.0146	0.0145	0.0148	0.0168	0.0145	0.0152	0.0145	0.0145	0.0147	0.0193	0.021	0.0229	0.0146	0.0158	0.0921	0.0145	0.0268	0.0296	0.0145	0.019
  I	0.0145	0.0259	0.0148	0.014	0.0151	0.014	0.0429	0.0141	0	0.0255	0.0191	0.0208	0.0145	0.0142	0.0216	0.0401	0.0167	0.0204	0.0264	0.014	0.0223	0.0143	0.0214	0.0142	0.0312	0.0209	0.0144	0.0139	0.014	0.0159	0.0187	0.0144	0.0185	0.0174	0.0184	0.0191	0.014	0.0217	0.0292	0.0155	0.0139	0.0145	0.0148	0.014	0.0152	0.014	0.0139	0.0271	0.0151	0.0308	0.0164	0.014	0.0142	0.0225	0.0139	0.0148	0.025	0.0139	0.0172
  J	0.0089	0.0437	0.0091	0.0085	0.013	0.011	0.0086	0.0116	0.0156	0	0.0141	0.0086	0.0108	0.0089	0.0086	0.0199	0.0087	0.0141	0.0087	0.0463	0.0085	0.0114	0.0138	0.01	0.0167	0.0627	0.0096	0.0112	0.0113	0.0133	0.0451	0.0101	0.009	0.0113	0.0237	0.0085	0.0167	0.0206	0.0096	0.0086	0.0086	0.0087	0.0191	0.0086	0.0332	0.012	0.052	0.0172	0.0095	0.0092	0.0856	0.0499	0.0174	0.0714	0.0099	0.035	0.0217	0.0092	0.0195
  K	0.0131	0.0232	0.0151	0.0135	0.0194	0.0128	0.0128	0.0204	0.0175	0.0212	0	0.0128	0.0128	0.0308	0.0211	0.0179	0.0128	0.0143	0.0171	0.013	0.0129	0.016	0.0199	0.0204	0.0259	0.0482	0.0128	0.0127	0.0128	0.017	0.0128	0.0147	0.0128	0.0148	0.0198	0.0128	0.0196	0.0128	0.0129	0.0135	0.0127	0.0149	0.0269	0.0127	0.0129	0.0128	0.0128	0.0205	0.0175	0.014	0.013	0.0128	0.0128	0.0366	0.0127	0.0128	0.0218	0.0166	0.0129
  L	0.0136	0.0165	0.0184	0.0134	0.0139	0.0134	0.0199	0.0134	0.0199	0.0135	0.0134	0	0.0134	0.0166	0.0133	0.0205	0.0134	0.0234	0.0135	0.0134	0.0199	0.0139	0.0137	0.0134	0.0441	0.0173	0.0189	0.0133	0.0134	0.0167	0.0133	0.0134	0.0178	0.0209	0.0134	0.0133	0.0134	0.0135	0.0151	0.02	0.0133	0.0177	0.0135	0.0134	0.0134	0.0134	0.0133	0.0137	0.0155	0.024	0.0134	0.0133	0.0219	0.0135	0.0134	0.0135	0.0352	0.0134	0.0137
  M	0.0141	0.0186	0.0204	0.0137	0.0846	0.0171	0.0138	0.0138	0.0144	0.0175	0.0138	0.0138	0	0.0138	0.0137	0.0338	0.0137	0.021	0.0137	0.0137	0.0192	0.0138	0.0183	0.0184	0.0164	0.0138	0.0138	0.0137	0.0138	0.0306	0.0137	0.0137	0.0138	0.0139	0.0138	0.0137	0.0138	0.0138	0.0288	0.0239	0.0137	0.0139	0.0138	0.0139	0.0138	0.0138	0.0137	0.0139	0.0141	0.0302	0.0138	0.0137	0.0138	0.014	0.0137	0.0138	0.0142	0.0138	0.0138
  N	0.014	0.0145	0.0204	0.014	0.0146	0.014	0.014	0.0185	0.0143	0.0147	0.0338	0.0173	0.014	0	0.02	0.0554	0.0142	0.0161	0.014	0.014	0.0142	0.0144	0.0149	0.0185	0.0323	0.0142	0.014	0.0139	0.0237	0.0193	0.0139	0.0142	0.0213	0.0154	0.021	0.0139	0.0192	0.0141	0.0142	0.0141	0.0139	0.0194	0.0141	0.014	0.0154	0.0142	0.0139	0.0141	0.0445	0.0231	0.0175	0.014	0.0141	0.0257	0.0139	0.014	0.0144	0.0139	0.0183
  O	0.0137	0.0147	0.0197	0.0136	0.0139	0.0136	0.0136	0.0207	0.0212	0.0138	0.0225	0.0136	0.0136	0.0195	0	0.0275	0.0201	0.0152	0.0136	0.014	0.0137	0.0141	0.0151	0.016	0.0271	0.0137	0.0136	0.0135	0.0136	0.0241	0.0139	0.0139	0.0136	0.0137	0.0136	0.014	0.0136	0.0136	0.0205	0.0137	0.0135	0.0137	0.0189	0.0136	0.0383	0.0136	0.0136	0.0165	0.0137	0.0138	0.0137	0.0136	0.0138	0.0204	0.0136	0.0136	0.0149	0.0135	0.0136
  P	0.0108	0.0256	0.0195	0.0112	0.0414	0.0162	0.0212	0.0132	0.0242	0.0198	0.0118	0.0129	0.0206	0.0333	0.0169	0	0.0092	0.0275	0.0085	0.0087	0.0129	0.0103	0.0152	0.0303	0.0408	0.0129	0.0092	0.0112	0.0196	0.0303	0.0093	0.0087	0.0233	0.024	0.0105	0.0133	0.0176	0.013	0.02	0.0124	0.0087	0.01	0.0115	0.0303	0.0122	0.0085	0.0085	0.0115	0.0281	0.0335	0.0187	0.0144	0.0146	0.0542	0.0093	0.0158	0.0166	0.0084	0.017
  Q	0.0143	0.0145	0.0143	0.0142	0.0144	0.0142	0.0143	0.0143	0.0171	0.0146	0.0143	0.0143	0.0142	0.0145	0.021	0.0157	0	0.0197	0.0142	0.0143	0.0143	0.0143	0.015	0.0142	0.034	0.0144	0.0143	0.0142	0.0142	0.0147	0.0148	0.0147	0.0144	0.0169	0.0143	0.0142	0.0142	0.0214	0.0162	0.0218	0.0142	0.0144	0.0143	0.0142	0.0144	0.0142	0.0142	0.0221	0.0143	0.0227	0.0143	0.0142	0.0142	0.0238	0.0142	0.0211	0.0203	0.0142	0.0143
  R	0.0253	0.0246	0.0325	0.014	0.0298	0.014	0.0193	0.0287	0.0185	0.0211	0.0142	0.0221	0.0193	0.0146	0.0141	0.0415	0.0175	0	0.0129	0.0151	0.0289	0.0135	0.0365	0.0232	0.0681	0.0213	0.0144	0.0127	0.0245	0.0175	0.0128	0.0166	0.0132	0.0227	0.0195	0.0127	0.0176	0.0166	0.0243	0.0289	0.0175	0.0311	0.0131	0.013	0.0129	0.0132	0.0127	0.0246	0.0218	0.0366	0.0204	0.0128	0.0195	0.0139	0.0214	0.0169	0.0162	0.0127	0.0215
  S	0.0154	0.0187	0.0232	0.0153	0.0155	0.021	0.0155	0.0153	0.0291	0.0157	0.0206	0.0155	0.0153	0.0154	0.0153	0.0155	0.0153	0.0156	0	0.0153	0.0153	0.0154	0.0206	0.0156	0.0172	0.0237	0.0294	0.0152	0.023	0.0158	0.02	0.0157	0.0155	0.0213	0.0156	0.0282	0.0153	0.0154	0.0158	0.0154	0.0153	0.0397	0.0154	0.0153	0.0165	0.0231	0.0154	0.0183	0.0249	0.0176	0.0154	0.0162	0.0154	0.0155	0.0153	0.0208	0.047	0.0153	0.0173
  T	0.0128	0.0253	0.013	0.0128	0.0128	0.0128	0.0128	0.0128	0.0129	0.0699	0.013	0.0128	0.0127	0.0128	0.0131	0.0133	0.0128	0.0152	0.0128	0	0.0128	0.0128	0.0191	0.0128	0.0286	0.0134	0.0128	0.0127	0.0128	0.013	0.0248	0.0131	0.0128	0.013	0.013	0.0127	0.0128	0.013	0.0145	0.013	0.0127	0.0171	0.0194	0.0127	0.0173	0.0128	0.0246	0.0134	0.0145	0.013	0.0155	0.0183	0.0129	0.0207	0.0128	0.0176	0.0212	0.0129	0.0176
  U	0.0216	0.0148	0.0204	0.0142	0.0291	0.019	0.0143	0.0143	0.0229	0.0144	0.0144	0.0213	0.0198	0.0146	0.0144	0.022	0.0143	0.0326	0.0143	0.0143	0	0.0151	0.021	0.0143	0.0317	0.0289	0.0143	0.0142	0.0143	0.0197	0.0142	0.0143	0.0143	0.016	0.0213	0.0142	0.0143	0.0143	0.0181	0.0178	0.0142	0.0148	0.0143	0.0142	0.0143	0.0144	0.0142	0.0279	0.0144	0.0216	0.0143	0.0142	0.0143	0.0144	0.0143	0.0143	0.0207	0.0142	0.0143
  V	0.0141	0.0213	0.0262	0.014	0.0171	0.0141	0.0153	0.0141	0.0143	0.0188	0.0175	0.0145	0.014	0.0145	0.0145	0.0171	0.014	0.0149	0.014	0.014	0.0148	0	0.0143	0.0152	0.0352	0.0142	0.0141	0.0139	0.0215	0.0171	0.0139	0.0153	0.0141	0.0185	0.016	0.014	0.014	0.0172	0.0165	0.0192	0.0139	0.0146	0.0142	0.0141	0.014	0.0142	0.014	0.0153	0.0187	0.0305	0.0143	0.014	0.014	0.0256	0.014	0.014	0.0287	0.0159	0.0143
  W	0.0154	0.0367	0.0201	0.0172	0.0208	0.0142	0.0134	0.0145	0.0203	0.0216	0.0206	0.0135	0.0175	0.0141	0.0146	0.0239	0.0139	0.038	0.0177	0.0197	0.0194	0.0136	0	0.0144	0.0519	0.0153	0.0133	0.0132	0.0139	0.0171	0.0203	0.0139	0.0193	0.0157	0.0135	0.0133	0.0134	0.0272	0.0187	0.0136	0.0132	0.0251	0.0397	0.0133	0.0611	0.0263	0.0156	0.0242	0.0139	0.0362	0.0291	0.0151	0.0151	0.0166	0.0133	0.0135	0.0279	0.0133	0.0154
  X	0.0363	0.0203	0.0223	0.0138	0.0184	0.0138	0.0139	0.0352	0.0141	0.0163	0.022	0.0138	0.0183	0.0183	0.0162	0.0498	0.0137	0.0252	0.014	0.0138	0.0138	0.015	0.015	0	0.0143	0.026	0.0149	0.0206	0.0138	0.023	0.0138	0.0199	0.0139	0.0196	0.0208	0.0138	0.0148	0.0138	0.0205	0.0193	0.0137	0.0139	0.0169	0.0138	0.02	0.0137	0.0138	0.0154	0.0139	0.0148	0.0139	0.0139	0.0141	0.0211	0.0137	0.0138	0.0142	0.0137	0.0138
  Y	0.0115	0.0218	0.0194	0.0089	0.0448	0.0107	0.0248	0.009	0.0186	0.0163	0.0168	0.0272	0.0098	0.0191	0.0164	0.0402	0.0197	0.0444	0.0093	0.0185	0.0183	0.0208	0.0324	0.0086	0	0.0274	0.0135	0.0083	0.012	0.0256	0.0094	0.0178	0.0149	0.0361	0.0128	0.0083	0.0158	0.0179	0.0539	0.0325	0.0092	0.0246	0.0087	0.0127	0.0093	0.0096	0.0091	0.0221	0.0174	0.0563	0.0132	0.0085	0.0127	0.0209	0.0141	0.0125	0.0427	0.0086	0.0202
  Z	0.0126	0.0204	0.0178	0.0115	0.0119	0.0116	0.0153	0.0116	0.0172	0.0848	0.0433	0.0149	0.0115	0.0116	0.0115	0.0176	0.0115	0.0193	0.0177	0.012	0.0232	0.0117	0.0133	0.0217	0.0381	0	0.0195	0.0114	0.0132	0.0118	0.0232	0.0153	0.0129	0.0268	0.0117	0.0114	0.0115	0.0117	0.0156	0.0177	0.0115	0.0129	0.0117	0.0115	0.037	0.0116	0.0123	0.0154	0.0117	0.029	0.0211	0.0168	0.0159	0.0196	0.0115	0.0223	0.0171	0.0115	0.022
  [	0.0152	0.015	0.0148	0.0147	0.0152	0.0147	0.015	0.0147	0.0152	0.0166	0.0147	0.0208	0.0147	0.0147	0.0146	0.0161	0.0147	0.0167	0.0282	0.0147	0.0147	0.0148	0.0148	0.0159	0.024	0.025	0	0.0146	0.0147	0.0148	0.0147	0.0203	0.0147	0.0422	0.0151	0.019	0.015	0.017	0.0266	0.034	0.0146	0.015	0.0221	0.0147	0.0241	0.0146	0.0149	0.0162	0.0148	0.0277	0.0148	0.0163	0.0153	0.0149	0.0203	0.0168	0.0155	0.0146	0.0233
  \	0.0141	0.024	0.0141	0.014	0.0141	0.0141	0.014	0.014	0.0141	0.0187	0.0141	0.014	0.014	0.0141	0.014	0.0189	0.014	0.0142	0.014	0.014	0.014	0.0141	0.0141	0.0211	0.0143	0.0141	0.014	0	0.014	0.0141	0.014	0.014	0.014	0.0141	0.014	0.014	0.0185	0.0181	0.0143	0.0141	0.014	0.0141	0.0141	0.017	0.0141	0.0144	0.014	0.0268	0.0141	0.0209	0.0141	0.014	0.0141	0.0141	0.014	0.0141	0.0143	0.014	0.0187
  ]	0.0141	0.0159	0.0211	0.014	0.0142	0.0149	0.014	0.0141	0.0141	0.0187	0.0141	0.0141	0.014	0.0238	0.014	0.0327	0.014	0.0271	0.0211	0.0141	0.014	0.0216	0.0147	0.014	0.0203	0.0162	0.014	0.0139	0	0.0249	0.014	0.0141	0.0193	0.015	0.0141	0.014	0.0141	0.0182	0.0158	0.0141	0.014	0.0348	0.0185	0.014	0.0145	0.0145	0.0141	0.0141	0.0146	0.0308	0.0251	0.014	0.0212	0.0143	0.014	0.0141	0.0214	0.014	0.0141
  ^	0.0146	0.0206	0.0256	0.0141	0.0419	0.0281	0.0141	0.0154	0.016	0.0219	0.0186	0.0175	0.031	0.0194	0.0247	0.0505	0.0144	0.0193	0.0144	0.0142	0.0193	0.0172	0.0181	0.0233	0.0433	0.0144	0.0141	0.014	0.0248	0	0.014	0.0153	0.0143	0.0202	0.0142	0.0153	0.0145	0.0142	0.0204	0.0151	0.0141	0.0158	0.0153	0.0143	0.0143	0.019	0.0141	0.0216	0.025	0.0227	0.0142	0.014	0.0142	0.0216	0.0146	0.0142	0.019	0.014	0.0141
  _	0.0127	0.0147	0.0128	0.0144	0.0127	0.0127	0.014	0.0127	0.017	0.0676	0.0127	0.0127	0.0126	0.0127	0.013	0.0141	0.0132	0.0129	0.0165	0.0247	0.0126	0.0127	0.0195	0.0128	0.0145	0.0257	0.0127	0.0126	0.0127	0.0127	0	0.0132	0.0126	0.0128	0.0127	0.0126	0.0127	0.0127	0.0128	0.0127	0.0126	0.0128	0.021	0.0126	0.0344	0.0126	0.0127	0.0128	0.0187	0.0128	0.0128	0.0173	0.0128	0.0166	0.0126	0.0127	0.0139	0.0126	0.0127
  `	0.0151	0.0155	0.0144	0.0138	0.0141	0.0137	0.0139	0.0138	0.0142	0.0164	0.0158	0.0138	0.0137	0.0139	0.014	0.0143	0.0141	0.018	0.0141	0.0141	0.0138	0.0151	0.0144	0.0198	0.0296	0.0183	0.019	0.0137	0.0138	0.0151	0.0143	0	0.0138	0.0188	0.0138	0.0137	0.0139	0.0138	0.018	0.0138	0.0137	0.0139	0.0194	0.0137	0.0164	0.0137	0.0137	0.0262	0.0138	0.0157	0.0149	0.0138	0.0137	0.0565	0.0137	0.0138	0.0357	0.0232	0.0152
  a	0.0151	0.0143	0.0145	0.0141	0.0216	0.0143	0.0142	0.0141	0.0188	0.015	0.0142	0.0189	0.0141	0.0216	0.0141	0.0393	0.0143	0.0147	0.0143	0.0141	0.0142	0.0143	0.0207	0.0143	0.0255	0.0159	0.0142	0.0141	0.0195	0.0145	0.0141	0.0142	0	0.0153	0.0188	0.0141	0.0142	0.0142	0.021	0.0142	0.0141	0.019	0.0142	0.0141	0.0142	0.0143	0.0141	0.0143	0.0143	0.0294	0.0144	0.0141	0.0142	0.0146	0.0141	0.0143	0.0189	0.0141	0.0142
  b	0.0226	0.0241	0.0412	0.013	0.0239	0.021	0.0366	0.0132	0.0161	0.0171	0.0149	0.0202	0.013	0.0142	0.013	0.0369	0.0153	0.0231	0.018	0.0131	0.0144	0.017	0.0153	0.0184	0.0563	0.0301	0.037	0.0129	0.0138	0.0186	0.0129	0.0177	0.0139	0	0.0228	0.0129	0.0137	0.0232	0.0168	0.0228	0.0129	0.0134	0.0131	0.0162	0.0138	0.013	0.0159	0.0184	0.0179	0.0513	0.014	0.0156	0.0131	0.0144	0.013	0.0131	0.0458	0.0139	0.0131
