{
  "generated_by": {
    "program": "augur",
    "version": "7.0.2"
  },
  "models": {
    "country": {
      "alphabet": [
        "Alaska",
        "Arizona",
        "California",
        "Connecticut",
        "Florida",
        "Georgia",
        "Idaho",
        "Illinois",
        "Iowa",
        "Louisiana",
        "Maryland",
        "Massachusetts",
        "Michigan",
        "Minnesota",
        "Missouri",
        "Nebraska",
        "New Jersey",
        "New Mexico",
        "New York",
        "North Carolina",
        "Ohio",
        "Oregon",
        "Pennsylvania",
        "South Carolina",
        "Texas",
        "Utah",
        "Virginia",
        "Washington",
        "Wisconsin",
        "Wyoming",
        "?"
      ],
      "equilibrium_probabilities": [
        0.038539119931034496,
        0.029836192256703087,
        0.01870780063336358,
        0.031129791789309063,
        0.035143669663404785,
        0.04353881273901475,
        0.027480849757346475,
        0.03009133776277184,
        0.036947537959947596,
        0.030112500408504644,
        0.03504980515490263,
        0.035035238193116824,
        0.02432543481424563,
        0.03531711239443311,
        0.03520905008604067,
        0.03759582583291851,
        0.03594060001973883,
        0.038551977299117725,
        0.025735226458700973,
        0.039240009150772914,
        0.03583516669690821,
        0.025263107196738004,
        0.03885097026031126,
        0.03801961717653581,
        0.03483976966890521,
        0.03427048286996646,
        0.02881800363291145,
        0.029001100592044762,
        0.03451574355611804,
        0.03705814604417267
      ],
      "rate": 310.2769078840818,
      "transition_matrix": [
        [
          0.0,
          0.5540020048589837,
          1.2010638641201692,
          0.5305939163352246,
          0.5895809519129512,
          0.7820879672631053,
          1.5038079361525314,
          0.5549175934577509,
          0.7842671824130407,
          0.7985960632144271,
          0.6971386824877153,
          0.9512789394419103,
          0.7282000539289016,
          0.5871465816229571,
          0.5224988070002078,
          0.6856376751569985,
          0.7465794144001892,
          0.5220210230741411,
          0.9070859776216085,
          0.5394896885360311,
          0.5185095173875717,
          1.0746688712778734,
          0.5308036017520521,
          0.5183015410233158,
          0.6972988743333421,
          0.6670822910844553,
          0.7321828609361578,
          0.5335262456890646,
          0.8954436546383494,
          0.5230456315684662
        ],
        [
          0.5540020048589837,
          0.0,
          2.675950107185399,
          0.8432348552730644,
          1.609746568199629,
          0.7346864153183247,
          0.5497241009143595,
          0.9800462802100899,
          0.7951834159144047,
          3.151208050334729,
          2.1837822089715226,
          1.4766738751487543,
          0.5668694712806862,
          0.8260085389535714,
          0.529280659451616,
          0.5240182388385172,
          0.9084273657082419,
          1.151294957604002,
          1.486289420057776,
          0.817082880938794,
          0.7678366035920666,
          3.4494240503024187,
          1.9590944792949334,
          0.5225615189878815,
          1.0559424458916278,
          1.7258628965751008,
          1.2601213874191481,
          2.4246255897363245,
          1.3235674692363109,
          0.5285284553184312
        ],
        [
          1.2010638641201692,
          2.675950107185399,
          0.0,
          1.3677327549977625,
          4.026803905671815,
          0.8451104000321091,
          0.7903517628113297,
          3.276625424633512,
          0.7844382453660941,
          1.433120335573101,
          2.6689481884997703,
          1.9402253259652058,
          5.269821690113978,
          2.521617577889932,
          2.105887233031885,
          1.1189056391037853,
          1.6903437312749552,
          1.4402247058555653,
          4.594014402408259,
          0.9289242644019619,
          1.1064739454159025,
          4.7503825759508045,
          1.0900580684076269,
          0.5351496682076309,
          2.084234081217464,
          3.7325518223021055,
          3.156974743492952,
          2.045377881388338,
          3.3088489041323936,
          1.6239628282598946
        ],
        [
          0.5305939163352246,
          0.8432348552730644,
          1.3677327549977625,
          0.0,
          0.8966925675895455,
          0.9804937844136844,
          1.476019994054764,
          2.2678815628037117,
          0.5666254108704353,
          1.0841047574539786,
          1.0483986421438085,
          1.2109984367789017,
          2.827068697507488,
          1.5952718156818593,
          0.5215434789270182,
          0.8748553180608257,
          1.658667107851443,
          0.8529923958903343,
          3.4240872984404325,
          0.7848283212706992,
          1.6391937077259404,
          1.9197024179785356,
          0.7339945528526697,
          0.6819854786984079,
          1.7277965536759023,
          1.3957990590014184,
          2.259374777539235,
          1.2977244491779854,
          1.0023142616645468,
          0.6016382397822455
        ],
        [
          0.5895809519129512,
          1.609746568199629,
          4.026803905671815,
          0.8966925675895455,
          0.0,
          0.5369889104820612,
          0.7838934818434911,
          1.9734087618490366,
          0.5302463306391298,
          2.1331959797763638,
          1.0813482777110122,
          0.9249415726718967,
          1.1689043841667495,
          0.9489734799379448,
          0.52375318160442,
          0.5254180992492697,
          0.9996509229997492,
          0.5361766777496291,
          2.519587232090957,
          0.5697342755934324,
          0.5860519519689382,
          1.4950550651413175,
          1.3538269307570332,
          0.9305158540993727,
          0.752882258778446,
          1.0558805344365425,
          3.671108370273433,
          1.2134918679041302,
          1.3488818238164308,
          0.8949708536127764
        ],
        [
          0.7820879672631053,
          0.7346864153183247,
          0.8451104000321091,
          0.9804937844136844,
          0.5369889104820612,
          0.0,
          0.51789748227644,
          1.335433225966609,
          0.5182369856561361,
          1.0332395845287061,
          0.7229657961184865,
          0.5258855379223857,
          0.7573621786582219,
          0.6933552903563346,
          0.5173948708178943,
          0.5198667057904444,
          0.5240370867024113,
          0.5944955659211654,
          0.619561285834039,
          0.5248384582858625,
          0.5231632018758502,
          0.5398303954791658,
          0.725953896349888,
          2.2380919109243695,
          0.5261594756979595,
          0.5308796247072084,
          1.0626961489141173,
          0.6934911408417157,
          0.5259111141247871,
          0.520536144560926
        ],
        [
          1.5038079361525314,
          0.5497241009143595,
          0.7903517628113297,
          1.476019994054764,
          0.7838934818434911,
          0.51789748227644,
          0.0,
          0.7901082320823493,
          0.5175981734336834,
          1.4621832340478247,
          0.7892657451331594,
          0.9415983324100553,
          0.6741502738838459,
          0.6624136449526854,
          1.0348643900263743,
          0.517955271062778,
          0.5215014484605992,
          0.5197689206716363,
          0.6203319207567438,
          0.8442149016117294,
          0.5166400960939279,
          1.4779225433248173,
          0.5238655248851514,
          0.5164449062696546,
          0.862329959508895,
          1.7611776160678436,
          0.5309961141597255,
          1.6765999020319278,
          1.1172285213931892,
          0.5182641754278758
        ],
        [
          0.5549175934577509,
          0.9800462802100899,
          3.276625424633512,
          2.2678815628037117,
          1.9734087618490366,
          1.335433225966609,
          0.7901082320823493,
          0.0,
          0.7684806408425991,
          1.1718068949762384,
          1.1955184228569256,
          2.054729406908189,
          1.923569079201406,
          1.4207224167365704,
          0.7837883712466961,
          0.7144306734064737,
          0.7846968748426633,
          0.5407094827149332,
          1.4131138547034159,
          1.2570240858554487,
          0.5280992733096969,
          0.8610767743432364,
          1.015119446434991,
          0.9393429337491818,
          1.4713565265790578,
          0.9809271458324833,
          1.3273641755638816,
          1.4399631309707936,
          6.497162764113251,
          0.5856636010831288
        ],
        [
          0.7842671824130407,
          0.7951834159144047,
          0.7844382453660941,
          0.5666254108704353,
          0.5302463306391298,
          0.5182369856561361,
          0.5175981734336834,
          0.7684806408425991,
          0.0,
          0.5193929247523127,
          0.7442982839195501,
          0.7709573516793224,
          0.5316407578304213,
          0.5777828549237383,
          0.5172442031355848,
          0.5178072710777039,
          0.5218917477411588,
          0.5193837043729849,
          0.5283841702097785,
          0.7833804070144978,
          0.5546342585519837,
          0.6240992700623335,
          0.5256504054913478,
          0.5215951723225991,
          0.5406088196791018,
          1.1573922649827748,
          0.6799231933532573,
          0.5243360246445732,
          0.8674288346800826,
          0.51879918414049
        ],
        [
          0.7985960632144271,
          3.151208050334729,
          1.433120335573101,
          1.0841047574539786,
          2.1331959797763638,
          1.0332395845287061,
          1.4621832340478247,
          1.1718068949762384,
          0.5193929247523127,
          0.0,
          0.7309512650790158,
          0.5786029638135857,
          0.5873719725320571,
          0.9797943846212196,
          0.5169977258412566,
          0.5185796506996001,
          0.5243332123223092,
          0.5250914740868462,
          0.5434341403037273,
          0.6652687161417559,
          0.5169313985912034,
          0.5971655196799901,
          0.805152700314598,
          0.5189721792916191,
          4.1880190193688245,
          2.0775171485801356,
          0.9519807276079721,
          0.5313182478239934,
          0.5679641699104996,
          0.5210103364391334
        ],
        [
          0.6971386824877153,
          2.1837822089715226,
          2.6689481884997703,
          1.0483986421438085,
          1.0813482777110122,
          0.7229657961184865,
          0.7892657451331594,
          1.1955184228569256,
          0.7442982839195501,
          0.7309512650790158,
          0.0,
          1.824389365947016,
          4.05238972662301,
          2.079800298046355,
          0.5234523569981041,
          0.6573212914314231,
          0.9648394135120621,
          0.5671970595413864,
          3.034680489381523,
          0.7370415460363335,
          0.9510664725883649,
          1.0031657555968985,
          1.1614160340912592,
          0.7857099595987312,
          2.4975043119884677,
          0.8525640848114611,
          3.4772201705265404,
          0.9727286416382578,
          0.8457001849024182,
          0.6341070631665654
        ],
        [
          0.9512789394419103,
          1.4766738751487543,
          1.9402253259652058,
          1.2109984367789017,
          0.9249415726718967,
          0.5258855379223857,
          0.9415983324100553,
          2.054729406908189,
          0.7709573516793224,
          0.5786029638135857,
          1.824389365947016,
          0.0,
          0.6780705439963065,
          1.0781343475341643,
          0.5213799106245777,
          0.6883875447644558,
          1.0360552276999364,
          0.5541783887392553,
          1.2457740718622465,
          1.5865741639790898,
          0.5716502366734728,
          1.625575711373717,
          1.3568944079206322,
          0.5229239634669166,
          1.2326765857256223,
          1.199423722029164,
          3.301006659491131,
          0.7193819159153021,
          0.7405359341441317,
          0.6925966783763903
        ],
        [
          0.7282000539289016,
          0.5668694712806862,
          5.269821690113978,
          2.827068697507488,
          1.1689043841667495,
          0.7573621786582219,
          0.6741502738838459,
          1.923569079201406,
          0.5316407578304213,
          0.5873719725320571,
          4.05238972662301,
          0.6780705439963065,
          0.0,
          3.298625381601994,
          0.7564140884337922,
          1.3351954460070983,
          1.081490990590075,
          1.8796360723500058,
          3.0792472863758196,
          1.2290793069410169,
          0.6992762650224845,
          1.2549300388049436,
          2.2665363632950424,
          0.7750643951948564,
          1.808198231258701,
          1.6145779100326165,
          3.2844624649545935,
          1.4652789137602902,
          1.1232615434471507,
          1.3019120958040262
        ],
        [
          0.5871465816229571,
          0.8260085389535714,
          2.521617577889932,
          1.5952718156818593,
          0.9489734799379448,
          0.6933552903563346,
          0.6624136449526854,
          1.4207224167365704,
          0.5777828549237383,
          0.9797943846212196,
          2.079800298046355,
          1.0781343475341643,
          3.298625381601994,
          0.0,
          0.5233316653882493,
          0.9154677099645266,
          0.8622524058231962,
          1.268243923327663,
          1.6868155256661386,
          1.3555780000330795,
          0.7675115561120194,
          2.255333441617509,
          0.7784541679200259,
          0.5222549442181129,
          1.1585620989545575,
          0.6327653559742208,
          1.9277473525492863,
          2.323433728156107,
          2.5182762304626642,
          1.0053213087842074
        ],
        [
          0.5224988070002078,
          0.529280659451616,
          2.105887233031885,
          0.5215434789270182,
          0.52375318160442,
          0.5173948708178943,
          1.0348643900263743,
          0.7837883712466961,
          0.5172442031355848,
          0.5169977258412566,
          0.5234523569981041,
          0.5213799106245777,
          0.7564140884337922,
          0.5233316653882493,
          0.0,
          0.5176907475316879,
          0.6275026736944687,
          0.5190928091815605,
          0.6749338767958862,
          0.5199512915784391,
          0.5161457331955893,
          0.5218856577335839,
          0.7793437799079994,
          0.5164524370130448,
          0.5246003566528098,
          1.0739538065006444,
          0.5240624672953278,
          0.782701180463343,
          0.6324831784206321,
          0.5180107790736393
        ],
        [
          0.6856376751569985,
          0.5240182388385172,
          1.1189056391037853,
          0.8748553180608257,
          0.5254180992492697,
          0.5198667057904444,
          0.517955271062778,
          0.7144306734064737,
          0.5178072710777039,
          0.5185796506996001,
          0.6573212914314231,
          0.6883875447644558,
          1.3351954460070983,
          0.9154677099645266,
          0.5176907475316879,
          0.0,
          0.5221965116039415,
          0.7775921008245084,
          0.5298055789659974,
          0.5230296688299223,
          0.5176886874694787,
          0.5276166585824927,
          0.5243743418399667,
          0.5167351214739351,
          0.5248258940372474,
          0.5290843902638352,
          0.7999823264556286,
          0.7116353911348351,
          0.5869371909350127,
          0.5194152334664021
        ],
        [
          0.7465794144001892,
          0.9084273657082419,
          1.6903437312749552,
          1.658667107851443,
          0.9996509229997492,
          0.5240370867024113,
          0.5215014484605992,
          0.7846968748426633,
          0.5218917477411588,
          0.5243332123223092,
          0.9648394135120621,
          1.0360552276999364,
          1.081490990590075,
          0.8622524058231962,
          0.6275026736944687,
          0.5221965116039415,
          0.0,
          0.5304186804727516,
          3.819740896675352,
          0.5522548045244974,
          0.7429575718062734,
          1.2128442793271805,
          0.7580466548458362,
          0.580136627648832,
          0.6536415066633983,
          0.8429109578614317,
          0.8224943611007245,
          0.6772268620630102,
          0.9758764486377032,
          1.2501368927873817
        ],
        [
          0.5220210230741411,
          1.151294957604002,
          1.4402247058555653,
          0.8529923958903343,
          0.5361766777496291,
          0.5944955659211654,
          0.5197689206716363,
          0.5407094827149332,
          0.5193837043729849,
          0.5250914740868462,
          0.5671970595413864,
          0.5541783887392553,
          1.8796360723500058,
          1.268243923327663,
          0.5190928091815605,
          0.7775921008245084,
          0.5304186804727516,
          0.0,
          0.8148014988829321,
          0.892548934495674,
          0.5206096488016878,
          0.6271650795546494,
          0.8626552296850165,
          0.518941441089943,
          0.5289741635164007,
          0.5525231846423867,
          1.3072961383299602,
          0.677883170128838,
          0.7500813273215797,
          0.5227642186211464
        ],
        [
          0.9070859776216085,
          1.486289420057776,
          4.594014402408259,
          3.4240872984404325,
          2.519587232090957,
          0.619561285834039,
          0.6203319207567438,
          1.4131138547034159,
          0.5283841702097785,
          0.5434341403037273,
          3.034680489381523,
          1.2457740718622465,
          3.0792472863758196,
          1.6868155256661386,
          0.6749338767958862,
          0.5298055789659974,
          3.819740896675352,
          0.8148014988829321,
          0.0,
          1.794198121811531,
          1.1343062022051114,
          3.8837678013546006,
          2.996532918004716,
          0.6670380133076617,
          1.4079412598019378,
          0.6237262975940778,
          3.7050180119012217,
          2.3227398902689487,
          2.5652515259513047,
          1.2054576462285482
        ],
        [
          0.5394896885360311,
          0.817082880938794,
          0.9289242644019619,
          0.7848283212706992,
          0.5697342755934324,
          0.5248384582858625,
          0.8442149016117294,
          1.2570240858554487,
          0.7833804070144978,
          0.6652687161417559,
          0.7370415460363335,
          1.5865741639790898,
          1.2290793069410169,
          1.3555780000330795,
          0.5199512915784391,
          0.5230296688299223,
          0.5522548045244974,
          0.892548934495674,
          1.794198121811531,
          0.0,
          0.5290234036242015,
          1.3094846955633226,
          1.0041245386560476,
          0.5197658659508888,
          0.5364427025025249,
          0.7088378403614859,
          1.871625423550823,
          0.97957772573465,
          0.7650961787775321,
          0.6921054927043137
        ],
        [
          0.5185095173875717,
          0.7678366035920666,
          1.1064739454159025,
          1.6391937077259404,
          0.5860519519689382,
          0.5231632018758502,
          0.5166400960939279,
          0.5280992733096969,
          0.5546342585519837,
          0.5169313985912034,
          0.9510664725883649,
          0.5716502366734728,
          0.6992762650224845,
          0.7675115561120194,
          0.5161457331955893,
          0.5176886874694787,
          0.7429575718062734,
          0.5206096488016878,
          1.1343062022051114,
          0.5290234036242015,
          0.0,
          1.0546321748889438,
          0.6435954135501816,
          0.5170350752234082,
          0.5237119440614662,
          0.5487670750907436,
          0.90108773864555,
          0.5452481528011549,
          0.5240146556637263,
          0.5253976238789198
        ],
        [
          1.0746688712778734,
          3.4494240503024187,
          4.7503825759508045,
          1.9197024179785356,
          1.4950550651413175,
          0.5398303954791658,
          1.4779225433248173,
          0.8610767743432364,
          0.6240992700623335,
          0.5971655196799901,
          1.0031657555968985,
          1.625575711373717,
          1.2549300388049436,
          2.255333441617509,
          0.5218856577335839,
          0.5276166585824927,
          1.2128442793271805,
          0.6271650795546494,
          3.8837678013546006,
          1.3094846955633226,
          1.0546321748889438,
          0.0,
          1.3899145184133253,
          0.7850412809965441,
          1.2050285913108478,
          1.4269476117869642,
          2.1825583718920605,
          4.263881192334114,
          1.3691831801977725,
          0.5984959306898643
        ],
        [
          0.5308036017520521,
          1.9590944792949334,
          1.0900580684076269,
          0.7339945528526697,
          1.3538269307570332,
          0.725953896349888,
          0.5238655248851514,
          1.015119446434991,
          0.5256504054913478,
          0.805152700314598,
          1.1614160340912592,
          1.3568944079206322,
          2.2665363632950424,
          0.7784541679200259,
          0.7793437799079994,
          0.5243743418399667,
          0.7580466548458362,
          0.8626552296850165,
          2.996532918004716,
          1.0041245386560476,
          0.6435954135501816,
          1.3899145184133253,
          0.0,
          0.9854825472660166,
          0.7888523940488287,
          0.928768363720367,
          2.4176786165984114,
          0.87987030191024,
          1.1142085985320005,
          0.7123443047965812
        ],
        [
          0.5183015410233158,
          0.5225615189878815,
          0.5351496682076309,
          0.6819854786984079,
          0.9305158540993727,
          2.2380919109243695,
          0.5164449062696546,
          0.9393429337491818,
          0.5215951723225991,
          0.5189721792916191,
          0.7857099595987312,
          0.5229239634669166,
          0.7750643951948564,
          0.5222549442181129,
          0.5164524370130448,
          0.5167351214739351,
          0.580136627648832,
          0.518941441089943,
          0.6670380133076617,
          0.5197658659508888,
          0.5170350752234082,
          0.7850412809965441,
          0.9854825472660166,
          0.0,
          0.9670256357558227,
          0.6375110362258268,
          0.5354564816834415,
          0.5218215845197477,
          0.5243925332268118,
          0.519014514544341
        ],
        [
          0.6972988743333421,
          1.0559424458916278,
          2.084234081217464,
          1.7277965536759023,
          0.752882258778446,
          0.5261594756979595,
          0.862329959508895,
          1.4713565265790578,
          0.5406088196791018,
          4.1880190193688245,
          2.4975043119884677,
          1.2326765857256223,
          1.808198231258701,
          1.1585620989545575,
          0.5246003566528098,
          0.5248258940372474,
          0.6536415066633983,
          0.5289741635164007,
          1.4079412598019378,
          0.5364427025025249,
          0.5237119440614662,
          1.2050285913108478,
          0.7888523940488287,
          0.9670256357558227,
          0.0,
          1.5361110926115873,
          1.0595236164124533,
          0.7131450194978939,
          1.220647309066963,
          0.718841400032076
        ],
        [
          0.6670822910844553,
          1.7258628965751008,
          3.7325518223021055,
          1.3957990590014184,
          1.0558805344365425,
          0.5308796247072084,
          1.7611776160678436,
          0.9809271458324833,
          1.1573922649827748,
          2.0775171485801356,
          0.8525640848114611,
          1.199423722029164,
          1.6145779100326165,
          0.6327653559742208,
          1.0739538065006444,
          0.5290843902638352,
          0.8429109578614317,
          0.5525231846423867,
          0.6237262975940778,
          0.7088378403614859,
          0.5487670750907436,
          1.4269476117869642,
          0.928768363720367,
          0.6375110362258268,
          1.5361110926115873,
          0.0,
          1.8409728624890973,
          1.9988773350149784,
          1.2365073221564717,
          0.6000246605598285
        ],
        [
          0.7321828609361578,
          1.2601213874191481,
          3.156974743492952,
          2.259374777539235,
          3.671108370273433,
          1.0626961489141173,
          0.5309961141597255,
          1.3273641755638816,
          0.6799231933532573,
          0.9519807276079721,
          3.4772201705265404,
          3.301006659491131,
          3.2844624649545935,
          1.9277473525492863,
          0.5240624672953278,
          0.7999823264556286,
          0.8224943611007245,
          1.3072961383299602,
          3.7050180119012217,
          1.871625423550823,
          0.90108773864555,
          2.1825583718920605,
          2.4176786165984114,
          0.5354564816834415,
          1.0595236164124533,
          1.8409728624890973,
          0.0,
          1.3322420229720875,
          1.945852147087016,
          1.2038782845911458
        ],
        [
          0.5335262456890646,
          2.4246255897363245,
          2.045377881388338,
          1.2977244491779854,
          1.2134918679041302,
          0.6934911408417157,
          1.6765999020319278,
          1.4399631309707936,
          0.5243360246445732,
          0.5313182478239934,
          0.9727286416382578,
          0.7193819159153021,
          1.4652789137602902,
          2.323433728156107,
          0.782701180463343,
          0.7116353911348351,
          0.6772268620630102,
          0.677883170128838,
          2.3227398902689487,
          0.97957772573465,
          0.5452481528011549,
          4.263881192334114,
          0.87987030191024,
          0.5218215845197477,
          0.7131450194978939,
          1.9988773350149784,
          1.3322420229720875,
          0.0,
          0.5778649622608089,
          0.8755244604526284
        ],
        [
          0.8954436546383494,
          1.3235674692363109,
          3.3088489041323936,
          1.0023142616645468,
          1.3488818238164308,
          0.5259111141247871,
          1.1172285213931892,
          6.497162764113251,
          0.8674288346800826,
          0.5679641699104996,
          0.8457001849024182,
          0.7405359341441317,
          1.1232615434471507,
          2.5182762304626642,
          0.6324831784206321,
          0.5869371909350127,
          0.9758764486377032,
          0.7500813273215797,
          2.5652515259513047,
          0.7650961787775321,
          0.5240146556637263,
          1.3691831801977725,
          1.1142085985320005,
          0.5243925332268118,
          1.220647309066963,
          1.2365073221564717,
          1.945852147087016,
          0.5778649622608089,
          0.0,
          0.5339389768749736
        ],
        [
          0.5230456315684662,
          0.5285284553184312,
          1.6239628282598946,
          0.6016382397822455,
          0.8949708536127764,
          0.520536144560926,
          0.5182641754278758,
          0.5856636010831288,
          0.51879918414049,
          0.5210103364391334,
          0.6341070631665654,
          0.6925966783763903,
          1.3019120958040262,
          1.0053213087842074,
          0.5180107790736393,
          0.5194152334664021,
          1.2501368927873817,
          0.5227642186211464,
          1.2054576462285482,
          0.6921054927043137,
          0.5253976238789198,
          0.5984959306898643,
          0.7123443047965812,
          0.519014514544341,
          0.718841400032076,
          0.6000246605598285,
          1.2038782845911458,
          0.8755244604526284,
          0.5339389768749736,
          0.0
        ]
      ]
    }
  },
  "nodes": {
    "EPI_ISL_404253": {
      "country": "Illinois",
      "country_confidence": {
        "Illinois": 1.0
      },
      "country_entropy": -1.000088900581841e-12
    },
    "EPI_ISL_404895": {
      "country": "Washington",
      "country_confidence": {
        "Washington": 1.0
      },
      "country_entropy": -1.000088900581841e-12
    },
    "EPI_ISL_406223": {
      "country": "Arizona",
      "country_confidence": {
        "Arizona": 1.0
      },
      "country_entropy": -1.000088900581841e-12
    },
    "EPI_ISL_408009": {
      "country": "California",
      "country_confidence": {
        "California": 1.0
      },
      "country_entropy": -1.000088900581841e-12
    },
    "EPI_ISL_408670": {
      "country": "Wisconsin",
      "country_confidence": {
        "Wisconsin": 0.9999999999999999
      },
      "country_entropy": -9.99866855976916e-13
    },
    "EPI_ISL_409067": {
      "country": "Massachusetts",
      "country_confidence": {
        "Massachusetts": 1.0
      },
      "country_entropy": -1.000088900581841e-12
    },
    "EPI_ISL_410045": {
      "country": "Illinois",
      "country_confidence": {
        "Illinois": 1.0
      },
      "country_entropy": -1.000088900581841e-12
    },
    "EPI_ISL_411954": {
      "country": "California",
      "country_confidence": {
        "California": 1.0
      },
      "country_entropy": -1.000088900581841e-12
    },
    "EPI_ISL_411956": {
      "country": "Texas",
      "country_confidence": {
        "Texas": 1.0
      },
      "country_entropy": -1.000088900581841e-12
    },
    "EPI_ISL_414476": {
      "country": "New York",
      "country_confidence": {
        "New York": 1.0
      },
      "country_entropy": -1.000088900581841e-12
    },
    "EPI_ISL_414622": {
      "country": "Washington",
      "country_confidence": {
        "Washington": 0.9999999999999999
      },
      "country_entropy": -9.99866855976916e-13
    },
    "EPI_ISL_415542": {
      "country": "Utah",
      "country_confidence": {
        "Utah": 1.0
      },
      "country_entropy": -1.000088900581841e-12
    },
    "EPI_ISL_415544": {
      "country": "Utah",
      "country_confidence": {
        "Utah": 1.0
      },
      "country_entropy": -1.000088900581841e-12
    },
    "EPI_ISL_416417": {
      "country": "Connecticut",
      "country_confidence": {
        "Connecticut": 1.0
      },
      "country_entropy": -1.000088900581841e-12
    },
    "EPI_ISL_416423": {
      "country": "Connecticut",
      "country_confidence": {
        "Connecticut": 1.0
      },
      "country_entropy": -1.000088900581841e-12
    },
    "EPI_ISL_416462": {
      "country": "Washington",
      "country_confidence": {
        "Washington": 1.0
      },
      "country_entropy": -1.000088900581841e-12
    },
    "EPI_ISL_416643": {
      "country": "Washington",
      "country_confidence": {
        "Washington": 1.0
      },
      "country_entropy": -1.000088900581841e-12
    },
    "EPI_ISL_416673": {
      "country": "Oregon",
      "country_confidence": {
        "Oregon": 1.0
      },
      "country_entropy": -1.000088900581841e-12
    },
    "EPI_ISL_416728": {
      "country": "Washington",
      "country_confidence": {
        "Washington": 1.0
      },
      "country_entropy": -1.000088900581841e-12
    },
    "EPI_ISL_416831": {
      "country": "New York",
      "country_confidence": {
        "New York": 0.9999999999999999
      },
      "country_entropy": -9.99866855976916e-13
    },
    "EPI_ISL_417026": {
      "country": "Utah",
      "country_confidence": {
        "Utah": 1.0
      },
      "country_entropy": -1.000088900581841e-12
    },
    "EPI_ISL_417028": {
      "country": "Utah",
      "country_confidence": {
        "Utah": 1.0
      },
      "country_entropy": -1.000088900581841e-12
    },
    "EPI_ISL_417095": {
      "country": "Washington",
      "country_confidence": {
        "Washington": 1.0
      },
      "country_entropy": -1.000088900581841e-12
    },
    "EPI_ISL_417096": {
      "country": "Washington",
      "country_confidence": {
        "Washington": 1.0
      },
      "country_entropy": -1.000088900581841e-12
    },
    "EPI_ISL_417098": {
      "country": "Washington",
      "country_confidence": {
        "Washington": 1.0
      },
      "country_entropy": -1.000088900581841e-12
    },
    "EPI_ISL_417108": {
      "country": "Washington",
      "country_confidence": {
        "Washington": 1.0
      },
      "country_entropy": -1.000088900581841e-12
    },
    "EPI_ISL_417135": {
      "country": "Washington",
      "country_confidence": {
        "Washington": 1.0
      },
      "country_entropy": -1.000088900581841e-12
    },
    "EPI_ISL_417142": {
      "country": "Washington",
      "country_confidence": {
        "Washington": 1.0
      },
      "country_entropy": -1.000088900581841e-12
    },
    "EPI_ISL_417148": {
      "country": "Washington",
      "country_confidence": {
        "Washington": 1.0
      },
      "country_entropy": -1.000088900581841e-12
    },
    "EPI_ISL_417150": {
      "country": "Washington",
      "country_confidence": {
        "Washington": 1.0
      },
      "country_entropy": -1.000088900581841e-12
    },
    "EPI_ISL_417151": {
      "country": "Washington",
      "country_confidence": {
        "Washington": 1.0
      },
      "country_entropy": -1.000088900581841e-12
    },
    "EPI_ISL_417156": {
      "country": "Washington",
      "country_confidence": {
        "Washington": 1.0
      },
      "country_entropy": -1.000088900581841e-12
    },
    "EPI_ISL_417159": {
      "country": "Washington",
      "country_confidence": {
        "Washington": 1.0
      },
      "country_entropy": -1.000088900581841e-12
    },
    "EPI_ISL_417160": {
      "country": "Washington",
      "country_confidence": {
        "Washington": 1.0
      },
      "country_entropy": -1.000088900581841e-12
    },
    "EPI_ISL_417194": {
      "country": "Minnesota",
      "country_confidence": {
        "Minnesota": 1.0
      },
      "country_entropy": -1.000088900581841e-12
    },
    "EPI_ISL_417196": {
      "country": "Minnesota",
      "country_confidence": {
        "Minnesota": 0.9999999999999999
      },
      "country_entropy": -9.99866855976916e-13
    },
    "EPI_ISL_417200": {
      "country": "Wisconsin",
      "country_confidence": {
        "Wisconsin": 1.0
      },
      "country_entropy": -1.000088900581841e-12
    },
    "EPI_ISL_417350": {
      "country": "Washington",
      "country_confidence": {
        "Washington": 1.0
      },
      "country_entropy": -1.000088900581841e-12
    },
    "EPI_ISL_417469": {
      "country": "Minnesota",
      "country_confidence": {
        "Minnesota": 1.0
      },
      "country_entropy": -1.000088900581841e-12
    },
    "EPI_ISL_417475": {
      "country": "Minnesota",
      "country_confidence": {
        "Minnesota": 1.0
      },
      "country_entropy": -1.000088900581841e-12
    },
    "EPI_ISL_417513": {
      "country": "Wisconsin",
      "country_confidence": {
        "Wisconsin": 1.0
      },
      "country_entropy": -1.000088900581841e-12
    },
    "EPI_ISL_417517": {
      "country": "Wisconsin",
      "country_confidence": {
        "Wisconsin": 1.0
      },
      "country_entropy": -1.000088900581841e-12
    },
    "EPI_ISL_417935": {
      "country": "California",
      "country_confidence": {
        "California": 1.0
      },
      "country_entropy": -1.000088900581841e-12
    },
    "EPI_ISL_417958": {
      "country": "Utah",
      "country_confidence": {
        "Utah": 1.0
      },
      "country_entropy": -1.000088900581841e-12
    },
    "EPI_ISL_417959": {
      "country": "Utah",
      "country_confidence": {
        "Utah": 1.0
      },
      "country_entropy": -1.000088900581841e-12
    },
    "EPI_ISL_417960": {
      "country": "Utah",
      "country_confidence": {
        "Utah": 1.0
      },
      "country_entropy": -1.000088900581841e-12
    },
    "EPI_ISL_417976": {
      "country": "Utah",
      "country_confidence": {
        "Utah": 1.0
      },
      "country_entropy": -1.000088900581841e-12
    },
    "EPI_ISL_418049": {
      "country": "Minnesota",
      "country_confidence": {
        "Minnesota": 1.0
      },
      "country_entropy": -1.000088900581841e-12
    },
    "EPI_ISL_418058": {
      "country": "Connecticut",
      "country_confidence": {
        "Connecticut": 1.0
      },
      "country_entropy": -1.000088900581841e-12
    },
    "EPI_ISL_418080": {
      "country": "Washington",
      "country_confidence": {
        "Washington": 0.9999999999999999
      },
      "country_entropy": -9.99866855976916e-13
    },
    "EPI_ISL_418871": {
      "country": "Connecticut",
      "country_confidence": {
        "Connecticut": 1.0
      },
      "country_entropy": -1.000088900581841e-12
    },
    "EPI_ISL_418895": {
      "country": "Connecticut",
      "country_confidence": {
        "Connecticut": 1.0
      },
      "country_entropy": -1.000088900581841e-12
    },
    "EPI_ISL_418898": {
      "country": "Connecticut",
      "country_confidence": {
        "Connecticut": 1.0
      },
      "country_entropy": -1.000088900581841e-12
    },
    "EPI_ISL_418905": {
      "country": "Washington",
      "country_confidence": {
        "Washington": 1.0
      },
      "country_entropy": -1.000088900581841e-12
    },
    "EPI_ISL_418915": {
      "country": "Illinois",
      "country_confidence": {
        "Illinois": 1.0
      },
      "country_entropy": -1.000088900581841e-12
    },
    "EPI_ISL_418916": {
      "country": "Illinois",
      "country_confidence": {
        "Illinois": 1.0
      },
      "country_entropy": -1.000088900581841e-12
    },
    "EPI_ISL_418917": {
      "country": "Illinois",
      "country_confidence": {
        "Illinois": 0.9999999999999999
      },
      "country_entropy": -9.99866855976916e-13
    },
    "EPI_ISL_418918": {
      "country": "Illinois",
      "country_confidence": {
        "Illinois": 1.0
      },
      "country_entropy": -1.000088900581841e-12
    },
    "EPI_ISL_418962": {
      "country": "Utah",
      "country_confidence": {
        "Utah": 1.0
      },
      "country_entropy": -1.000088900581841e-12
    },
    "EPI_ISL_418963": {
      "country": "Utah",
      "country_confidence": {
        "Utah": 0.9999999999999999
      },
      "country_entropy": -9.99866855976916e-13
    },
    "EPI_ISL_418964": {
      "country": "Utah",
      "country_confidence": {
        "Utah": 0.9999999999999999
      },
      "country_entropy": -9.99866855976916e-13
    },
    "EPI_ISL_419260": {
      "country": "Virginia",
      "country_confidence": {
        "Virginia": 1.0
      },
      "country_entropy": -1.000088900581841e-12
    },
    "EPI_ISL_419512": {
      "country": "Connecticut",
      "country_confidence": {
        "Connecticut": 0.9999999999999999
      },
      "country_entropy": -9.99866855976916e-13
    },
    "EPI_ISL_419521": {
      "country": "Connecticut",
      "country_confidence": {
        "Connecticut": 0.9999999999999999
      },
      "country_entropy": -9.99866855976916e-13
    },
    "EPI_ISL_419554": {
      "country": "California",
