{
  "generated_by": {
    "program": "augur",
    "version": "7.0.2"
  },
  "models": {
    "country": {
      "alphabet": [
        "Australia",
        "Austria",
        "Belgium",
        "Brazil",
        "Canada",
        "China",
        "Czech Republic",
        "Democratic Republic of the Congo",
        "England",
        "Finland",
        "France",
        "Georgia",
        "Germany",
        "Hong Kong",
        "Iceland",
        "India",
        "Ireland",
        "Italy",
        "Japan",
        "Luxembourg",
        "Mexico",
        "Netherlands",
        "Norway",
        "Portugal",
        "Scotland",
        "Senegal",
        "Singapore",
        "South Korea",
        "Spain",
        "Switzerland",
        "Taiwan",
        "USA",
        "Wales",
        "?"
      ],
      "equilibrium_probabilities": [
        0.029466409725592967,
        0.03640971452589731,
        0.02609942207829476,
        0.03773262743410373,
        0.03412193792022325,
        0.019684312665854888,
        0.03269045992491416,
        0.03162643172672532,
        0.018963564809012633,
        0.03224365881087656,
        0.019984839523991146,
        0.036651984310417385,
        0.016208861972588064,
        0.032374376050337265,
        0.03391719798925215,
        0.03686554297302367,
        0.03311711117667928,
        0.02908217706756824,
        0.03218432377571761,
        0.027372701296577404,
        0.03714271722301905,
        0.024022239520399,
        0.03665748132203942,
        0.022660537423564442,
        0.023043080725212085,
        0.03250841293360814,
        0.03903301324396188,
        0.035568525263727294,
        0.024490064725142695,
        0.02350438987604511,
        0.03843232620328531,
        0.03209550197547177,
        0.034044053806876036
      ],
      "rate": 350.09059563782614,
      "transition_matrix": [
        [
          0.0,
          0.61701085553192,
          2.030191529644054,
          1.2990189058904604,
          4.175709778731969,
          1.2182932073450006,
          0.6187489137067187,
          0.9121018700736407,
          4.2620630852540105,
          1.2787285618544737,
          4.823394147288009,
          0.9217294650839783,
          3.722948891275019,
          0.6161699797967943,
          1.6954822404962402,
          2.1629847853271214,
          0.6152268117688163,
          0.9294505148782396,
          0.9010162845939913,
          0.736014683106212,
          0.9269594528533941,
          0.9498579804448903,
          0.6319047453062567,
          1.2185324602447016,
          2.3625883761875697,
          0.616946992099447,
          1.2196102674080498,
          0.7698271072276014,
          1.0002701427214373,
          2.1478343848022265,
          1.2418379804797561,
          3.8885361995194763,
          0.8946283603285395
        ],
        [
          0.61701085553192,
          0.0,
          0.6169511357549762,
          0.6149372208497506,
          0.9226430018435762,
          0.6148767387732869,
          0.6207277123969427,
          0.6157516355776763,
          1.816001509109201,
          0.6154044322625604,
          0.6362137900259198,
          0.6146027082588237,
          2.7666708100625543,
          0.6142046436297673,
          0.6146204239135324,
          0.6143601888522031,
          0.6146464835410509,
          0.6347205928951101,
          0.613647874627537,
          0.9240065014322203,
          0.615120668006745,
          0.9239655311797866,
          0.6149882869326719,
          0.936764361981472,
          1.1679751944655168,
          0.6154755557723454,
          0.6145981920136981,
          0.6145144479060944,
          0.6316048089490472,
          0.934928413532196,
          0.615915076287036,
          0.6146919455309553,
          0.6146215211227695
        ],
        [
          2.030191529644054,
          0.6169511357549762,
          0.0,
          0.9325914272876932,
          1.0240201836962257,
          1.1915659442716207,
          0.9272641906360716,
          1.3600698908183713,
          5.788615497160422,
          0.631660801939121,
          3.7228646457969976,
          0.9215831021722887,
          3.127449197864021,
          0.9117272812218765,
          3.1720184011013988,
          0.7068306597849534,
          0.6164645257091284,
          1.7820064480002082,
          1.5278529860800434,
          1.5172292041607771,
          0.6202495801638959,
          3.7201836945767357,
          2.255908228435309,
          2.04270148060937,
          2.2989642107197223,
          0.6179568107366461,
          0.6147256900728534,
          0.6145832319727593,
          1.4677355953276194,
          3.6405952937518973,
          0.6205433570497755,
          0.6214566614707275,
          0.6342117919405637
        ],
        [
          1.2990189058904604,
          0.6149372208497506,
          0.9325914272876932,
          0.0,
          0.9701738760453437,
          0.6756038363875887,
          0.6149159390157463,
          0.6160710732622208,
          1.1673782941737614,
          0.6177163750389578,
          0.6306484723743792,
          0.6147522328806693,
          0.7272225486980308,
          0.6202327365507754,
          0.6154232531739613,
          0.6254418808978007,
          0.6147562653988171,
          0.615704525977806,
          0.6172536801232549,
          1.2300643715626978,
          0.6152211473118543,
          1.5392873231318978,
          0.6152235248751089,
          0.6200490032993335,
          0.6467389441632926,
          0.615914308703106,
          0.6155072448846283,
          0.6151577351962658,
          1.7369063927257644,
          0.7831355208124583,
          0.6169233675532759,
          0.6298865916420663,
          0.616019362912393
        ],
        [
          4.175709778731969,
          0.9226430018435762,
          1.0240201836962257,
          0.9701738760453437,
          0.0,
          1.9589317031569884,
          0.6179365329106677,
          0.7742654678690399,
          1.9249220465909505,
          1.3310793320119736,
          4.834399400749426,
          0.6160816204934711,
          3.8884355205486263,
          0.6162780550823362,
          0.8596423167480245,
          0.9231508238377492,
          0.6150371858761056,
          0.6204931634149825,
          2.1813449808302128,
          4.347928343206473,
          0.9224113323319444,
          0.9761957034550003,
          0.6175580561460009,
          1.5698805792462294,
          0.6501071779085432,
          0.6181556392597144,
          0.7752700415885542,
          0.6176999397037114,
          0.7307070275332076,
          0.6227272343225746,
          1.7805866303083924,
          6.754035272589931,
          0.6155085969293674
        ],
        [
          1.2182932073450006,
          0.6148767387732869,
          1.1915659442716207,
          0.6756038363875887,
          1.9589317031569884,
          0.0,
          0.6146070261140822,
          0.6163879316467008,
          0.9246809598996084,
          0.923210778951177,
          0.6325613863899425,
          0.6142153100948597,
          1.4872911778814781,
          3.4059265938368455,
          1.2320070684558828,
          0.9217586588092692,
          0.9210226798841371,
          0.6170819620140549,
          4.029405727877354,
          0.6212422319068975,
          1.0323942069163434,
          1.233950991409001,
          0.9223836055827918,
          1.2382857311270392,
          5.899909665114014,
          1.2332250757405048,
          4.6005841525348075,
          3.67827540659899,
          2.0424742729502827,
          0.6231157766218035,
          2.1653464969238896,
          1.5632675413698514,
          0.6142633685121481
        ],
        [
          0.6187489137067187,
          0.6207277123969427,
          0.9272641906360716,
          0.6149159390157463,
          0.6179365329106677,
          0.6146070261140822,
          0.0,
          0.6157214743548743,
          1.6922720112545933,
          0.6156168006415315,
          0.777806793545838,
          0.6148555231367332,
          0.761874625965955,
          0.6144139238233746,
          0.9130949802615876,
          0.6145135090642807,
          0.6147958057711993,
          0.6324348127244301,
          0.6141433842868178,
          0.6185812942007209,
          0.6151570738302311,
          0.9254196539935582,
          0.6153856101878827,
          0.934878799921619,
          1.5123985332012775,
          0.6157101423582418,
          0.6147438798933039,
          0.6146413187109783,
          0.7382728042921443,
          0.6272519611975569,
          0.6169472087894633,
          0.6188232186016821,
          0.6149027187452879
        ],
        [
          0.9121018700736407,
          0.6157516355776763,
          1.3600698908183713,
          0.6160710732622208,
          0.7742654678690399,
          0.6163879316467008,
          0.6157214743548743,
          0.0,
          3.4866309272332043,
          0.6165841157717515,
          1.2130766913922821,
          0.615141541228996,
          0.6206129143999551,
          0.6147513600388714,
          0.6177317511073271,
          0.6150304479933335,
          0.6153515801747677,
          0.6174724853002628,
          0.6154384980186974,
          0.7844253208934651,
          0.6157950394513784,
          0.6903356357882984,
          0.6162484958117795,
          0.7914037504069119,
          1.3704343690529335,
          0.6163221390374289,
          0.6152826855872465,
          0.6150157727131905,
          0.7841856767639055,
          0.9255366901680792,
          0.6178439098412811,
          0.6191307972502216,
          0.6150871740936933
        ],
        [
          4.2620630852540105,
          1.816001509109201,
          5.788615497160422,
          1.1673782941737614,
          1.9249220465909505,
          0.9246809598996084,
          1.6922720112545933,
          3.4866309272332043,
          0.0,
          3.1592064794006687,
          6.679092860292683,
          1.2450378429586089,
          4.056661223523663,
          0.6132149393210181,
          4.088835684260435,
          0.6195338598131802,
          2.115437359653373,
          2.3361764715344764,
          1.4856325137642135,
          3.7868223726568573,
          0.9112874747833116,
          8.21261007861937,
          1.0562963821882443,
          7.069035500533803,
          11.549682166711746,
          1.3214017481316929,
          0.6133134747079375,
          0.6131254497582384,
          7.70172705218068,
          2.6170045963970865,
          1.8761640405348596,
          3.5533786162362806,
          1.833696605916263
        ],
        [
          1.2787285618544737,
          0.6154044322625604,
          0.631660801939121,
          0.6177163750389578,
          1.3310793320119736,
          0.923210778951177,
          0.6156168006415315,
          0.6165841157717515,
          3.1592064794006687,
          0.0,
          2.7916679150751955,
          0.6149262618620274,
          0.7512440282269236,
          0.6143586321129372,
          0.6241261232005275,
          0.6148919240179561,
          0.6150585615811383,
          0.653813702100588,
          0.6144046571499456,
          0.6173224116902035,
          0.6152694567569662,
          1.8918834383885856,
          0.6173227782286292,
          0.7311707321957797,
          0.9469808467721976,
          0.6161223283463472,
          0.615038701757876,
          0.6149485003301831,
          0.7185577118268809,
          0.6226918588323855,
          0.6173032702853654,
          0.6351724351430884,
          0.6167092885152243
        ],
        [
          4.823394147288009,
          0.6362137900259198,
          3.7228646457969976,
          0.6306484723743792,
          4.834399400749426,
          0.6325613863899425,
          0.777806793545838,
          1.2130766913922821,
          6.679092860292683,
          2.7916679150751955,
          0.0,
          0.9255734108900451,
          8.215182308158436,
          0.91512974391185,
          3.774176475952519,
          0.617020548207601,
          0.6143690759679287,
          1.5794105848635123,
          1.2181759323533183,
          4.132714231960419,
          0.9184386858212095,
          1.0276520551564468,
          2.267873095807201,
          2.2261506214234634,
          1.9851674455513,
          2.1429739945223063,
          0.9216786691770369,
          0.6140227763186663,
          1.8730218406317098,
          1.1395759326615715,
          3.248375015646885,
          3.3426691505307082,
          0.6206966276732035
        ],
        [
          0.9217294650839783,
          0.6146027082588237,
          0.9215831021722887,
          0.6147522328806693,
          0.6160816204934711,
          0.6142153100948597,
          0.6148555231367332,
          0.615141541228996,
          1.2450378429586089,
          0.6149262618620274,
          0.9255734108900451,
          0.0,
          0.9219891738716339,
          0.6142107123152115,
          0.6141603594151002,
          0.9211269172467029,
          0.6146353818438617,
          0.6154037363599781,
          0.613615820147731,
          0.6146285075007487,
          0.6149597430063989,
          0.6144699111790369,
          0.6183669693015126,
          0.9212749265198326,
          0.6149897381133697,
          0.6150867413360246,
          0.614561431320067,
          0.614562428626662,
          1.2000237654190673,
          0.9224210420630917,
          0.6154561231155953,
          0.6142200755334569,
          0.6146179055992792
        ],
        [
          3.722948891275019,
          2.7666708100625543,
          3.127449197864021,
          0.7272225486980308,
          3.8884355205486263,
          1.4872911778814781,
          0.761874625965955,
          0.6206129143999551,
          4.056661223523663,
          0.7512440282269236,
          8.215182308158436,
          0.9219891738716339,
          0.0,
          0.6150018012687316,
          2.104139915333392,
          0.6156862216268587,
          0.6147315583800856,
          0.6202667257340934,
          1.2186576769900532,
          3.6196077854044235,
          0.6662085921404909,
          3.192482959472871,
          0.6171884515926641,
          1.5502735944023511,
          3.0329806053587247,
          0.9259959115938161,
          0.6167205925687334,
          0.615718490067975,
          1.323150396168946,
          0.7971866467117925,
          1.9366457036170879,
          6.912176068572031,
          1.5371371286193558
        ],
        [
          0.6161699797967943,
          0.6142046436297673,
          0.9117272812218765,
          0.6202327365507754,
          0.6162780550823362,
          3.4059265938368455,
          0.6144139238233746,
          0.6147513600388714,
          0.6132149393210181,
          0.6143586321129372,
          0.91512974391185,
          0.6142107123152115,
          0.6150018012687316,
          0.0,
          0.6139661396770685,
          0.6139503641651493,
          0.6142828296383331,
          0.6147459664431916,
          1.2271378515615141,
          0.6143352533793652,
          0.6144935240418739,
          0.6144740103044124,
          0.6145420035036369,
          0.6139896399898916,
          0.6144342150269395,
          0.6146587210086301,
          1.823946515647742,
          1.5218202440355066,
          0.614932708982955,
          0.614762065122767,
          0.9168664708021309,
          0.6138796556365446,
          0.6142476139620949
        ],
        [
          1.6954822404962402,
          0.6146204239135324,
          3.1720184011013988,
          0.6154232531739613,
          0.8596423167480245,
          1.2320070684558828,
          0.9130949802615876,
          0.6177317511073271,
          4.088835684260435,
          0.6241261232005275,
          3.774176475952519,
          0.6141603594151002,
          2.104139915333392,
          0.6139661396770685,
          0.0,
          0.614117761424403,
          0.614194401400415,
          0.6164973616195355,
          0.9742748308158511,
          0.9304343290991517,
          0.6180836189389917,
          3.121585756904649,
          0.6955556666366226,
          0.952365793319475,
          0.9490507918025899,
          0.6200088108822437,
          0.6143332207321254,
          0.6144695107560239,
          0.619821544276794,
          0.6888391124351034,
          0.6178087393534162,
          0.7468587571024267,
          0.620195096813638
        ],
        [
          2.1629847853271214,
          0.6143601888522031,
          0.7068306597849534,
          0.6254418808978007,
          0.9231508238377492,
          0.9217586588092692,
          0.6145135090642807,
          0.6150304479933335,
          0.6195338598131802,
          0.6148919240179561,
          0.617020548207601,
          0.9211269172467029,
          0.6156862216268587,
          0.6139503641651493,
          0.614117761424403,
          0.0,
          0.6143841663480331,
          1.5696887932291357,
          0.6135287738798664,
          0.615249600565335,
          0.6146525664147269,
          0.6148062413705712,
          0.9217105267062399,
          0.614483829105358,
          0.6294552292929982,
          0.614641495533165,
          0.6144948911570498,
          0.6147114235472165,
          1.3572402719240089,
          1.0816291711162866,
          0.6158521555696254,
          0.6182312065460045,
          0.614365671359399
        ],
        [
          0.6152268117688163,
          0.6146464835410509,
          0.6164645257091284,
          0.6147562653988171,
          0.6150371858761056,
          0.9210226798841371,
          0.6147958057711993,
          0.6153515801747677,
          2.115437359653373,
          0.6150585615811383,
          0.6143690759679287,
          0.6146353818438617,
          0.6147315583800856,
          0.6142828296383331,
          0.614194401400415,
          0.6143841663480331,
          0.0,
          0.9228094482403216,
          0.6137439305187223,
          0.6149806775915855,
          0.6148501235940462,
          1.535003853484383,
          0.6148263726130198,
          0.6161267287537971,
          0.6404665766124734,
          0.6153938419510501,
          0.6146337889625756,
          0.614623636583565,
          0.6147378583758555,
          0.6150003215483553,
          0.6158133104317641,
          0.6143165095643152,
          0.6146553309244224
        ],
        [
          0.9294505148782396,
          0.6347205928951101,
          1.7820064480002082,
          0.615704525977806,
          0.6204931634149825,
          0.6170819620140549,
          0.6324348127244301,
          0.6174724853002628,
          2.3361764715344764,
          0.653813702100588,
          1.5794105848635123,
          0.6154037363599781,
          0.6202667257340934,
          0.6147459664431916,
          0.6164973616195355,
          1.5696887932291357,
          0.9228094482403216,
          0.0,
          0.6145555089074821,
          2.177098537369293,
          0.6160159695897148,
          1.2418911254286542,
          0.6201419452052224,
          1.5796542630457029,
          1.003968616738773,
          0.6169645606513273,
          0.614879428554043,
          0.6148188709160964,
          2.2515788700455173,
          1.2554256575105396,
          0.9742612870929903,
          0.9203645459165066,
          0.6151811918710403
        ],
        [
          0.9010162845939913,
          0.613647874627537,
          1.5278529860800434,
          0.6172536801232549,
          2.1813449808302128,
          4.029405727877354,
          0.6141433842868178,
          0.6154384980186974,
          1.4856325137642135,
          0.6144046571499456,
          1.2181759323533183,
          0.613615820147731,
          1.2186576769900532,
          1.2271378515615141,
          0.9742748308158511,
          0.6135287738798664,
          0.6137439305187223,
          0.6145555089074821,
          0.0,
          0.6605549112495966,
          0.6144390285559455,
          0.6174095924792085,
          0.6144683812514413,
          1.8206115499492517,
          0.6249882319820028,
          0.6148090036500665,
          1.2298132557400152,
          0.6193509134025981,
          0.7236050380823853,
          0.6150881983653259,
          0.6150213886992465,
          0.9212952500372424,
          0.6137115871697588
        ],
        [
          0.736014683106212,
          0.9240065014322203,
          1.5172292041607771,
          1.2300643715626978,
          4.347928343206473,
          0.6212422319068975,
          0.6185812942007209,
          0.7844253208934651,
          3.7868223726568573,
          0.6173224116902035,
          4.132714231960419,
          0.6146285075007487,
          3.6196077854044235,
          0.6143352533793652,
          0.9304343290991517,
          0.615249600565335,
          0.6149806775915855,
          2.177098537369293,
          0.6605549112495966,
          0.0,
          0.9189872621505849,
          1.4277440989363,
          0.6162550661791327,
          0.928081836086791,
          1.933733271992398,
          0.7712879353682209,
          0.9208417511252719,
          0.614520030970766,
          1.2382224603262066,
          2.769772497147079,
          1.2470278558124575,
          0.631703890701439,
          0.6148068905999098
        ],
        [
          0.9269594528533941,
          0.615120668006745,
          0.6202495801638959,
          0.6152211473118543,
          0.9224113323319444,
          1.0323942069163434,
          0.6151570738302311,
          0.6157950394513784,
          0.9112874747833116,
          0.6152694567569662,
          0.9184386858212095,
          0.6149597430063989,
          0.6662085921404909,
          0.6144935240418739,
          0.6180836189389917,
          0.6146525664147269,
          0.6148501235940462,
          0.6160159695897148,
          0.6144390285559455,
          0.9189872621505849,
          0.0,
          0.6175426067770918,
          0.6153014871697762,
          0.7619019765869102,
          0.7912992872174825,
          0.6155323788241444,
          0.6151523365228372,
          0.6150431905948835,
          1.1124406654357875,
          0.920626226932246,
          0.6160184932898136,
          0.617003188183211,
          0.6148450294547951
        ],
        [
          0.9498579804448903,
          0.9239655311797866,
          3.7201836945767357,
          1.5392873231318978,
          0.9761957034550003,
          1.233950991409001,
          0.9254196539935582,
          0.6903356357882984,
          8.21261007861937,
          1.8918834383885856,
          1.0276520551564468,
          0.6144699111790369,
          3.192482959472871,
          0.6144740103044124,
          3.121585756904649,
          0.6148062413705712,
          1.535003853484383,
          1.2418911254286542,
          0.6174095924792085,
          1.4277440989363,
          0.6175426067770918,
          0.0,
          1.0974134087642886,
          4.659382985798836,
          3.810770863315036,
          1.4529013035624305,
          0.6147605793792831,
          0.6144203375638809,
          1.581541868629253,
          2.0253180611849526,
          0.930077636559216,
          0.9270424937691057,
          0.6154372206653
        ],
        [
          0.6319047453062567,
          0.6149882869326719,
          2.255908228435309,
          0.6152235248751089,
          0.6175580561460009,
          0.9223836055827918,
          0.6153856101878827,
          0.6162484958117795,
          1.0562963821882443,
          0.6173227782286292,
          2.267873095807201,
          0.6183669693015126,
          0.6171884515926641,
          0.6145420035036369,
          0.6955556666366226,
          0.9217105267062399,
          0.6148263726130198,
          0.6201419452052224,
          0.6144683812514413,
          0.6162550661791327,
          0.6153014871697762,
          1.0974134087642886,
          0.0,
          0.6916029588998169,
          0.6356118087944842,
          0.6154643464855633,
          0.6148809124978962,
          0.6147788561817694,
          1.182090168378889,
          0.6777680537235652,
          0.6162306123799416,
          0.6148525335402097,
          0.6148695139953795
        ],
        [
          1.2185324602447016,
          0.936764361981472,
          2.04270148060937,
          0.6200490032993335,
          1.5698805792462294,
          1.2382857311270392,
          0.934878799921619,
          0.7914037504069119,
          7.069035500533803,
          0.7311707321957797,
          2.2261506214234634,
          0.9212749265198326,
          1.5502735944023511,
          0.6139896399898916,
          0.952365793319475,
          0.614483829105358,
          0.6161267287537971,
          1.5796542630457029,
          1.8206115499492517,
          0.928081836086791,
          0.7619019765869102,
          4.659382985798836,
          0.6916029588998169,
          0.0,
          1.4951069982666438,
          0.835952074260659,
          0.6143290773917633,
          0.6142735083766357,
          4.449644839544542,
          1.4643696823941956,
          0.6211197756290056,
          0.684269831460147,
          0.6177921359917075
        ],
        [
          2.3625883761875697,
          1.1679751944655168,
          2.2989642107197223,
          0.6467389441632926,
          0.6501071779085432,
          5.899909665114014,
          1.5123985332012775,
          1.3704343690529335,
          11.549682166711746,
          0.9469808467721976,
          1.9851674455513,
          0.6149897381133697,
          3.0329806053587247,
          0.6144342150269395,
          0.9490507918025899,
          0.6294552292929982,
          0.6404665766124734,
          1.003968616738773,
          0.6249882319820028,
          1.933733271992398,
          0.7912992872174825,
          3.810770863315036,
          0.6356118087944842,
          1.4951069982666438,
          0.0,
          0.865556635551035,
          0.6157313037575612,
          0.6170006686254487,
          3.687728595681951,
          0.9313596387673896,
          0.8759029573549159,
          0.9459457688272546,
          0.6148819092870249
        ],
        [
          0.616946992099447,
          0.6154755557723454,
          0.6179568107366461,
          0.615914308703106,
          0.6181556392597144,
          1.2332250757405048,
          0.6157101423582418,
          0.6163221390374289,
          1.3214017481316929,
          0.6161223283463472,
          2.1429739945223063,
          0.6150867413360246,
          0.9259959115938161,
          0.6146587210086301,
          0.6200088108822437,
          0.614641495533165,
          0.6153938419510501,
          0.6169645606513273,
          0.6148090036500665,
          0.7712879353682209,
          0.6155323788241444,
          1.4529013035624305,
          0.6154643464855633,
          0.835952074260659,
          0.865556635551035,
          0.0,
          0.6153570531556826,
          0.6151053429251793,
          0.99878627703455,
          0.6174232796993491,
          0.6164048360833393,
          0.6155489399964222,
          0.6150760362769102
        ],
        [
          1.2196102674080498,
          0.6145981920136981,
          0.6147256900728534,
          0.6155072448846283,
          0.7752700415885542,
          4.6005841525348075,
          0.6147438798933039,
          0.6152826855872465,
          0.6133134747079375,
          0.615038701757876,
          0.9216786691770369,
          0.614561431320067,
          0.6167205925687334,
          1.823946515647742,
          0.6143332207321254,
          0.6144948911570498,
          0.6146337889625756,
          0.614879428554043,
          1.2298132557400152,
          0.9208417511252719,
          0.6151523365228372,
          0.6147605793792831,
          0.6148809124978962,
          0.6143290773917633,
          0.6157313037575612,
          0.6153570531556826,
          0.0,
          0.6167996773928464,
          0.6159968915184438,
          0.9222970527021408,
          0.6160448939014553,
          0.6162357999700036,
          0.6145893607791985
        ],
        [
          0.7698271072276014,
          0.6145144479060944,
          0.6145832319727593,
          0.6151577351962658,
          0.6176999397037114,
          3.67827540659899,
          0.6146413187109783,
          0.6150157727131905,
          0.6131254497582384,
          0.6149485003301831,
          0.6140227763186663,
          0.614562428626662,
          0.615718490067975,
          1.5218202440355066,
          0.6144695107560239,
          0.6147114235472165,
          0.614623636583565,
          0.6148188709160964,
          0.6193509134025981,
          0.614520030970766,
          0.6150431905948835,
          0.6144203375638809,
          0.6147788561817694,
          0.6142735083766357,
          0.6170006686254487,
          0.6151053429251793,
          0.6167996773928464,
          0.0,
          0.6154227490971671,
          0.614875461859409,
          0.6157130425937698,
          0.615467464879317,
          0.6145860237207766
        ],
        [
          1.0002701427214373,
          0.6316048089490472,
          1.4677355953276194,
          1.7369063927257644,
          0.7307070275332076,
          2.0424742729502827,
          0.7382728042921443,
          0.7841856767639055,
          7.70172705218068,
          0.7185577118268809,
          1.8730218406317098,
          1.2000237654190673,
          1.323150396168946,
          0.614932708982955,
          0.619821544276794,
          1.3572402719240089,
          0.6147378583758555,
          2.2515788700455173,
          0.7236050380823853,
          1.2382224603262066,
          1.1124406654357875,
          1.581541868629253,
          1.182090168378889,
          4.449644839544542,
          3.687728595681951,
          0.99878627703455,
          0.6159968915184438,
          0.6154227490971671,
          0.0,
          1.749941690873806,
          0.7814576353676824,
          0.9331128170477878,
          0.614624921224587
        ],
        [
          2.1478343848022265,
          0.934928413532196,
          3.6405952937518973,
          0.7831355208124583,
          0.6227272343225746,
          0.6231157766218035,
          0.6272519611975569,
          0.9255366901680792,
          2.6170045963970865,
          0.6226918588323855,
          1.1395759326615715,
          0.9224210420630917,
          0.7971866467117925,
          0.614762065122767,
          0.6888391124351034,
          1.0816291711162866,
          0.6150003215483553,
          1.2554256575105396,
          0.6150881983653259,
          2.769772497147079,
          0.920626226932246,
          2.0253180611849526,
          0.6777680537235652,
          1.4643696823941956,
          0.9313596387673896,
          0.6174232796993491,
          0.9222970527021408,
          0.614875461859409,
          1.749941690873806,
          0.0,
          2.161155573532498,
          0.9968216531872052,
          0.9175802271587394
        ],
        [
          1.2418379804797561,
          0.615915076287036,
          0.6205433570497755,
          0.6169233675532759,
          1.7805866303083924,
          2.1653464969238896,
          0.6169472087894633,
          0.6178439098412811,
          1.8761640405348596,
          0.6173032702853654,
          3.248375015646885,
          0.6154561231155953,
          1.9366457036170879,
          0.9168664708021309,
          0.6178087393534162,
          0.6158521555696254,
          0.6158133104317641,
          0.9742612870929903,
          0.6150213886992465,
          1.2470278558124575,
          0.6160184932898136,
          0.930077636559216,
          0.6162306123799416,
          0.6211197756290056,
          0.8759029573549159,
          0.6164048360833393,
          0.6160448939014553,
          0.6157130425937698,
          0.7814576353676824,
          2.161155573532498,
          0.0,
          0.7895865068617803,
          0.6155507920779745
        ],
        [
          3.8885361995194763,
          0.6146919455309553,
          0.6214566614707275,
          0.6298865916420663,
          6.754035272589931,
          1.5632675413698514,
          0.6188232186016821,
          0.6191307972502216,
          3.5533786162362806,
          0.6351724351430884,
          3.3426691505307082,
          0.6142200755334569,
          6.912176068572031,
          0.6138796556365446,
          0.7468587571024267,
          0.6182312065460045,
          0.6143165095643152,
          0.9203645459165066,
          0.9212952500372424,
          0.631703890701439,
          0.617003188183211,
          0.9270424937691057,
          0.6148525335402097,
          0.684269831460147,
          0.9459457688272546,
          0.6155489399964222,
          0.6162357999700036,
          0.615467464879317,
          0.9331128170477878,
          0.9968216531872052,
          0.7895865068617803,
          0.0,
          0.6147020164622407
        ],
        [
          0.8946283603285395,
          0.6146215211227695,
          0.6342117919405637,
          0.616019362912393,
          0.6155085969293674,
          0.6142633685121481,
          0.6149027187452879,
          0.6150871740936933,
          1.833696605916263,
          0.6167092885152243,
          0.6206966276732035,
          0.6146179055992792,
          1.5371371286193558,
          0.6142476139620949,
          0.620195096813638,
          0.614365671359399,
          0.6146553309244224,
          0.6151811918710403,
          0.6137115871697588,
          0.6148068905999098,
          0.6148450294547951,
          0.6154372206653,
          0.6148695139953795,
          0.6177921359917075,
          0.6148819092870249,
          0.6150760362769102,
          0.6145893607791985,
          0.6145860237207766,
          0.614624921224587,
          0.9175802271587394,
          0.6155507920779745,
          0.6147020164622407,
          0.0
        ]
      ]
    }
  },
  "nodes": {
    "EPI_ISL_402120": {
      "country": "China",
      "country_confidence": {
        "China": 1.0
      },
      "country_entropy": -1.000088900581841e-12
    },
    "EPI_ISL_402121": {
      "country": "China",
      "country_confidence": {
        "China": 1.0
      },
      "country_entropy": -1.000088900581841e-12
    },
    "EPI_ISL_402125": {
      "country": "China",
      "country_confidence": {
        "China": 1.0
      },
      "country_entropy": -1.000088900581841e-12
    },
    "EPI_ISL_402132": {
      "country": "China",
      "country_confidence": {
        "China": 1.0
      },
      "country_entropy": -1.000088900581841e-12
    },
    "EPI_ISL_403929": {
      "country": "China",
      "country_confidence": {
        "China": 1.0
      },
      "country_entropy": -1.000088900581841e-12
    },
    "EPI_ISL_403932": {
      "country": "China",
      "country_confidence": {
        "China": 1.0
      },
      "country_entropy": -1.000088900581841e-12
    },
    "EPI_ISL_404227": {
      "country": "China",
      "country_confidence": {
        "China": 1.0
      },
      "country_entropy": -1.000088900581841e-12
    },
    "EPI_ISL_404228": {
      "country": "China",
      "country_confidence": {
        "China": 1.0
      },
      "country_entropy": -1.000088900581841e-12
    },
    "EPI_ISL_406031": {
      "country": "Taiwan",
      "country_confidence": {
        "Taiwan": 1.0
      },
      "country_entropy": -1.000088900581841e-12
    },
    "EPI_ISL_406538": {
      "country": "China",
      "country_confidence": {
        "China": 1.0
      },
      "country_entropy": -1.000088900581841e-12
    },
    "EPI_ISL_406593": {
      "country": "China",
      "country_confidence": {
        "China": 1.0
      },
      "country_entropy": -1.000088900581841e-12
    },
    "EPI_ISL_406594": {
      "country": "China",
      "country_confidence": {
        "China": 1.0
      },
      "country_entropy": -1.000088900581841e-12
    },
    "EPI_ISL_406716": {
      "country": "China",
      "country_confidence": {
        "China": 1.0
      },
      "country_entropy": -1.000088900581841e-12
    },
    "EPI_ISL_406862": {
      "country": "Germany",
      "country_confidence": {
        "Germany": 1.0
      },
      "country_entropy": -1.000088900581841e-12
    },
    "EPI_ISL_406973": {
      "country": "Singapore",
      "country_confidence": {
        "Singapore": 1.0
      },
      "country_entropy": -1.000088900581841e-12
    },
    "EPI_ISL_407079": {
      "country": "Finland",
      "country_confidence": {
        "Finland": 1.0
      },
      "country_entropy": -1.000088900581841e-12
    },
    "EPI_ISL_407193": {
      "country": "South Korea",
      "country_confidence": {
        "South Korea": 1.0
      },
      "country_entropy": -1.000088900581841e-12
    },
    "EPI_ISL_407976": {
      "country": "Belgium",
      "country_confidence": {
        "Belgium": 1.0
      },
      "country_entropy": -1.000088900581841e-12
    },
    "EPI_ISL_407987": {
      "country": "Singapore",
      "country_confidence": {
        "Singapore": 1.0
      },
      "country_entropy": -1.000088900581841e-12
    },
    "EPI_ISL_407988": {
      "country": "Singapore",
      "country_confidence": {
        "Singapore": 1.0
      },
      "country_entropy": -1.000088900581841e-12
    },
    "EPI_ISL_408430": {
      "country": "France",
      "country_confidence": {
        "France": 1.0
      },
      "country_entropy": -1.000088900581841e-12
    },
    "EPI_ISL_408479": {
      "country": "China",
      "country_confidence": {
        "China": 1.0
      },
      "country_entropy": -1.000088900581841e-12
    },
    "EPI_ISL_408480": {
      "country": "China",
      "country_confidence": {
        "China": 1.0
      },
      "country_entropy": -1.000088900581841e-12
    },
    "EPI_ISL_408486": {
      "country": "China",
      "country_confidence": {
        "China": 1.0
      },
      "country_entropy": -1.000088900581841e-12
    },
    "EPI_ISL_408489": {
      "country": "Taiwan",
      "country_confidence": {
        "Taiwan": 1.0
      },
      "country_entropy": -1.000088900581841e-12
    },
    "EPI_ISL_408514": {
      "country": "China",
      "country_confidence": {
        "China": 1.0
      },
      "country_entropy": -1.000088900581841e-12
    },
    "EPI_ISL_408515": {
      "country": "China",
      "country_confidence": {
        "China": 1.0
      },
      "country_entropy": -1.000088900581841e-12
    },
    "EPI_ISL_408665": {
      "country": "Japan",
      "country_confidence": {
        "Japan": 1.0
      },
      "country_entropy": -1.000088900581841e-12
    },
    "EPI_ISL_408666": {
      "country": "Japan",
      "country_confidence": {
        "Japan": 1.0
      },
      "country_entropy": -1.000088900581841e-12
    },
    "EPI_ISL_408667": {
      "country": "Japan",
      "country_confidence": {
        "Japan": 1.0
      },
      "country_entropy": -1.000088900581841e-12
    },
    "EPI_ISL_408669": {
      "country": "Japan",
      "country_confidence": {
        "Japan": 1.0
      },
      "country_entropy": -1.000088900581841e-12
    },
    "EPI_ISL_410218": {
      "country": "Taiwan",
      "country_confidence": {
        "Taiwan": 1.0
      },
      "country_entropy": -1.000088900581841e-12
    },
    "EPI_ISL_410531": {
      "country": "Japan",
      "country_confidence": {
        "Japan": 1.0
      },
