{
  "generated_by": {
    "program": "augur",
    "version": "7.0.2"
  },
  "models": {
    "country": {
      "alphabet": [
        "Australia",
        "Austria",
        "Belgium",
        "Brazil",
        "Canada",
        "China",
        "Czech Republic",
        "Democratic Republic of the Congo",
        "England",
        "Finland",
        "France",
        "Georgia",
        "Germany",
        "Hong Kong",
        "Iceland",
        "India",
        "Ireland",
        "Italy",
        "Japan",
        "Luxembourg",
        "Mexico",
        "Netherlands",
        "Norway",
        "Portugal",
        "Scotland",
        "Senegal",
        "Singapore",
        "South Korea",
        "Spain",
        "Switzerland",
        "Taiwan",
        "USA",
        "Wales",
        "?"
      ],
      "equilibrium_probabilities": [
        0.02662880308551906,
        0.039145017224398254,
        0.01869926347940113,
        0.03361578053383751,
        0.029977272837194313,
        0.021877239007634643,
        0.033324705165595304,
        0.036151559950108124,
        0.016774791865698413,
        0.0355070501452597,
        0.0278713874689614,
        0.038784718244557585,
        0.027739466635144247,
        0.04205404683716861,
        0.027407135758414764,
        0.03285867397373819,
        0.03403927039868859,
        0.03271732676847924,
        0.028806133729604683,
        0.025901930805917087,
        0.03767474021628199,
        0.018947875214473726,
        0.03465221948579211,
        0.02673858956042185,
        0.02861527155582817,
        0.03514303272006191,
        0.03358220166306849,
        0.03744205520603348,
        0.021871203890184737,
        0.024438904591145703,
        0.03351663009351641,
        0.022008901803737792,
        0.035486800084132845
      ],
      "rate": 346.9879238525416,
      "transition_matrix": [
        [
          0.0,
          0.6997608406638816,
          1.8270981586202864,
          0.6132710528074596,
          4.431309790357013,
          1.2249102360691573,
          0.6150886143154255,
          0.8977479846734797,
          5.984494563338299,
          1.1709896540856142,
          5.069922589201941,
          0.9041000327791682,
          3.591322332043252,
          0.6122140331681629,
          1.9006844093292383,
          2.076656298614366,
          0.6117161941544086,
          0.6723343616772776,
          1.1091614248592516,
          2.0750363872979536,
          0.9207721683010098,
          1.4855461234524567,
          0.9639544789987479,
          0.8240187198686627,
          2.3980443863579706,
          0.725024379697651,
          0.997319001821936,
          0.7461562322271672,
          0.9255936307663235,
          0.8850805939189855,
          1.4643882086027655,
          5.454135211977611,
          0.6595184719008195
        ],
        [
          0.6997608406638816,
          0.0,
          0.6106110099055635,
          0.6112129608438609,
          0.6115176459444791,
          0.6104032458658908,
          0.6111191570598608,
          0.6118545713741523,
          1.3077771977208368,
          0.6112365897160411,
          1.526298771323695,
          0.6110714306184097,
          1.529021124701057,
          0.6107382340614816,
          0.6109768187269301,
          0.611307561824761,
          0.6111154460786727,
          0.6112895275641673,
          0.6101539164546109,
          0.91583273762983,
          0.6119536117112394,
          0.9152331848540676,
          0.611410023978488,
          0.610989194048235,
          0.6122775000926771,
          0.6110128654348749,
          0.6111238956637023,
          0.6111099645834899,
          2.135384460089644,
          0.8257590353432221,
          0.6117954865239135,
          1.1326639288912776,
          0.6111368631431462
        ],
        [
          1.8270981586202864,
          0.6106110099055635,
          0.0,
          1.526288725236941,
          1.738610711257257,
          0.9166518976547552,
          1.2151042292836485,
          2.749955824456842,
          10.614016291811522,
          1.0292880555541044,
          5.082566680449923,
          1.3752685715227575,
          2.1910104943023336,
          0.6411180406824882,
          2.850431462276067,
          2.2615828650592036,
          1.214224667465624,
          2.83793692743482,
          1.203868918504829,
          4.060482080624668,
          0.6134260589429581,
          5.850946761973934,
          1.0079109281947658,
          3.175884566373232,
          2.495187397819842,
          2.1221752673096175,
          0.8687606928082754,
          0.6106830585310972,
          1.9157967979349377,
          1.4872754382253446,
          1.220000574955461,
          1.043094406749102,
          0.9224486046912084
        ],
        [
          0.6132710528074596,
          0.6112129608438609,
          1.526288725236941,
          0.0,
          0.7295464745705071,
          0.6107039267682535,
          0.6113022058730548,
          0.6122918238085923,
          2.4317699564958732,
          0.6114756067799706,
          0.6117177158692414,
          0.6112551928008795,
          0.9527558809749131,
          0.6126795685560187,
          0.6124689782628868,
          0.6115344012071994,
          0.6112922996350743,
          0.6118404598621572,
          0.6104708105100807,
          0.6113806862650267,
          0.6115305687771561,
          2.003339435186867,
          0.6115655921584222,
          0.6121126227890229,
          0.612725170448235,
          0.6113786194800841,
          0.6223279616585455,
          0.6111760158067162,
          0.9157381187262869,
          0.6407602859969113,
          0.6123172833050013,
          0.6123066611718059,
          0.6112844855260297
        ],
        [
          4.431309790357013,
          0.6115176459444791,
          1.738610711257257,
          0.7295464745705071,
          0.0,
          3.1909617151390783,
          0.7520686068294223,
          0.6659070179659545,
          3.768099875863259,
          0.6592728602697904,
          2.642594370243753,
          0.692075521948722,
          1.7618886820617001,
          0.611111206915927,
          0.9814719685907074,
          1.0855650051427148,
          0.611197720038149,
          0.7799830220057027,
          1.546135998564918,
          3.655616999360818,
          1.3013761461710895,
          0.9218962609423254,
          0.9678065560624355,
          1.584119228327724,
          1.3922616301424877,
          0.6387153591511288,
          0.6632299182798155,
          0.6274780666620062,
          0.7795246868200213,
          1.115155517085612,
          2.9033782396462375,
          9.836251689421989,
          0.6135840296846613
        ],
        [
          1.2249102360691573,
          0.6104032458658908,
          0.9166518976547552,
          0.6107039267682535,
          3.1909617151390783,
          0.0,
          0.6106106320641551,
          0.7411280109301537,
          1.5695159281810345,
          0.9168328317873574,
          0.6202569831721547,
          0.6103346342751801,
          2.1357722013312563,
          2.5310871399336765,
          1.228142968021121,
          0.9196255573249242,
          0.9152369888158911,
          0.6114576352849053,
          3.2911366370605775,
          0.8968496561094011,
          0.6128721544198625,
          1.2359120282154394,
          0.9234473322298253,
          0.620595696894755,
          5.798739557953301,
          1.0879538920507954,
          6.000937783441198,
          3.232464320191214,
          0.9527005247730601,
          0.6119508363550279,
          2.1327936723516707,
          5.606034349911826,
          0.6102756785183112
        ],
        [
          0.6150886143154255,
          0.6111191570598608,
          1.2151042292836485,
          0.6113022058730548,
          0.7520686068294223,
          0.6106106320641551,
          0.0,
          0.6118776550360356,
          2.032108297730715,
          0.6111645345946692,
          0.8986508331139663,
          0.6111156969129359,
          0.6123420989550171,
          0.6108331541879493,
          0.7828257071336695,
          0.6112636694384277,
          0.6111627539856911,
          0.611536896711049,
          0.6103322763357171,
          0.8196357641317125,
          0.6113492333060524,
          0.9170258827370583,
          0.6117035835975931,
          0.6109511606857162,
          0.782938464305654,
          0.6110748202347523,
          0.6112590453491349,
          0.61111148575849,
          0.6104166965898896,
          0.9095316071949586,
          0.6121492245771594,
          0.7796446818578868,
          0.6111985268499489
        ],
        [
          0.8977479846734797,
          0.6118545713741523,
          2.749955824456842,
          0.6122918238085923,
          0.6659070179659545,
          0.7411280109301537,
          0.6118776550360356,
          0.0,
          1.5945893950122685,
          0.6130568349751703,
          0.9406233063994083,
          0.6118552987222698,
          0.6759654192214344,
          0.6115822785243886,
          0.7272095768200749,
          0.6181783331682895,
          0.6116848648811852,
          0.6739274427982069,
          0.6114099457254953,
          0.7920657043149836,
          0.6121119384190354,
          1.8667478268468276,
          0.6141449832072186,
          0.6928615627141008,
          1.203447123432063,
          0.6120706456347788,
          0.6129016683143118,
          0.6120325341919582,
          0.613516975455668,
          0.8840448287355911,
          0.6154200997251748,
          0.6681470412306951,
          0.6116441499416814
        ],
        [
          5.984494563338299,
          1.3077771977208368,
          10.614016291811522,
          2.4317699564958732,
          3.768099875863259,
          1.5695159281810345,
          2.032108297730715,
          1.5945893950122685,
          0.0,
          2.251166946875635,
          2.318139780067168,
          0.855814090092956,
          4.6656964218180175,
          0.6096796450204044,
          9.270800755215406,
          1.6456387996494937,
          1.8423151078471813,
          4.25620091964781,
          3.1830150290627075,
          3.328421057225514,
          1.151360555865203,
          9.93113410518396,
          2.16170792444312,
          10.736959143250312,
          8.830266578772184,
          1.0492901081564268,
          1.5153367367931896,
          0.6098329883639289,
          5.224295715069689,
          5.676506813247157,
          3.614038563561769,
          4.4460874904995125,
          1.6507342639620028
        ],
        [
          1.1709896540856142,
          0.6112365897160411,
          1.0292880555541044,
          0.6114756067799706,
          0.6592728602697904,
          0.9168328317873574,
          0.6111645345946692,
          0.6130568349751703,
          2.251166946875635,
          0.0,
          2.0703636749032666,
          0.6110144180583604,
          1.810656515711686,
          0.6106922960691528,
          0.734061122903668,
          0.6116504262418917,
          0.6111542796368763,
          0.6157123072174889,
          0.6145749636362869,
          0.8935399237578033,
          0.6120942539618534,
          1.7487914002486722,
          0.9121842545692189,
          0.6136838763581318,
          1.4492136095140735,
          0.6112595805110406,
          0.6115013963882164,
          0.6112445159082599,
          0.9206979471949012,
          0.6117711273283595,
          0.6125442745172668,
          0.6235019141645406,
          0.6113357830261898
        ],
        [
          5.069922589201941,
          1.526298771323695,
          5.082566680449923,
          0.6117177158692414,
          2.642594370243753,
          0.6202569831721547,
          0.8986508331139663,
          0.9406233063994083,
          2.318139780067168,
          2.0703636749032666,
          0.0,
          0.9569437901541756,
          5.152349650145243,
          0.6424074841725765,
          1.571254477752534,
          1.3317894744542125,
          0.610367285283237,
          0.6590420617410967,
          1.6499300688759613,
          4.228180785310697,
          0.6127833254155407,
          2.066542154380291,
          0.882647393302886,
          1.6433899299859818,
          1.6769527562494886,
          1.6310934331407443,
          0.8859511007971481,
          0.6118529999437348,
          1.2231392957643608,
          0.6155608447943149,
          1.0945418515794725,
          6.459004737423516,
          0.6110837436608957
        ],
        [
          0.9041000327791682,
          0.6110714306184097,
          1.3752685715227575,
          0.6112551928008795,
          0.692075521948722,
          0.6103346342751801,
          0.6111156969129359,
          0.6118552987222698,
          0.855814090092956,
          0.6110144180583604,
          0.9569437901541756,
          0.0,
          0.6117368297858284,
          0.6109926790021677,
          0.6111968232943192,
          0.9166125874890964,
          0.6111245086335441,
          0.6168099162678978,
          0.6104478572026664,
          0.695615136402897,
          0.6115250111350666,
          0.6111333453930864,
          0.6117679616163962,
          0.6123587762266,
          0.6204020224005454,
          0.6110313650235153,
          0.6111909136023069,
          0.6111414540675171,
          1.5210368048055185,
          0.611258716520503,
          0.6161889075437071,
          0.9161364857997358,
          0.6111158298124652
        ],
        [
          3.591322332043252,
          1.529021124701057,
          2.1910104943023336,
          0.9527558809749131,
          1.7618886820617001,
          2.1357722013312563,
          0.6123420989550171,
          0.6759654192214344,
          4.6656964218180175,
          1.810656515711686,
          5.152349650145243,
          0.6117368297858284,
          0.0,
          0.6112965839257556,
          1.6862938366005225,
          0.6591973880352728,
          0.6116443975660211,
          0.6146125132008052,
          0.6374694016359861,
          0.8498518828370051,
          0.6875117804983927,
          1.6718079752948216,
          0.6141203510978817,
          1.3315256121719838,
          0.8745486863985259,
          0.9723013968994086,
          0.8221104576540521,
          0.6134820988622257,
          0.7305400931575791,
          0.6530759725502777,
          0.6826884471408842,
          3.2782192344467904,
          0.9191860294337212
        ],
        [
          0.6122140331681629,
          0.6107382340614816,
          0.6411180406824882,
          0.6126795685560187,
          0.611111206915927,
          2.5310871399336765,
          0.6108331541879493,
          0.6115822785243886,
          0.6096796450204044,
          0.6106922960691528,
          0.6424074841725765,
          0.6109926790021677,
          0.6112965839257556,
          0.0,
          0.6105328263483067,
          0.611003514451395,
          0.6108613743942674,
          0.6112517095451409,
          1.2202385737989778,
          0.6104040790212051,
          0.611029421192974,
          0.6098812409914819,
          0.6112444982322447,
          0.6118397864275025,
          0.611784321046245,
          0.6107756344893293,
          2.5298616097574547,
          0.662301839291962,
          0.910448676196893,
          0.610895469832381,
          0.9168114341181399,
          0.61107493054332,
          0.6108056979840257
        ],
        [
          1.9006844093292383,
          0.6109768187269301,
          2.850431462276067,
          0.6124689782628868,
          0.9814719685907074,
          1.228142968021121,
          0.7828257071336695,
          0.7272095768200749,
          9.270800755215406,
          0.734061122903668,
          1.571254477752534,
          0.6111968232943192,
          1.6862938366005225,
          0.6105328263483067,
          0.0,
          0.7153073540305214,
          0.6116272440128963,
          0.9260888617964752,
          0.6122810853933611,
          1.0107597711148844,
          0.6126494021220749,
          2.7069110617557532,
          0.920941361274593,
          1.0467946880435837,
          1.5595346995543165,
          0.6112531531719281,
          0.6142322805217013,
          0.61151703972852,
          1.3484029278848275,
          0.7571245195495954,
          0.8341479534264157,
          1.744517705685348,
          0.7481858463450508
        ],
        [
          2.076656298614366,
          0.611307561824761,
          2.2615828650592036,
          0.6115344012071994,
          1.0855650051427148,
          0.9196255573249242,
          0.6112636694384277,
          0.6181783331682895,
          1.6456387996494937,
          0.6116504262418917,
          1.3317894744542125,
          0.9166125874890964,
          0.6591973880352728,
          0.611003514451395,
          0.7153073540305214,
          0.0,
          0.6111363422843599,
          0.917215446460792,
          0.6108754289290184,
          2.562000105264079,
          0.6115696322260042,
          0.6191065346369731,
          0.6208988787070792,
          0.892240366996278,
          0.8925676170682986,
          0.61115446108819,
          0.6122438453734784,
          0.6117859481113834,
          0.6110354788468559,
          0.9146578868241796,
          0.6261779671413251,
          0.6198266384956715,
          0.6112942689434049
        ],
        [
          0.6117161941544086,
          0.6111154460786727,
          1.214224667465624,
          0.6112922996350743,
          0.611197720038149,
          0.9152369888158911,
          0.6111627539856911,
          0.6116848648811852,
          1.8423151078471813,
          0.6111542796368763,
          0.610367285283237,
          0.6111245086335441,
          0.6116443975660211,
          0.6108613743942674,
          0.6116272440128963,
          0.6111363422843599,
          0.0,
          0.6113453803409704,
          0.6102334084900828,
          0.6106616217573487,
          0.6113186865560396,
          1.5147238595472046,
          0.6113456102768616,
          0.6107306627301019,
          0.6115746768062698,
          0.6110753924333757,
          0.6113067290498356,
          0.6111576729097149,
          0.6101620788005013,
          0.6112996017068307,
          0.6115845110601256,
          0.6108592384671053,
          0.6111960455519639
        ],
        [
          0.6723343616772776,
          0.6112895275641673,
          2.83793692743482,
          0.6118404598621572,
          0.7799830220057027,
          0.6114576352849053,
          0.611536896711049,
          0.6739274427982069,
          4.25620091964781,
          0.6157123072174889,
          0.6590420617410967,
          0.6168099162678978,
          0.6146125132008052,
          0.6112517095451409,
          0.9260888617964752,
          0.917215446460792,
          0.6113453803409704,
          0.0,
          0.61084761167369,
          2.226822431866925,
          0.6118372617870071,
          1.4996182222128414,
          0.6151834355007201,
          0.6868048367929377,
          0.7531369907355525,
          0.6114163624484734,
          0.6121518622077197,
          0.6112646471400914,
          1.2192974300750576,
          0.6846487042076086,
          0.6220291085989011,
          0.6132844964533027,
          0.6115894897021277
        ],
        [
          1.1091614248592516,
          0.6101539164546109,
          1.203868918504829,
          0.6104708105100807,
          1.546135998564918,
          3.2911366370605775,
          0.6103322763357171,
          0.6114099457254953,
          3.1830150290627075,
          0.6145749636362869,
          1.6499300688759613,
          0.6104478572026664,
          0.6374694016359861,
          1.2202385737989778,
          0.6122810853933611,
          0.6108754289290184,
          0.6102334084900828,
          0.61084761167369,
          0.0,
          0.6111503087052412,
          0.6104089943247502,
          0.6159105566865294,
          0.6111870928367157,
          0.612428976693649,
          0.6128442638173145,
          0.6102681033148369,
          1.2222970018384094,
          0.6589249614845601,
          0.9076511246879488,
          0.6113476914518973,
          0.6190864274863113,
          1.776964590063138,
          0.6102897492982978
        ],
        [
          2.0750363872979536,
          0.91583273762983,
          4.060482080624668,
          0.6113806862650267,
          3.655616999360818,
          0.8968496561094011,
          0.8196357641317125,
          0.7920657043149836,
          3.328421057225514,
          0.8935399237578033,
          4.228180785310697,
          0.695615136402897,
          0.8498518828370051,
          0.6104040790212051,
          1.0107597711148844,
          2.562000105264079,
          0.6106616217573487,
          2.226822431866925,
          0.6111503087052412,
          0.0,
          0.6113302216866264,
          1.052602702144721,
          0.6136486335864686,
          0.6425942653582887,
          1.871720303898234,
          0.6107977891830642,
          0.6121338073130115,
          0.6112538385062488,
          1.834075004094761,
          1.7317630848347123,
          0.7076940960433554,
          2.867173307244604,
          0.6110289119509967
        ],
        [
          0.9207721683010098,
          0.6119536117112394,
          0.6134260589429581,
          0.6115305687771561,
          1.3013761461710895,
          0.6128721544198625,
          0.6113492333060524,
          0.6121119384190354,
          1.151360555865203,
          0.6120942539618534,
          0.6127833254155407,
          0.6115250111350666,
          0.6875117804983927,
          0.611029421192974,
          0.6126494021220749,
          0.6115696322260042,
          0.6113186865560396,
          0.6118372617870071,
          0.6104089943247502,
          0.6113302216866264,
          0.0,
          0.6225220454732973,
          0.6119505988413103,
          0.8498472913058988,
          0.7392130513063834,
          0.6113468389709668,
          0.6113527593090682,
          0.6113285926423851,
          2.10657419457011,
          0.611752152108648,
          0.6123308470529618,
          0.6125780174460619,
          0.6113627646472375
        ],
        [
          1.4855461234524567,
          0.9152331848540676,
          5.850946761973934,
          2.003339435186867,
          0.9218962609423254,
          1.2359120282154394,
          0.9170258827370583,
          1.8667478268468276,
          9.93113410518396,
          1.7487914002486722,
          2.066542154380291,
          0.6111333453930864,
          1.6718079752948216,
          0.6098812409914819,
          2.7069110617557532,
          0.6191065346369731,
          1.5147238595472046,
          1.4996182222128414,
          0.6159105566865294,
          1.052602702144721,
          0.6225220454732973,
          0.0,
          0.9306571997021126,
          2.509008486541827,
          4.021835312205675,
          1.7112373883737295,
          0.6133774574075744,
          0.6105129106803621,
          2.333998392286071,
          1.7614593138672836,
          1.5938228484538408,
          2.617244073779656,
          0.6119508883034493
        ],
        [
          0.9639544789987479,
          0.611410023978488,
          1.0079109281947658,
          0.6115655921584222,
          0.9678065560624355,
          0.9234473322298253,
          0.6117035835975931,
          0.6141449832072186,
          2.16170792444312,
          0.9121842545692189,
          0.882647393302886,
          0.6117679616163962,
          0.6141203510978817,
          0.6112444982322447,
          0.920941361274593,
          0.6208988787070792,
          0.6113456102768616,
          0.6151834355007201,
          0.6111870928367157,
          0.6136486335864686,
          0.6119505988413103,
          0.9306571997021126,
          0.0,
          0.6157843630653617,
          0.9732882986380943,
          0.6113922795637595,
          0.6115990366810227,
          0.6116326710097306,
          0.9177780192708923,
          0.6133568789243943,
          0.6257590409060708,
          1.3276384356310846,
          0.6115653929480338
        ],
        [
          0.8240187198686627,
          0.610989194048235,
          3.175884566373232,
          0.6121126227890229,
          1.584119228327724,
          0.620595696894755,
          0.6109511606857162,
          0.6928615627141008,
          10.736959143250312,
          0.6136838763581318,
          1.6433899299859818,
          0.6123587762266,
          1.3315256121719838,
          0.6118397864275025,
          1.0467946880435837,
          0.892240366996278,
          0.6107306627301019,
          0.6868048367929377,
          0.612428976693649,
          0.6425942653582887,
          0.8498472913058988,
          2.509008486541827,
          0.6157843630653617,
          0.0,
          0.8629458192809962,
          0.6107553858840263,
          0.6134378821047641,
          0.6107483400077416,
          3.6207653726714897,
          1.2267438194683213,
          0.6157515101726799,
          0.6503607164541196,
          0.611724285756431
        ],
        [
          2.3980443863579706,
          0.6122775000926771,
          2.495187397819842,
          0.612725170448235,
          1.3922616301424877,
          5.798739557953301,
          0.782938464305654,
          1.203447123432063,
          8.830266578772184,
          1.4492136095140735,
          1.6769527562494886,
          0.6204020224005454,
          0.8745486863985259,
          0.611784321046245,
          1.5595346995543165,
          0.8925676170682986,
          0.6115746768062698,
          0.7531369907355525,
          0.6128442638173145,
          1.871720303898234,
          0.7392130513063834,
          4.021835312205675,
          0.9732882986380943,
          0.8629458192809962,
          0.0,
          0.6123235412882448,
          0.6162595796395034,
          0.6151884315937448,
          3.0503614708169793,
          0.6161402013974433,
          0.6454673844918672,
          1.0831387300382072,
          0.6133103776194382
        ],
        [
          0.725024379697651,
          0.6110128654348749,
          2.1221752673096175,
          0.6113786194800841,
          0.6387153591511288,
          1.0879538920507954,
          0.6110748202347523,
          0.6120706456347788,
          1.0492901081564268,
          0.6112595805110406,
          1.6310934331407443,
          0.6110313650235153,
          0.9723013968994086,
          0.6107756344893293,
          0.6112531531719281,
          0.61115446108819,
          0.6110753924333757,
          0.6114163624484734,
          0.6102681033148369,
          0.6107977891830642,
          0.6113468389709668,
          1.7112373883737295,
          0.6113922795637595,
          0.6107553858840263,
          0.6123235412882448,
          0.0,
          0.6159669308587399,
          0.6111561467218691,
          0.9151946768108601,
          0.6112849853490832,
          0.6117766202959953,
          1.0588848977069831,
          0.611075762103764
        ],
        [
          0.997319001821936,
          0.6111238956637023,
          0.8687606928082754,
          0.6223279616585455,
          0.6632299182798155,
          6.000937783441198,
          0.6112590453491349,
          0.6129016683143118,
          1.5153367367931896,
          0.6115013963882164,
          0.8859511007971481,
          0.6111909136023069,
          0.8221104576540521,
          2.5298616097574547,
          0.6142322805217013,
          0.6122438453734784,
          0.6113067290498356,
          0.6121518622077197,
          1.2222970018384094,
          0.6121338073130115,
          0.6113527593090682,
          0.6133774574075744,
          0.6115990366810227,
          0.6134378821047641,
          0.6162595796395034,
          0.6159669308587399,
          0.0,
          1.1730042131071114,
          0.6111957582581197,
          0.6118184967612806,
          0.6124378473401295,
          0.7015357071151054,
          0.6112876484027108
        ],
        [
          0.7461562322271672,
          0.6111099645834899,
          0.6106830585310972,
          0.6111760158067162,
          0.6274780666620062,
          3.232464320191214,
          0.61111148575849,
          0.6120325341919582,
          0.6098329883639289,
          0.6112445159082599,
          0.6118529999437348,
          0.6111414540675171,
          0.6134820988622257,
          0.662301839291962,
          0.61151703972852,
          0.6117859481113834,
          0.6111576729097149,
          0.6112646471400914,
          0.6589249614845601,
          0.6112538385062488,
          0.6113285926423851,
          0.6105129106803621,
          0.6116326710097306,
          0.6107483400077416,
          0.6151884315937448,
          0.6111561467218691,
          1.1730042131071114,
          0.0,
          0.6103372257649823,
          0.6112691073709631,
          0.617571977244013,
          0.9824363924653762,
          0.6111010024474682
        ],
        [
          0.9255936307663235,
          2.135384460089644,
          1.9157967979349377,
          0.9157381187262869,
          0.7795246868200213,
          0.9527005247730601,
          0.6104166965898896,
          0.613516975455668,
          5.224295715069689,
          0.9206979471949012,
          1.2231392957643608,
          1.5210368048055185,
          0.7305400931575791,
          0.910448676196893,
          1.3484029278848275,
          0.6110354788468559,
          0.6101620788005013,
          1.2192974300750576,
          0.9076511246879488,
          1.834075004094761,
          2.10657419457011,
          2.333998392286071,
          0.9177780192708923,
          3.6207653726714897,
          3.0503614708169793,
          0.9151946768108601,
          0.6111957582581197,
          0.6103372257649823,
          0.0,
          1.2240332823041553,
          1.2300548564026579,
          1.3491280909197993,
          0.6104904715009452
        ],
        [
          0.8850805939189855,
          0.8257590353432221,
          1.4872754382253446,
          0.6407602859969113,
          1.115155517085612,
          0.6119508363550279,
          0.9095316071949586,
          0.8840448287355911,
          5.676506813247157,
          0.6117711273283595,
          0.6155608447943149,
          0.611258716520503,
          0.6530759725502777,
          0.610895469832381,
          0.7571245195495954,
          0.9146578868241796,
          0.6112996017068307,
          0.6846487042076086,
          0.6113476914518973,
          1.7317630848347123,
          0.611752152108648,
          1.7614593138672836,
          0.6133568789243943,
          1.2267438194683213,
          0.6161402013974433,
          0.6112849853490832,
          0.6118184967612806,
          0.6112691073709631,
          1.2240332823041553,
          0.0,
          0.6145273262916351,
          0.9386441171079912,
          0.9130772426642191
        ],
        [
          1.4643882086027655,
          0.6117954865239135,
          1.220000574955461,
          0.6123172833050013,
          2.9033782396462375,
          2.1327936723516707,
          0.6121492245771594,
          0.6154200997251748,
          3.614038563561769,
          0.6125442745172668,
          1.0945418515794725,
          0.6161889075437071,
          0.6826884471408842,
          0.9168114341181399,
          0.8341479534264157,
          0.6261779671413251,
          0.6115845110601256,
          0.6220291085989011,
          0.6190864274863113,
          0.7076940960433554,
          0.6123308470529618,
          1.5938228484538408,
          0.6257590409060708,
          0.6157515101726799,
          0.6454673844918672,
          0.6117766202959953,
          0.6124378473401295,
          0.617571977244013,
          1.2300548564026579,
          0.6145273262916351,
          0.0,
          1.9579288004463453,
          0.6117832569913438
        ],
        [
          5.454135211977611,
          1.1326639288912776,
          1.043094406749102,
          0.6123066611718059,
          9.836251689421989,
          5.606034349911826,
          0.7796446818578868,
          0.6681470412306951,
          4.4460874904995125,
          0.6235019141645406,
          6.459004737423516,
          0.9161364857997358,
          3.2782192344467904,
          0.61107493054332,
          1.744517705685348,
          0.6198266384956715,
          0.6108592384671053,
          0.6132844964533027,
          1.776964590063138,
          2.867173307244604,
          0.6125780174460619,
          2.617244073779656,
          1.3276384356310846,
          0.6503607164541196,
          1.0831387300382072,
          1.0588848977069831,
          0.7015357071151054,
          0.9824363924653762,
          1.3491280909197993,
          0.9386441171079912,
          1.9579288004463453,
          0.0,
          0.6117715184522488
        ],
        [
          0.6595184719008195,
          0.6111368631431462,
          0.9224486046912084,
          0.6112844855260297,
          0.6135840296846613,
          0.6102756785183112,
          0.6111985268499489,
          0.6116441499416814,
          1.6507342639620028,
          0.6113357830261898,
          0.6110837436608957,
          0.6111158298124652,
          0.9191860294337212,
          0.6108056979840257,
          0.7481858463450508,
          0.6112942689434049,
          0.6111960455519639,
          0.6115894897021277,
          0.6102897492982978,
          0.6110289119509967,
          0.6113627646472375,
          0.6119508883034493,
          0.6115653929480338,
          0.611724285756431,
          0.6133103776194382,
          0.611075762103764,
          0.6112876484027108,
          0.6111010024474682,
          0.6104904715009452,
          0.9130772426642191,
          0.6117832569913438,
          0.6117715184522488,
          0.0
        ]
      ]
    }
  },
  "nodes": {
    "EPI_ISL_402120": {
      "country": "China",
      "country_confidence": {
        "China": 1.0
      },
      "country_entropy": -1.000088900581841e-12
    },
    "EPI_ISL_402121": {
      "country": "China",
      "country_confidence": {
        "China": 1.0
      },
      "country_entropy": -1.000088900581841e-12
    },
    "EPI_ISL_402125": {
      "country": "China",
      "country_confidence": {
        "China": 1.0
      },
      "country_entropy": -1.000088900581841e-12
    },
    "EPI_ISL_402132": {
      "country": "China",
      "country_confidence": {
        "China": 1.0
      },
      "country_entropy": -1.000088900581841e-12
    },
    "EPI_ISL_403929": {
      "country": "China",
      "country_confidence": {
        "China": 1.0
      },
      "country_entropy": -1.000088900581841e-12
    },
    "EPI_ISL_403932": {
      "country": "China",
      "country_confidence": {
        "China": 1.0
      },
      "country_entropy": -1.000088900581841e-12
    },
    "EPI_ISL_404227": {
      "country": "China",
      "country_confidence": {
        "China": 1.0
      },
      "country_entropy": -1.000088900581841e-12
    },
    "EPI_ISL_404228": {
      "country": "China",
      "country_confidence": {
        "China": 1.0
      },
      "country_entropy": -1.000088900581841e-12
    },
    "EPI_ISL_406031": {
      "country": "Taiwan",
      "country_confidence": {
        "Taiwan": 1.0
      },
      "country_entropy": -1.000088900581841e-12
    },
    "EPI_ISL_406538": {
      "country": "China",
      "country_confidence": {
        "China": 1.0
      },
      "country_entropy": -1.000088900581841e-12
    },
    "EPI_ISL_406593": {
      "country": "China",
      "country_confidence": {
        "China": 1.0
      },
      "country_entropy": -1.000088900581841e-12
    },
    "EPI_ISL_406594": {
      "country": "China",
      "country_confidence": {
        "China": 1.0
      },
      "country_entropy": -1.000088900581841e-12
    },
    "EPI_ISL_406716": {
      "country": "China",
      "country_confidence": {
        "China": 1.0
      },
      "country_entropy": -1.000088900581841e-12
    },
    "EPI_ISL_406862": {
      "country": "Germany",
      "country_confidence": {
        "Germany": 1.0
      },
      "country_entropy": -1.000088900581841e-12
    },
    "EPI_ISL_406973": {
      "country": "Singapore",
      "country_confidence": {
        "Singapore": 1.0
      },
      "country_entropy": -1.000088900581841e-12
    },
    "EPI_ISL_407079": {
      "country": "Finland",
      "country_confidence": {
        "Finland": 1.0
      },
      "country_entropy": -1.000088900581841e-12
    },
    "EPI_ISL_407193": {
      "country": "South Korea",
      "country_confidence": {
        "South Korea": 1.0
      },
      "country_entropy": -1.000088900581841e-12
    },
    "EPI_ISL_407976": {
      "country": "Belgium",
      "country_confidence": {
        "Belgium": 1.0
      },
      "country_entropy": -1.000088900581841e-12
    },
    "EPI_ISL_407987": {
      "country": "Singapore",
      "country_confidence": {
        "Singapore": 1.0
      },
      "country_entropy": -1.000088900581841e-12
    },
    "EPI_ISL_407988": {
      "country": "Singapore",
      "country_confidence": {
        "Singapore": 0.9999999999999999
      },
      "country_entropy": -9.99866855976916e-13
    },
    "EPI_ISL_408430": {
      "country": "France",
      "country_confidence": {
        "France": 1.0
      },
      "country_entropy": -1.000088900581841e-12
    },
    "EPI_ISL_408479": {
      "country": "China",
      "country_confidence": {
        "China": 1.0
      },
      "country_entropy": -1.000088900581841e-12
    },
    "EPI_ISL_408480": {
      "country": "China",
      "country_confidence": {
        "China": 1.0
      },
      "country_entropy": -1.000088900581841e-12
    },
    "EPI_ISL_408486": {
      "country": "China",
      "country_confidence": {
        "China": 1.0
      },
      "country_entropy": -1.000088900581841e-12
    },
    "EPI_ISL_408489": {
      "country": "Taiwan",
      "country_confidence": {
        "Taiwan": 1.0
      },
      "country_entropy": -1.000088900581841e-12
    },
    "EPI_ISL_408514": {
      "country": "China",
      "country_confidence": {
        "China": 1.0
      },
      "country_entropy": -1.000088900581841e-12
    },
    "EPI_ISL_408515": {
      "country": "China",
      "country_confidence": {
        "China": 1.0
      },
      "country_entropy": -1.000088900581841e-12
    },
    "EPI_ISL_408665": {
      "country": "Japan",
      "country_confidence": {
        "Japan": 1.0
      },
      "country_entropy": -1.000088900581841e-12
    },
    "EPI_ISL_408666": {
      "country": "Japan",
      "country_confidence": {
        "Japan": 0.9999999999999999
      },
      "country_entropy": -9.99866855976916e-13
    },
    "EPI_ISL_408667": {
      "country": "Japan",
      "country_confidence": {
        "Japan": 0.9999999999999999
      },
      "country_entropy": -9.99866855976916e-13
    },
    "EPI_ISL_408669": {
      "country": "Japan",
      "country_confidence": {
        "Japan": 0.9999999999999999
      },
      "country_entropy": -9.99866855976916e-13
    },
    "EPI_ISL_410218": {
      "country": "Taiwan",
      "country_confidence": {
        "Taiwan": 1.0
      },
      "country_entropy": -1.000088900581841e-12
    },
    "EPI_ISL_410531": {
      "country": "Japan",
      "country_confidence": {
        "Japan": 1.0
