{
  "generated_by": {
    "program": "augur",
    "version": "7.0.2"
  },
  "models": {
    "country": {
      "alphabet": [
        "Alaska",
        "Arizona",
        "California",
        "Connecticut",
        "Florida",
        "Georgia",
        "Idaho",
        "Illinois",
        "Iowa",
        "Louisiana",
        "Maryland",
        "Massachusetts",
        "Michigan",
        "Minnesota",
        "Missouri",
        "Nebraska",
        "New Jersey",
        "New Mexico",
        "New York",
        "North Carolina",
        "Ohio",
        "Oregon",
        "Pennsylvania",
        "South Carolina",
        "Texas",
        "Utah",
        "Virginia",
        "Washington",
        "Wisconsin",
        "Wyoming",
        "?"
      ],
      "equilibrium_probabilities": [
        0.03967407848644001,
        0.036675498740785524,
        0.024354017491694226,
        0.02506233250277784,
        0.036573452801102205,
        0.03442521733230377,
        0.03340541172542307,
        0.03414471139291526,
        0.03685519417097246,
        0.028749838524672673,
        0.0235024749245752,
        0.027332017952397657,
        0.02907313036493435,
        0.03348258473808571,
        0.034190387872971545,
        0.037882869520769934,
        0.03411513620410037,
        0.0357722455328769,
        0.024206639938400387,
        0.03602960887698448,
        0.0377679403815733,
        0.033056096230480746,
        0.03875575316106689,
        0.040790859527761285,
        0.036777748670695075,
        0.03586434899702726,
        0.03064061327549615,
        0.028870902437393365,
        0.03458594113688909,
        0.03738294708643331
      ],
      "rate": 308.1156066011989,
      "transition_matrix": [
        [
          0.0,
          0.524400133955462,
          0.8950621710592174,
          0.5290614138871418,
          0.6589578697971746,
          0.5164150690173362,
          0.520596607450917,
          0.5648355810536673,
          0.7583626834274709,
          1.1874799251668153,
          0.5398719515920019,
          1.321441217630385,
          1.1028271834409058,
          0.7349495759080648,
          0.5193519576516006,
          0.668669808182462,
          0.5755161526229001,
          0.7681279841775557,
          1.1154944194330907,
          0.6587753945075019,
          0.5147333056858787,
          0.9509627784969067,
          0.5988221716503457,
          0.5146573865833017,
          0.7121232515586886,
          1.3167261346751664,
          0.7600569751151212,
          0.5301662122042701,
          0.6882172881713677,
          0.5182892267529107
        ],
        [
          0.524400133955462,
          0.0,
          1.9532009247540532,
          0.774049864201086,
          1.0494805284933792,
          1.215643143684138,
          0.8334206715195384,
          1.3596797464634856,
          0.7020477821292858,
          1.363711720777042,
          1.3266528279101806,
          0.6608234772882458,
          0.9184908292195734,
          1.0399101603957508,
          0.7044599174987904,
          0.5227832493015732,
          0.543243416877936,
          0.5533804708144354,
          2.249461681733227,
          0.8931260939907409,
          0.5189934137823087,
          1.0184757509125781,
          1.0901420238524149,
          0.518378485193993,
          0.811486244068498,
          0.7944088650570525,
          0.6797443767249743,
          2.5745766964602534,
          0.6447238255770908,
          0.5239319688794256
        ],
        [
          0.8950621710592174,
          1.9532009247540532,
          0.0,
          2.344449772527259,
          3.3115189591168117,
          0.6949021415786436,
          0.5304208595072121,
          1.868727884786247,
          0.7149102275001865,
          0.7533155065577992,
          3.857856259346597,
          2.3979553235330524,
          3.7760110726323215,
          2.9027859991366833,
          1.5899359506159552,
          1.1442036082543445,
          1.9608587484501665,
          1.8910454248028652,
          5.0571126029246845,
          0.7778266728873735,
          0.814323835038195,
          3.1499216981059774,
          1.3499552131567487,
          0.6017214598671994,
          1.6455804619929357,
          2.3148544794167516,
          2.1499371433964463,
          2.2104897583534253,
          2.2474347349524804,
          1.630330146709658
        ],
        [
          0.5290614138871418,
          0.774049864201086,
          2.344449772527259,
          0.0,
          1.0216542820918713,
          0.5285480511396998,
          3.28826761693701,
          1.0745949996801898,
          0.5225017138255498,
          0.7900577871334497,
          3.0845696089324024,
          1.946957661896905,
          1.8714533765437502,
          1.1298817312340121,
          0.5218782930910666,
          0.764039467436298,
          1.458540801769168,
          1.2634076696982302,
          5.687331090462401,
          1.1318348984954463,
          2.0732706806823638,
          1.602825636641,
          1.0152924253000108,
          0.5192675267037907,
          0.8991982557240639,
          2.0709549992594463,
          2.1113488544316703,
          1.6217618187062537,
          2.0464272266225563,
          0.7540215307156412
        ],
        [
          0.6589578697971746,
          1.0494805284933792,
          3.3115189591168117,
          1.0216542820918713,
          0.0,
          1.0311707663148022,
          0.5291030285295513,
          1.991710310782902,
          0.6768186408724187,
          2.661625784500422,
          3.465894207212105,
          2.1226215500702645,
          1.3199413081378317,
          1.0225556576217139,
          0.63871724764552,
          0.5603712466235579,
          0.7272179432861153,
          0.656449260492267,
          2.7942840664975197,
          0.6216189221954332,
          0.910521446802464,
          1.0233964678267693,
          1.9817958469405748,
          0.6880611914484043,
          0.9087925576654092,
          0.7593033450070358,
          1.516709304368003,
          1.8695267488657532,
          1.5758122999322304,
          0.7465319917316052
        ],
        [
          0.5164150690173362,
          1.215643143684138,
          0.6949021415786436,
          0.5285480511396998,
          1.0311707663148022,
          0.0,
          0.5135492680781452,
          1.9216315333617386,
          0.5133848406085139,
          0.7640603453777364,
          1.0452839419221254,
          0.6087662336877839,
          0.7632791286078645,
          0.9689740107818176,
          0.5620004080640129,
          0.5926121886391231,
          0.5175830339393207,
          0.5914385014341663,
          0.9709437065098661,
          0.7330559299448983,
          0.5138666342504257,
          0.5246669326073297,
          0.8137988296184369,
          1.7833941516932812,
          0.5342328694972897,
          0.5298043970651256,
          1.0285688970918787,
          0.6605622100282297,
          0.5988595308263732,
          0.5178707432988877
        ],
        [
          0.520596607450917,
          0.8334206715195384,
          0.5304208595072121,
          3.28826761693701,
          0.5291030285295513,
          0.5135492680781452,
          0.0,
          0.5373465146435625,
          0.5111381446569252,
          2.6956385840953736,
          0.5240290693548216,
          0.5657247699243926,
          0.6995407079335927,
          0.7677545239976161,
          0.5132664078922554,
          0.5155011214054379,
          0.5144238760371371,
          0.5156357746941324,
          0.5976767218420596,
          0.8613977863414288,
          0.5130957359337981,
          1.0648233794128719,
          0.5159184419696301,
          0.5305548108102399,
          1.0538434145387667,
          1.2987086915974686,
          0.7662546737946202,
          1.4697953336652916,
          0.519888727767933,
          0.5131305053120245
        ],
        [
          0.5648355810536673,
          1.3596797464634856,
          1.868727884786247,
          1.0745949996801898,
          1.991710310782902,
          1.9216315333617386,
          0.5373465146435625,
          0.0,
          0.7182756116632752,
          1.1012266464447331,
          0.9115464995830348,
          2.887342394272443,
          1.1972235141516083,
          1.1465617770593126,
          1.1741328479323234,
          0.8884843613378622,
          0.9668621063943169,
          0.5705906613885793,
          1.6747403020594847,
          1.2729105690420706,
          0.5227678514357949,
          1.0270634475422766,
          0.7492210849199119,
          0.6183891081743126,
          1.7922212772264543,
          1.199743946581215,
          1.5106865693915879,
          1.344284690645781,
          6.254129890443196,
          0.6856409406576517
        ],
        [
          0.7583626834274709,
          0.7020477821292858,
          0.7149102275001865,
          0.5225017138255498,
          0.6768186408724187,
          0.5133848406085139,
          0.5111381446569252,
          0.7182756116632752,
          0.0,
          0.5156651266430509,
          0.668649479036433,
          0.9733367539172711,
          0.5650051539609903,
          0.5206080500702397,
          0.5132489135006608,
          0.5135413885472586,
          0.515966493461749,
          0.5180033605107502,
          0.5313172571495457,
          0.5253094486508305,
          0.5133077397645183,
          0.5299924316322002,
          0.5191191115955848,
          0.5113191797811496,
          0.5184543818957212,
          1.1139110453496592,
          0.7876954591745918,
          0.520833616120137,
          0.959016126692642,
          0.5135933097776387
        ],
        [
          1.1874799251668153,
          1.363711720777042,
          0.7533155065577992,
          0.7900577871334497,
          2.661625784500422,
          0.7640603453777364,
          2.6956385840953736,
          1.1012266464447331,
          0.5156651266430509,
          0.0,
          0.8445637427587362,
          0.6287622987766522,
          0.7085715287771626,
          1.0495708538171804,
          0.9523088955725502,
          0.5953671573373048,
          0.5214315423226566,
          0.5213835206641344,
          1.0605844473199602,
          1.0788323232125758,
          0.5158963133204556,
          0.7991870095015118,
          0.681883654015942,
          0.6102466773093159,
          4.595810550082203,
          2.6507723400748557,
          1.0167754599428402,
          0.553012824978372,
          0.7182196974078788,
          0.521012266389287
        ],
        [
          0.5398719515920019,
          1.3266528279101806,
          3.857856259346597,
          3.0845696089324024,
          3.465894207212105,
          1.0452839419221254,
          0.5240290693548216,
          0.9115464995830348,
          0.668649479036433,
          0.8445637427587362,
          0.0,
          4.114392233813378,
          4.168258367210375,
          2.6250066317728873,
          0.5952681986099164,
          0.9867595980054958,
          1.200643875731278,
          1.9175151933230083,
          3.2070312902868117,
          2.003152987107736,
          0.9725183369511167,
          1.5770747903688067,
          3.384031045475433,
          0.5355985131819535,
          3.8250235725108843,
          1.3989426341402371,
          3.259664839479711,
          0.697898354361173,
          1.630890400864366,
          1.3706628825979152
        ],
        [
          1.321441217630385,
          0.6608234772882458,
          2.3979553235330524,
          1.946957661896905,
          2.1226215500702645,
          0.6087662336877839,
          0.5657247699243926,
          2.887342394272443,
          0.9733367539172711,
          0.6287622987766522,
          4.114392233813378,
          0.0,
          1.7750915024739908,
          0.6991600286921821,
          1.138099192211029,
          0.531519545296814,
          0.8719781796928886,
          0.8901050887045556,
          1.6778844159354094,
          1.8935704771537605,
          0.5980112232328904,
          1.121236715918835,
          1.6170918669640972,
          0.7801585601661056,
          1.535573006942935,
          3.076125149287934,
          3.1454407802221267,
          0.7256473871479058,
          1.5876633018314794,
          0.9841158066396954
        ],
        [
          1.1028271834409058,
          0.9184908292195734,
          3.7760110726323215,
          1.8714533765437502,
          1.3199413081378317,
          0.7632791286078645,
          0.6995407079335927,
          1.1972235141516083,
          0.5650051539609903,
          0.7085715287771626,
          4.168258367210375,
          1.7750915024739908,
          0.0,
          2.7374034823453774,
          1.0812663336009998,
          1.1118549456569573,
          1.223489041192364,
          1.6490663121320668,
          3.4872451260915933,
          1.0315457662534049,
          0.5272473017772003,
          0.670188735939237,
          1.636719237388732,
          1.0457996336106739,
          1.3797692168820532,
          1.1444229105159687,
          2.5259251020367026,
          1.175717855072001,
          1.483734742837296,
          1.168050029304155
        ],
        [
          0.7349495759080648,
          1.0399101603957508,
          2.9027859991366833,
          1.1298817312340121,
          1.0225556576217139,
          0.9689740107818176,
          0.7677545239976161,
          1.1465617770593126,
          0.5206080500702397,
          1.0495708538171804,
          2.6250066317728873,
          0.6991600286921821,
          2.7374034823453774,
          0.0,
          0.5293985294272822,
          0.5801101067838037,
          1.4825480646539926,
          0.6032670876992962,
          2.0386680148029255,
          1.1180276072904474,
          0.5272143380582852,
          1.0480951154921687,
          0.8703722907982392,
          0.7407398126150304,
          0.9811048900344185,
          0.8171985219098747,
          1.9194093640778784,
          1.2717072310432247,
          2.1197727151149124,
          0.6292837496040219
        ],
        [
          0.5193519576516006,
          0.7044599174987904,
          1.5899359506159552,
          0.5218782930910666,
          0.63871724764552,
          0.5620004080640129,
          0.5132664078922554,
          1.1741328479323234,
          0.5132489135006608,
          0.9523088955725502,
          0.5952681986099164,
          1.138099192211029,
          1.0812663336009998,
          0.5293985294272822,
          0.0,
          0.5155425607901861,
          0.5421879423860507,
          0.5173032024786006,
          0.7768942852873261,
          0.5226623746677136,
          0.5124715503675792,
          0.6313777222899751,
          0.621806773042126,
          0.5149639020810979,
          0.7271591217040873,
          0.5535430636492454,
          0.5657278310392533,
          0.5385025507970038,
          0.7473198565043819,
          0.5569183814596572
        ],
        [
          0.668669808182462,
          0.5227832493015732,
          1.1442036082543445,
          0.764039467436298,
          0.5603712466235579,
          0.5926121886391231,
          0.5155011214054379,
          0.8884843613378622,
          0.5135413885472586,
          0.5953671573373048,
          0.9867595980054958,
          0.531519545296814,
          1.1118549456569573,
          0.5801101067838037,
          0.5155425607901861,
          0.0,
          0.5214611969950016,
          0.685448982868447,
          0.7461687466504185,
          0.5215491220876896,
          0.5157877441646707,
          1.2842292368425359,
          0.5306668090244161,
          0.5137621894879979,
          0.535076894279933,
          0.6900933932918879,
          0.8246069285745743,
          0.5559318138028966,
          0.7756254618418592,
          0.5180113418479844
        ],
        [
          0.5755161526229001,
          0.543243416877936,
          1.9608587484501665,
          1.458540801769168,
          0.7272179432861153,
          0.5175830339393207,
          0.5144238760371371,
          0.9668621063943169,
          0.515966493461749,
          0.5214315423226566,
          1.200643875731278,
          0.8719781796928886,
          1.223489041192364,
          1.4825480646539926,
          0.5421879423860507,
          0.5214611969950016,
          0.0,
          0.5680459323498602,
          4.399329643115782,
          0.9787699017474003,
          0.5222849183100986,
          0.7497106236316747,
          0.5460744550983135,
          0.5144160155807509,
          0.5625452849372956,
          0.5406851132496384,
          0.7603138933349375,
          0.5745966333634753,
          1.3293946199285,
          1.1093126904467652
        ],
        [
          0.7681279841775557,
          0.5533804708144354,
          1.8910454248028652,
          1.2634076696982302,
          0.656449260492267,
          0.5914385014341663,
          0.5156357746941324,
          0.5705906613885793,
          0.5180033605107502,
          0.5213835206641344,
          1.9175151933230083,
          0.8901050887045556,
          1.6490663121320668,
          0.6032670876992962,
          0.5173032024786006,
          0.685448982868447,
          0.5680459323498602,
          0.0,
          1.1569050919984012,
          0.7069928041887479,
          0.5267819527626248,
          0.554178402694697,
          0.8072264825837306,
          0.5716524634480038,
          0.5497761857518867,
          0.5966736787941601,
          0.991584646881149,
          0.8992106357219987,
          1.0438987847122798,
          0.5947918789368442
        ],
        [
          1.1154944194330907,
          2.249461681733227,
          5.0571126029246845,
          5.687331090462401,
          2.7942840664975197,
          0.9709437065098661,
          0.5976767218420596,
          1.6747403020594847,
          0.5313172571495457,
          1.0605844473199602,
          3.2070312902868117,
          1.6778844159354094,
          3.4872451260915933,
          2.0386680148029255,
          0.7768942852873261,
          0.7461687466504185,
          4.399329643115782,
          1.1569050919984012,
          0.0,
          1.2121802943628341,
          1.112848179200152,
          2.676101970209519,
          2.780441050217616,
          0.59453543491883,
          0.9612126228092224,
          0.8424683083765997,
          3.234106810425784,
          1.1808006910776643,
          2.3297257077339455,
          1.2576312073518525
        ],
        [
          0.6587753945075019,
          0.8931260939907409,
          0.7778266728873735,
          1.1318348984954463,
          0.6216189221954332,
          0.7330559299448983,
          0.8613977863414288,
          1.2729105690420706,
          0.5253094486508305,
          1.0788323232125758,
          2.003152987107736,
          1.8935704771537605,
          1.0315457662534049,
          1.1180276072904474,
          0.5226623746677136,
          0.5215491220876896,
          0.9787699017474003,
          0.7069928041887479,
          1.2121802943628341,
          0.0,
          0.5222880377261216,
          0.7989948223470694,
          0.5420429243751351,
          0.521117748616163,
          0.7600259684360867,
          1.0892594427412865,
          1.2460271824932792,
          1.449060458863531,
          0.7713372012443788,
          0.5263337247535101
        ],
        [
          0.5147333056858787,
          0.5189934137823087,
          0.814323835038195,
          2.0732706806823638,
          0.910521446802464,
          0.5138666342504257,
          0.5130957359337981,
          0.5227678514357949,
          0.5133077397645183,
          0.5158963133204556,
          0.9725183369511167,
          0.5980112232328904,
          0.5272473017772003,
          0.5272143380582852,
          0.5124715503675792,
          0.5157877441646707,
          0.5222849183100986,
          0.5267819527626248,
          1.112848179200152,
          0.5222880377261216,
          0.0,
          0.810063562030752,
          0.5279947024184648,
          0.5116940974157275,
          0.5211351983184496,
          0.6957336730542835,
          0.6806179578651436,
          0.732609596887746,
          0.5263756764768234,
          0.5146336466150055
        ],
        [
          0.9509627784969067,
          1.0184757509125781,
          3.1499216981059774,
          1.602825636641,
          1.0233964678267693,
          0.5246669326073297,
          1.0648233794128719,
          1.0270634475422766,
          0.5299924316322002,
          0.7991870095015118,
          1.5770747903688067,
          1.121236715918835,
          0.670188735939237,
          1.0480951154921687,
          0.6313777222899751,
          1.2842292368425359,
          0.7497106236316747,
          0.554178402694697,
          2.676101970209519,
          0.7989948223470694,
          0.810063562030752,
          0.0,
          0.535862267159719,
          0.5153659589367989,
          0.6972107744270186,
          0.8610260974795769,
          0.8414287257370862,
          5.172655698785189,
          0.5910035804249958,
          0.5278138366615182
        ],
        [
          0.5988221716503457,
          1.0901420238524149,
          1.3499552131567487,
          1.0152924253000108,
          1.9817958469405748,
          0.8137988296184369,
          0.5159184419696301,
          0.7492210849199119,
          0.5191191115955848,
          0.681883654015942,
          3.384031045475433,
          1.6170918669640972,
          1.636719237388732,
          0.8703722907982392,
          0.621806773042126,
          0.5306668090244161,
          0.5460744550983135,
          0.8072264825837306,
          2.780441050217616,
          0.5420429243751351,
          0.5279947024184648,
          0.535862267159719,
          0.0,
          0.7787697082692455,
          0.8067754550246771,
          0.5484497361049083,
          1.5376636507590635,
          0.7901737175483955,
          0.9934724235548686,
          0.7244356131760282
        ],
        [
          0.5146573865833017,
          0.518378485193993,
          0.6017214598671994,
          0.5192675267037907,
          0.6880611914484043,
          1.7833941516932812,
          0.5305548108102399,
          0.6183891081743126,
          0.5113191797811496,
          0.6102466773093159,
          0.5355985131819535,
          0.7801585601661056,
          1.0457996336106739,
          0.7407398126150304,
          0.5149639020810979,
          0.5137621894879979,
          0.5144160155807509,
          0.5716524634480038,
          0.59453543491883,
          0.521117748616163,
          0.5116940974157275,
          0.5153659589367989,
          0.7787697082692455,
          0.0,
          0.5192352741308972,
          0.6607937095110146,
          0.523097287149959,
          0.5378322934276278,
          0.519319269717953,
          0.7015634878743573
        ],
        [
          0.7121232515586886,
          0.811486244068498,
          1.6455804619929357,
          0.8991982557240639,
          0.9087925576654092,
          0.5342328694972897,
          1.0538434145387667,
          1.7922212772264543,
          0.5184543818957212,
          4.595810550082203,
          3.8250235725108843,
          1.535573006942935,
          1.3797692168820532,
          0.9811048900344185,
          0.7271591217040873,
          0.535076894279933,
          0.5625452849372956,
          0.5497761857518867,
          0.9612126228092224,
          0.7600259684360867,
          0.5211351983184496,
          0.6972107744270186,
          0.8067754550246771,
          0.5192352741308972,
          0.0,
          0.8705085086365897,
          1.2135950962397228,
          0.5881541226125894,
          1.3014586729578912,
          0.7073878624846134
        ],
        [
          1.3167261346751664,
          0.7944088650570525,
          2.3148544794167516,
          2.0709549992594463,
          0.7593033450070358,
          0.5298043970651256,
          1.2987086915974686,
          1.199743946581215,
          1.1139110453496592,
          2.6507723400748557,
          1.3989426341402371,
          3.076125149287934,
          1.1444229105159687,
          0.8171985219098747,
          0.5535430636492454,
          0.6900933932918879,
          0.5406851132496384,
          0.5966736787941601,
          0.8424683083765997,
          1.0892594427412865,
          0.6957336730542835,
          0.8610260974795769,
          0.5484497361049083,
          0.6607937095110146,
          0.8705085086365897,
          0.0,
          1.2968536860434046,
          2.0346635541753573,
          0.8598865494536102,
          0.549588219775697
        ],
        [
          0.7600569751151212,
          0.6797443767249743,
          2.1499371433964463,
          2.1113488544316703,
          1.516709304368003,
          1.0285688970918787,
          0.7662546737946202,
          1.5106865693915879,
          0.7876954591745918,
          1.0167754599428402,
          3.259664839479711,
          3.1454407802221267,
          2.5259251020367026,
          1.9194093640778784,
          0.5657278310392533,
          0.8246069285745743,
          0.7603138933349375,
          0.991584646881149,
          3.234106810425784,
          1.2460271824932792,
          0.6806179578651436,
          0.8414287257370862,
          1.5376636507590635,
          0.523097287149959,
          1.2135950962397228,
          1.2968536860434046,
          0.0,
          1.7586955683788221,
          1.04136950214218,
          0.9556220872129599
        ],
        [
          0.5301662122042701,
          2.5745766964602534,
          2.2104897583534253,
          1.6217618187062537,
          1.8695267488657532,
          0.6605622100282297,
          1.4697953336652916,
          1.344284690645781,
          0.520833616120137,
          0.553012824978372,
          0.697898354361173,
          0.7256473871479058,
          1.175717855072001,
          1.2717072310432247,
          0.5385025507970038,
          0.5559318138028966,
          0.5745966333634753,
          0.8992106357219987,
          1.1808006910776643,
          1.449060458863531,
          0.732609596887746,
          5.172655698785189,
          0.7901737175483955,
          0.5378322934276278,
          0.5881541226125894,
          2.0346635541753573,
          1.7586955683788221,
          0.0,
          0.7588828216193456,
          0.8250399487633312
        ],
        [
          0.6882172881713677,
          0.6447238255770908,
          2.2474347349524804,
          2.0464272266225563,
          1.5758122999322304,
          0.5988595308263732,
          0.519888727767933,
          6.254129890443196,
          0.959016126692642,
          0.7182196974078788,
          1.630890400864366,
          1.5876633018314794,
          1.483734742837296,
          2.1197727151149124,
          0.7473198565043819,
          0.7756254618418592,
          1.3293946199285,
          1.0438987847122798,
          2.3297257077339455,
          0.7713372012443788,
          0.5263756764768234,
          0.5910035804249958,
          0.9934724235548686,
          0.519319269717953,
          1.3014586729578912,
          0.8598865494536102,
          1.04136950214218,
          0.7588828216193456,
          0.0,
          0.6950046414356289
        ],
        [
          0.5182892267529107,
          0.5239319688794256,
          1.630330146709658,
          0.7540215307156412,
          0.7465319917316052,
          0.5178707432988877,
          0.5131305053120245,
          0.6856409406576517,
          0.5135933097776387,
          0.521012266389287,
          1.3706628825979152,
          0.9841158066396954,
          1.168050029304155,
          0.6292837496040219,
          0.5569183814596572,
          0.5180113418479844,
          1.1093126904467652,
          0.5947918789368442,
          1.2576312073518525,
          0.5263337247535101,
          0.5146336466150055,
          0.5278138366615182,
          0.7244356131760282,
          0.7015634878743573,
          0.7073878624846134,
          0.549588219775697,
          0.9556220872129599,
          0.8250399487633312,
          0.6950046414356289,
          0.0
        ]
      ]
    }
  },
  "nodes": {
    "EPI_ISL_404253": {
      "country": "Illinois",
      "country_confidence": {
        "Illinois": 0.9999999999999999
      },
      "country_entropy": -9.99866855976916e-13
    },
    "EPI_ISL_404895": {
      "country": "Washington",
      "country_confidence": {
        "Washington": 1.0
      },
      "country_entropy": -1.000088900581841e-12
    },
    "EPI_ISL_406223": {
      "country": "Arizona",
      "country_confidence": {
        "Arizona": 1.0
      },
      "country_entropy": -1.000088900581841e-12
    },
    "EPI_ISL_408009": {
      "country": "California",
      "country_confidence": {
        "California": 1.0
      },
      "country_entropy": -1.000088900581841e-12
    },
    "EPI_ISL_408670": {
      "country": "Wisconsin",
      "country_confidence": {
        "Wisconsin": 1.0
      },
      "country_entropy": -1.000088900581841e-12
    },
    "EPI_ISL_409067": {
      "country": "Massachusetts",
      "country_confidence": {
        "Massachusetts": 1.0
      },
      "country_entropy": -1.000088900581841e-12
    },
    "EPI_ISL_410045": {
      "country": "Illinois",
      "country_confidence": {
        "Illinois": 1.0
      },
      "country_entropy": -1.000088900581841e-12
    },
    "EPI_ISL_411954": {
      "country": "California",
      "country_confidence": {
        "California": 0.9999999999999999
      },
      "country_entropy": -9.99866855976916e-13
    },
    "EPI_ISL_411956": {
      "country": "Texas",
      "country_confidence": {
        "Texas": 1.0
      },
      "country_entropy": -1.000088900581841e-12
    },
    "EPI_ISL_414476": {
      "country": "New York",
      "country_confidence": {
        "New York": 1.0
      },
      "country_entropy": -1.000088900581841e-12
    },
    "EPI_ISL_414622": {
      "country": "Washington",
      "country_confidence": {
        "Washington": 1.0
      },
      "country_entropy": -1.000088900581841e-12
    },
    "EPI_ISL_415542": {
      "country": "Utah",
      "country_confidence": {
        "Utah": 1.0
      },
      "country_entropy": -1.000088900581841e-12
    },
    "EPI_ISL_415544": {
      "country": "Utah",
      "country_confidence": {
        "Utah": 1.0
      },
      "country_entropy": -1.000088900581841e-12
    },
    "EPI_ISL_416417": {
      "country": "Connecticut",
      "country_confidence": {
        "Connecticut": 1.0
      },
      "country_entropy": -1.000088900581841e-12
    },
    "EPI_ISL_416423": {
      "country": "Connecticut",
      "country_confidence": {
        "Connecticut": 1.0
      },
      "country_entropy": -1.000088900581841e-12
    },
    "EPI_ISL_416462": {
      "country": "Washington",
      "country_confidence": {
        "Washington": 1.0
      },
      "country_entropy": -1.000088900581841e-12
    },
    "EPI_ISL_416643": {
      "country": "Washington",
      "country_confidence": {
        "Washington": 1.0
      },
      "country_entropy": -1.000088900581841e-12
    },
    "EPI_ISL_416673": {
      "country": "Oregon",
      "country_confidence": {
        "Oregon": 0.9999999999999999
      },
      "country_entropy": -9.99866855976916e-13
    },
    "EPI_ISL_416728": {
      "country": "Washington",
      "country_confidence": {
        "Washington": 1.0
      },
      "country_entropy": -1.000088900581841e-12
    },
    "EPI_ISL_416831": {
      "country": "New York",
      "country_confidence": {
        "New York": 1.0
      },
      "country_entropy": -1.000088900581841e-12
    },
    "EPI_ISL_417026": {
      "country": "Utah",
      "country_confidence": {
        "Utah": 1.0
      },
      "country_entropy": -1.000088900581841e-12
    },
    "EPI_ISL_417028": {
      "country": "Utah",
      "country_confidence": {
        "Utah": 0.9999999999999999
      },
      "country_entropy": -9.99866855976916e-13
    },
    "EPI_ISL_417095": {
      "country": "Washington",
      "country_confidence": {
        "Washington": 1.0
      },
      "country_entropy": -1.000088900581841e-12
    },
    "EPI_ISL_417096": {
      "country": "Washington",
      "country_confidence": {
        "Washington": 1.0
      },
      "country_entropy": -1.000088900581841e-12
    },
    "EPI_ISL_417098": {
      "country": "Washington",
      "country_confidence": {
        "Washington": 0.9999999999999999
      },
      "country_entropy": -9.99866855976916e-13
    },
    "EPI_ISL_417108": {
      "country": "Washington",
      "country_confidence": {
        "Washington": 0.9999999999999999
      },
      "country_entropy": -9.99866855976916e-13
    },
    "EPI_ISL_417135": {
      "country": "Washington",
      "country_confidence": {
        "Washington": 0.9999999999999999
      },
      "country_entropy": -9.99866855976916e-13
    },
    "EPI_ISL_417142": {
      "country": "Washington",
      "country_confidence": {
        "Washington": 1.0
      },
      "country_entropy": -1.000088900581841e-12
    },
    "EPI_ISL_417148": {
      "country": "Washington",
      "country_confidence": {
        "Washington": 0.9999999999999999
      },
      "country_entropy": -9.99866855976916e-13
    },
    "EPI_ISL_417150": {
      "country": "Washington",
      "country_confidence": {
        "Washington": 0.9999999999999999
      },
      "country_entropy": -9.99866855976916e-13
    },
    "EPI_ISL_417151": {
      "country": "Washington",
      "country_confidence": {
        "Washington": 0.9999999999999999
      },
      "country_entropy": -9.99866855976916e-13
    },
    "EPI_ISL_417156": {
      "country": "Washington",
      "country_confidence": {
        "Washington": 1.0
      },
      "country_entropy": -1.000088900581841e-12
    },
    "EPI_ISL_417159": {
      "country": "Washington",
      "country_confidence": {
        "Washington": 1.0
      },
      "country_entropy": -1.000088900581841e-12
    },
    "EPI_ISL_417160": {
      "country": "Washington",
      "country_confidence": {
        "Washington": 1.0
      },
      "country_entropy": -1.000088900581841e-12
    },
    "EPI_ISL_417194": {
      "country": "Minnesota",
      "country_confidence": {
        "Minnesota": 1.0
      },
      "country_entropy": -1.000088900581841e-12
    },
    "EPI_ISL_417196": {
      "country": "Minnesota",
      "country_confidence": {
        "Minnesota": 0.9999999999999999
      },
      "country_entropy": -9.99866855976916e-13
    },
    "EPI_ISL_417200": {
      "country": "Wisconsin",
      "country_confidence": {
        "Wisconsin": 0.9999999999999999
      },
      "country_entropy": -9.99866855976916e-13
    },
    "EPI_ISL_417350": {
      "country": "Washington",
      "country_confidence": {
        "Washington": 1.0
      },
      "country_entropy": -1.000088900581841e-12
    },
    "EPI_ISL_417469": {
      "country": "Minnesota",
      "country_confidence": {
        "Minnesota": 1.0
      },
      "country_entropy": -1.000088900581841e-12
    },
    "EPI_ISL_417475": {
      "country": "Minnesota",
      "country_confidence": {
        "Minnesota": 1.0
      },
      "country_entropy": -1.000088900581841e-12
    },
    "EPI_ISL_417513": {
      "country": "Wisconsin",
      "country_confidence": {
        "Wisconsin": 1.0
      },
      "country_entropy": -1.000088900581841e-12
    },
    "EPI_ISL_417517": {
      "country": "Wisconsin",
      "country_confidence": {
        "Wisconsin": 1.0
      },
      "country_entropy": -1.000088900581841e-12
    },
    "EPI_ISL_417935": {
      "country": "California",
      "country_confidence": {
        "California": 0.9999999999999999
      },
      "country_entropy": -9.99866855976916e-13
    },
    "EPI_ISL_417958": {
      "country": "Utah",
      "country_confidence": {
        "Utah": 1.0
      },
      "country_entropy": -1.000088900581841e-12
    },
    "EPI_ISL_417959": {
      "country": "Utah",
      "country_confidence": {
        "Utah": 1.0
      },
      "country_entropy": -1.000088900581841e-12
    },
    "EPI_ISL_417960": {
      "country": "Utah",
      "country_confidence": {
        "Utah": 1.0
      },
      "country_entropy": -1.000088900581841e-12
    },
    "EPI_ISL_417976": {
      "country": "Utah",
      "country_confidence": {
        "Utah": 0.9999999999999999
      },
      "country_entropy": -9.99866855976916e-13
    },
    "EPI_ISL_418049": {
      "country": "Minnesota",
      "country_confidence": {
        "Minnesota": 1.0
      },
      "country_entropy": -1.000088900581841e-12
    },
    "EPI_ISL_418058": {
      "country": "Connecticut",
      "country_confidence": {
        "Connecticut": 1.0
      },
      "country_entropy": -1.000088900581841e-12
    },
    "EPI_ISL_418080": {
      "country": "Washington",
      "country_confidence": {
        "Washington": 1.0
      },
      "country_entropy": -1.000088900581841e-12
    },
    "EPI_ISL_418871": {
      "country": "Connecticut",
      "country_confidence": {
        "Connecticut": 1.0
      },
      "country_entropy": -1.000088900581841e-12
    },
    "EPI_ISL_418895": {
      "country": "Connecticut",
      "country_confidence": {
        "Connecticut": 1.0
      },
      "country_entropy": -1.000088900581841e-12
    },
    "EPI_ISL_418898": {
      "country": "Connecticut",
      "country_confidence": {
        "Connecticut": 0.9999999999999999
      },
      "country_entropy": -9.99866855976916e-13
    },
    "EPI_ISL_418905": {
      "country": "Washington",
      "country_confidence": {
        "Washington": 1.0
      },
      "country_entropy": -1.000088900581841e-12
    },
    "EPI_ISL_418915": {
      "country": "Illinois",
      "country_confidence": {
        "Illinois": 1.0
      },
      "country_entropy": -1.000088900581841e-12
    },
    "EPI_ISL_418916": {
      "country": "Illinois",
      "country_confidence": {
        "Illinois": 0.9999999999999999
      },
      "country_entropy": -9.99866855976916e-13
    },
    "EPI_ISL_418917": {
      "country": "Illinois",
      "country_confidence": {
        "Illinois": 0.9999999999999999
      },
      "country_entropy": -9.99866855976916e-13
    },
    "EPI_ISL_418918": {
      "country": "Illinois",
      "country_confidence": {
        "Illinois": 0.9999999999999999
      },
      "country_entropy": -9.99866855976916e-13
    },
    "EPI_ISL_418962": {
      "country": "Utah",
      "country_confidence": {
        "Utah": 1.0
      },
      "country_entropy": -1.000088900581841e-12
    },
    "EPI_ISL_418963": {
      "country": "Utah",
      "country_confidence": {
        "Utah": 1.0
      },
      "country_entropy": -1.000088900581841e-12
    },
    "EPI_ISL_418964": {
      "country": "Utah",
      "country_confidence": {
        "Utah": 1.0
      },
      "country_entropy": -1.000088900581841e-12
    },
    "EPI_ISL_419260": {
      "country": "Virginia",
      "country_confidence": {
        "Virginia": 0.9999999999999999
      },
      "country_entropy": -9.99866855976916e-13
    },
    "EPI_ISL_419512": {
      "country": "Connecticut",
      "country_confidence": {
        "Connecticut": 1.0
      },
      "country_entropy": -1.000088900581841e-12
    },
    "EPI_ISL_419521": {
      "country": "Connecticut",
      "country_confidence": {
        "Connecticut": 1.0
      },
