{
  "generated_by": {
    "program": "augur",
    "version": "7.0.2"
  },
  "models": {
    "country": {
      "alphabet": [
        "Alaska",
        "Arizona",
        "California",
        "Connecticut",
        "Florida",
        "Georgia",
        "Idaho",
        "Illinois",
        "Iowa",
        "Louisiana",
        "Maryland",
        "Massachusetts",
        "Michigan",
        "Minnesota",
        "Missouri",
        "Nebraska",
        "New Jersey",
        "New Mexico",
        "New York",
        "North Carolina",
        "Ohio",
        "Oregon",
        "Pennsylvania",
        "South Carolina",
        "Texas",
        "Utah",
        "Virginia",
        "Washington",
        "Wisconsin",
        "Wyoming",
        "?"
      ],
      "equilibrium_probabilities": [
        0.03849404944332348,
        0.03791554216947989,
        0.02244116944411699,
        0.02335138481093083,
        0.032480020497043016,
        0.04046314322645571,
        0.029575956866049836,
        0.03329872358724345,
        0.036683604017229914,
        0.024867000570981165,
        0.0327033851419542,
        0.03288040494076341,
        0.02446334709359788,
        0.03244968521763217,
        0.03687763607771279,
        0.03784707922121857,
        0.037134237914444666,
        0.03869603990560008,
        0.026484178092123823,
        0.039645472093863134,
        0.03772221428506145,
        0.02790319253960394,
        0.03416924119266893,
        0.03689596627428344,
        0.03740288694662405,
        0.029633013072756984,
        0.03526356058035034,
        0.028593950783601333,
        0.03509666835237642,
        0.03856724564090803
      ],
      "rate": 307.71143113865566,
      "transition_matrix": [
        [
          0.0,
          0.750784665585045,
          1.0896972353108962,
          0.8789272347735969,
          0.6275653921793152,
          0.5135918508398877,
          1.3152342753502675,
          0.5514404719842555,
          0.5113017371176461,
          0.927040026241711,
          0.5405566951466363,
          0.8125666197730012,
          0.7352783629512771,
          0.5488864524303928,
          0.525098157513124,
          0.6888190273385236,
          0.5355081631400294,
          0.6918482280325182,
          0.9607903949578961,
          0.7044396925490838,
          0.511630580392,
          0.7897177270009574,
          0.5351078296485786,
          0.5101347555575653,
          0.5210457502113266,
          0.7973353518585015,
          0.8896098667716175,
          0.51906034338111,
          0.6845957910111068,
          0.5186779490145156
        ],
        [
          0.750784665585045,
          0.0,
          1.7985962400641826,
          1.1470733488256122,
          1.2958814990438638,
          0.726633600620452,
          0.5165546029191537,
          0.9053391763093767,
          1.4377096633341857,
          3.1117647014787932,
          0.974204088488211,
          0.616277025249874,
          0.8305942421301536,
          0.8704793111942343,
          0.5361560797579452,
          0.53582948259007,
          0.5584868794909815,
          0.5416720397666905,
          1.2568437084371724,
          0.966205003008832,
          0.6548784835688688,
          1.4573192037767262,
          1.5360391083837839,
          0.5128416149745676,
          1.0410079004648316,
          0.5741949794115667,
          0.664439132038083,
          2.206503553028079,
          0.6513404830362652,
          0.5241547122260842
        ],
        [
          1.0896972353108962,
          1.7985962400641826,
          0.0,
          2.185280085539754,
          3.1616500117727653,
          0.9956821027834231,
          0.5270522277836908,
          2.992363570040445,
          0.7549846991649314,
          1.0777618993596412,
          2.8556409715565123,
          1.4209666584458194,
          5.299809829080607,
          2.835398918604642,
          1.4155459333736695,
          0.8186732381637857,
          1.330966144938288,
          1.1051201232071783,
          3.752539147668193,
          0.9243190519798693,
          1.2336126046102223,
          4.037939331018547,
          2.088468936556366,
          0.6386909429635428,
          1.479602525957235,
          4.254041052811199,
          2.4823671264037417,
          2.419547992133168,
          2.8486083372781437,
          0.8260610796852628
        ],
        [
          0.8789272347735969,
          1.1470733488256122,
          2.185280085539754,
          0.0,
          2.0630214654359555,
          0.5302683831505964,
          1.3887975281847502,
          2.9547427729430638,
          0.5962586758769024,
          1.2664119085319758,
          1.6888846661579353,
          1.4032710331721012,
          3.3141622663673256,
          1.604973640660501,
          0.7844258131213392,
          1.3006813375936033,
          1.6510865626625584,
          0.8366582914777831,
          7.0983702052689,
          0.6428706335619828,
          1.768039741678302,
          3.2782169205792915,
          1.5188332156175142,
          0.7630269561091778,
          1.6950003211997768,
          1.2263891643527869,
          3.0591287848769144,
          1.3214163846618703,
          2.158185031680938,
          1.3659236938186807
        ],
        [
          0.6275653921793152,
          1.2958814990438638,
          3.1616500117727653,
          2.0630214654359555,
          0.0,
          1.0665078077292491,
          0.5204491886013214,
          2.2735800186105153,
          0.5396161269052768,
          2.564170273172592,
          1.8115562325940293,
          1.8850695944100198,
          1.7362828007255477,
          1.3471183761894718,
          0.6023532210948743,
          0.6497728422444019,
          0.7652376388573183,
          0.5406354928132113,
          3.1741383087892383,
          1.2390775469189,
          1.3093113037338258,
          1.418599088078667,
          1.0228260577375652,
          0.9351907681886011,
          1.1286203084506161,
          0.6714881255185517,
          2.231494789252503,
          1.6326032488820672,
          2.311408851807169,
          0.8604330422649699
        ],
        [
          0.5135918508398877,
          0.726633600620452,
          0.9956821027834231,
          0.5302683831505964,
          1.0665078077292491,
          0.0,
          0.510202531444263,
          1.5894788897522005,
          0.5105544644108355,
          0.7687618811752761,
          0.7160060546980573,
          0.5369489008563536,
          0.7592471432880072,
          1.0320267777355066,
          0.5139040831817157,
          0.5308567186249736,
          0.5363158529224852,
          0.5879489533325445,
          1.0625625038041473,
          0.7641358427211926,
          0.5302115439947295,
          0.5922921107375021,
          0.8959083394174173,
          1.8685347339629115,
          0.5221422954377019,
          0.5233782477401053,
          1.0836661464372872,
          0.6235975522608622,
          0.5245915950225712,
          0.5212095500935781
        ],
        [
          1.3152342753502675,
          0.5165546029191537,
          0.5270522277836908,
          1.3887975281847502,
          0.5204491886013214,
          0.510202531444263,
          0.0,
          0.8221402349518503,
          0.5089187888712376,
          4.207400760179028,
          0.6814112696876005,
          0.5601332432096563,
          0.7820791440179362,
          0.9125727969707603,
          0.744281258910344,
          0.5119109282250431,
          0.5132493648225286,
          0.5141455315164261,
          0.5270849337920239,
          0.7642791583756214,
          0.5097921680783627,
          1.1935862558673718,
          0.5179295741471558,
          0.7649450199637664,
          0.9597750358612681,
          1.2502471098878052,
          0.5731840761388488,
          1.1902030237029497,
          0.9353865405196953,
          0.7689789206735681
        ],
        [
          0.5514404719842555,
          0.9053391763093767,
          2.992363570040445,
          2.9547427729430638,
          2.2735800186105153,
          1.5894788897522005,
          0.8221402349518503,
          0.0,
          0.5541088983558322,
          0.9753269808043559,
          1.1475717955086167,
          2.5686890751058473,
          1.312592011165962,
          1.0671408928230468,
          0.5596704966240149,
          0.9932585223164365,
          0.7894086262489143,
          0.5510343632038782,
          1.7346146469763637,
          0.8352794802598615,
          0.5223147899710412,
          0.6171154488100251,
          0.9080380698494686,
          0.5842209035808614,
          1.0563431550116271,
          0.8711345381976298,
          0.8591931932556758,
          1.233315198990467,
          4.745475599305703,
          0.5847735838757236
        ],
        [
          0.5113017371176461,
          1.4377096633341857,
          0.7549846991649314,
          0.5962586758769024,
          0.5396161269052768,
          0.5105544644108355,
          0.5089187888712376,
          0.5541088983558322,
          0.0,
          0.511749887487719,
          0.5380601979559317,
          0.838650404062383,
          0.5775925929942184,
          0.5844273372858818,
          0.5103544360869472,
          0.5107431066210428,
          0.5122293737890378,
          0.5116839555928876,
          0.8074534528606875,
          0.5316335994100279,
          0.6369907043575845,
          0.5186891838488955,
          0.5535692497324964,
          0.5088357570548052,
          0.5144369948244041,
          0.7977932218303005,
          0.521716966953542,
          0.5146478653882176,
          0.8522636398235592,
          0.5123168806029623
        ],
        [
          0.927040026241711,
          3.1117647014787932,
          1.0777618993596412,
          1.2664119085319758,
          2.564170273172592,
          0.7687618811752761,
          4.207400760179028,
          0.9753269808043559,
          0.511749887487719,
          0.0,
          0.6409945969721318,
          0.8728815692465178,
          0.6812486388305778,
          1.0722724548336728,
          1.246655126342631,
          0.5143768261545759,
          0.5157072993773777,
          0.5143377888592541,
          0.894721700644,
          0.7523437807389322,
          0.5107426657831662,
          0.9108960579105934,
          0.7644193500547122,
          0.5134303756758964,
          3.6878596041906153,
          3.0318191633520697,
          0.6591675981493528,
          0.5292089543625151,
          0.5506086248373316,
          0.5247153117657454
        ],
        [
          0.5405566951466363,
          0.974204088488211,
          2.8556409715565123,
          1.6888846661579353,
          1.8115562325940293,
          0.7160060546980573,
          0.6814112696876005,
          1.1475717955086167,
          0.5380601979559317,
          0.6409945969721318,
          0.0,
          1.8102421472050716,
          3.684438206041528,
          2.659136198876761,
          0.7093362564710746,
          0.6164987927885451,
          0.6870159177167273,
          0.7140969993798177,
          2.108121214689362,
          0.8093826251939386,
          0.8881118153769333,
          2.2733877913960283,
          1.2568797578824826,
          0.8007490312714413,
          3.216382959101209,
          0.9333749155763745,
          3.667097748604063,
          1.0133121431493093,
          0.854455471039558,
          0.8797118442443843
        ],
        [
          0.8125666197730012,
          0.616277025249874,
          1.4209666584458194,
          1.4032710331721012,
          1.8850695944100198,
          0.5369489008563536,
          0.5601332432096563,
          2.5686890751058473,
          0.838650404062383,
          0.8728815692465178,
          1.8102421472050716,
          0.0,
          1.233715253673247,
          0.6070244296965608,
          0.5178527297274892,
          0.690003889223077,
          0.7917612787252657,
          0.5390470895412092,
          1.0166836691784764,
          1.734266705708124,
          0.5693694812782149,
          1.2645668481416537,
          0.9268604873870004,
          0.5152245988021131,
          1.2590837535906654,
          1.277345864468963,
          2.6092182590518918,
          0.9434869933242992,
          1.0548135338680862,
          0.6192348691697468
        ],
        [
          0.7352783629512771,
          0.8305942421301536,
          5.299809829080607,
          3.3141622663673256,
          1.7362828007255477,
          0.7592471432880072,
          0.7820791440179362,
          1.312592011165962,
          0.5775925929942184,
          0.6812486388305778,
          3.684438206041528,
          1.233715253673247,
          0.0,
          2.2860067321403865,
          0.9862228889940792,
          0.6980332858948642,
          1.653922102443823,
          1.4902929884197949,
          3.811227908142045,
          1.3774363038289437,
          0.5466533149620636,
          1.1399926501544682,
          1.4489109903574227,
          1.0088594658614662,
          1.0143582335735275,
          3.1954814395899045,
          2.153675507482394,
          1.4146161473598187,
          0.9059803063188132,
          1.1479311229424363
        ],
        [
          0.5488864524303928,
          0.8704793111942343,
          2.835398918604642,
          1.604973640660501,
          1.3471183761894718,
          1.0320267777355066,
          0.9125727969707603,
          1.0671408928230468,
          0.5844273372858818,
          1.0722724548336728,
          2.659136198876761,
          0.6070244296965608,
          2.2860067321403865,
          0.0,
          0.7294477020013033,
          0.5265140719284309,
          0.956359727171567,
          0.9837381143169472,
          1.9104558254519963,
          1.636436956855289,
          0.5400130839578137,
          0.880358657386034,
          1.8835608651576028,
          0.5372232768529832,
          1.3904845881151666,
          1.9322185083619507,
          1.0251206000095827,
          1.755400597769104,
          2.690232645355117,
          1.6278587703217833
        ],
        [
          0.525098157513124,
          0.5361560797579452,
          1.4155459333736695,
          0.7844258131213392,
          0.6023532210948743,
          0.5139040831817157,
          0.744281258910344,
          0.5596704966240149,
          0.5103544360869472,
          1.246655126342631,
          0.7093362564710746,
          0.5178527297274892,
          0.9862228889940792,
          0.7294477020013033,
          0.0,
          0.519190007664113,
          0.5361422508790172,
          0.5174908547756242,
          0.8851165232784713,
          0.5152810983668865,
          0.5107766687399093,
          0.5298507906752283,
          0.5673677403013473,
          0.5807013087089276,
          0.5371436318023614,
          0.6552851518269672,
          0.5678774777096058,
          0.6264951651707706,
          0.7019956614614183,
          0.5988558988718299
        ],
        [
          0.6888190273385236,
          0.53582948259007,
          0.8186732381637857,
          1.3006813375936033,
          0.6497728422444019,
          0.5308567186249736,
          0.5119109282250431,
          0.9932585223164365,
          0.5107431066210428,
          0.5143768261545759,
          0.6164987927885451,
          0.690003889223077,
          0.6980332858948642,
          0.5265140719284309,
          0.519190007664113,
          0.0,
          0.5180612413267536,
          0.9598491982962317,
          1.1177878057489974,
          0.527329723347481,
          0.512161432179449,
          0.7039809709618532,
          0.524712696911983,
          0.511003550668218,
          0.7735802769786921,
          0.8418320525313006,
          0.6212914552201385,
          0.5241280474422779,
          1.002815999736527,
          0.5211241564236039
        ],
        [
          0.5355081631400294,
          0.5584868794909815,
          1.330966144938288,
          1.6510865626625584,
          0.7652376388573183,
          0.5363158529224852,
          0.5132493648225286,
          0.7894086262489143,
          0.5122293737890378,
          0.5157072993773777,
          0.6870159177167273,
          0.7917612787252657,
          1.653922102443823,
          0.956359727171567,
          0.5361422508790172,
          0.5180612413267536,
          0.0,
          0.5547506078288923,
          4.084482693343304,
          0.7107227259374053,
          0.5155260086695866,
          0.8586465579044658,
          0.9931162082995018,
          0.5154830249159028,
          0.5267845434902368,
          0.5949576692093361,
          1.6619476608356898,
          0.603591075745949,
          0.7116854672050136,
          0.8629645661043069
        ],
        [
          0.6918482280325182,
          0.5416720397666905,
          1.1051201232071783,
          0.8366582914777831,
          0.5406354928132113,
          0.5879489533325445,
          0.5141455315164261,
          0.5510343632038782,
          0.5116839555928876,
          0.5143377888592541,
          0.7140969993798177,
          0.5390470895412092,
          1.4902929884197949,
          0.9837381143169472,
          0.5174908547756242,
          0.9598491982962317,
          0.5547506078288923,
          0.0,
          1.7664294435236567,
          0.7022057690305967,
          0.5123147624171295,
          0.5623907491227043,
          1.6251845955177295,
          0.5136838934818739,
          0.5786919582387275,
          0.9486875328956822,
          0.7427940595405838,
          0.5981043601632348,
          0.7362373503783425,
          1.0831989972383698
        ],
        [
          0.9607903949578961,
          1.2568437084371724,
          3.752539147668193,
          7.0983702052689,
          3.1741383087892383,
          1.0625625038041473,
          0.5270849337920239,
          1.7346146469763637,
          0.8074534528606875,
          0.894721700644,
          2.108121214689362,
          1.0166836691784764,
          3.811227908142045,
          1.9104558254519963,
          0.8851165232784713,
          1.1177878057489974,
          4.084482693343304,
          1.7664294435236567,
          0.0,
          1.1681447214022551,
          0.7024202569336234,
          3.0359495308423865,
          3.124190620760363,
          0.530303136424165,
          1.5440612236792233,
          1.8116459466805055,
          2.481343846292076,
          0.7986620932594064,
          1.8798816644194516,
          1.2093960715473426
        ],
        [
          0.7044396925490838,
          0.966205003008832,
          0.9243190519798693,
          0.6428706335619828,
          1.2390775469189,
          0.7641358427211926,
          0.7642791583756214,
          0.8352794802598615,
          0.5316335994100279,
          0.7523437807389322,
          0.8093826251939386,
          1.734266705708124,
          1.3774363038289437,
          1.636436956855289,
          0.5152810983668865,
          0.527329723347481,
          0.7107227259374053,
          0.7022057690305967,
          1.1681447214022551,
          0.0,
          0.5209948608603246,
          0.7248045632710723,
          1.2877224046349873,
          0.5122018435274484,
          0.5777552097176105,
          0.8184348942127858,
          1.9352756316922646,
          0.6441542478694368,
          0.6705763458582631,
          0.6159748125276125
        ],
        [
          0.511630580392,
          0.6548784835688688,
          1.2336126046102223,
          1.768039741678302,
          1.3093113037338258,
          0.5302115439947295,
          0.5097921680783627,
          0.5223147899710412,
          0.6369907043575845,
          0.5107426657831662,
          0.8881118153769333,
          0.5693694812782149,
          0.5466533149620636,
          0.5400130839578137,
          0.5107766687399093,
          0.512161432179449,
          0.5155260086695866,
          0.5123147624171295,
          0.7024202569336234,
          0.5209948608603246,
          0.0,
          0.9174090650804507,
          0.522285001835524,
          0.5095546237465343,
          0.5156836369981742,
          0.5189832911447926,
          0.5745608753764534,
          0.5291317412684783,
          0.6356796285761951,
          0.5145166959499272
        ],
        [
          0.7897177270009574,
          1.4573192037767262,
          4.037939331018547,
          3.2782169205792915,
          1.418599088078667,
          0.5922921107375021,
          1.1935862558673718,
          0.6171154488100251,
          0.5186891838488955,
          0.9108960579105934,
          2.2733877913960283,
          1.2645668481416537,
          1.1399926501544682,
          0.880358657386034,
          0.5298507906752283,
          0.7039809709618532,
          0.8586465579044658,
          0.5623907491227043,
          3.0359495308423865,
          0.7248045632710723,
          0.9174090650804507,
          0.0,
          1.4932544975103208,
          0.5162475917440063,
          0.5691703017423725,
          0.9732044341348354,
          1.1130215347695056,
          4.494317983974414,
          1.0126433695965253,
          0.7001197276738861
        ],
        [
          0.5351078296485786,
          1.5360391083837839,
          2.088468936556366,
          1.5188332156175142,
          1.0228260577375652,
          0.8959083394174173,
          0.5179295741471558,
          0.9080380698494686,
          0.5535692497324964,
          0.7644193500547122,
          1.2568797578824826,
          0.9268604873870004,
          1.4489109903574227,
          1.8835608651576028,
          0.5673677403013473,
          0.524712696911983,
          0.9931162082995018,
          1.6251845955177295,
          3.124190620760363,
          1.2877224046349873,
          0.522285001835524,
          1.4932544975103208,
          0.0,
          0.7941804471315809,
          1.2376873946710594,
          1.2628930297372025,
          1.1180260327359064,
          0.9117148460460787,
          1.4183526341631614,
          0.7739220698138154
        ],
        [
          0.5101347555575653,
          0.5128416149745676,
          0.6386909429635428,
          0.7630269561091778,
          0.9351907681886011,
          1.8685347339629115,
          0.7649450199637664,
          0.5842209035808614,
          0.5088357570548052,
          0.5134303756758964,
          0.8007490312714413,
          0.5152245988021131,
          1.0088594658614662,
          0.5372232768529832,
          0.5807013087089276,
          0.511003550668218,
          0.5154830249159028,
          0.5136838934818739,
          0.530303136424165,
          0.5122018435274484,
          0.5095546237465343,
          0.5162475917440063,
          0.7941804471315809,
          0.0,
          0.5148156868632507,
          0.9361219053217426,
          0.5245430025530415,
          0.5139551137474816,
          0.5172168460262727,
          0.512725328301118
        ],
        [
          0.5210457502113266,
          1.0410079004648316,
          1.479602525957235,
          1.6950003211997768,
          1.1286203084506161,
          0.5221422954377019,
          0.9597750358612681,
          1.0563431550116271,
          0.5144369948244041,
          3.6878596041906153,
          3.216382959101209,
          1.2590837535906654,
          1.0143582335735275,
          1.3904845881151666,
          0.5371436318023614,
          0.7735802769786921,
          0.5267845434902368,
          0.5786919582387275,
          1.5440612236792233,
          0.5777552097176105,
          0.5156836369981742,
          0.5691703017423725,
          1.2376873946710594,
          0.5148156868632507,
          0.0,
          1.011543249772373,
          0.6669016173031307,
          1.1159473324174618,
          1.2357588062806422,
          0.7939247128143538
        ],
        [
          0.7973353518585015,
          0.5741949794115667,
          4.254041052811199,
          1.2263891643527869,
          0.6714881255185517,
          0.5233782477401053,
          1.2502471098878052,
          0.8711345381976298,
          0.7977932218303005,
          3.0318191633520697,
          0.9333749155763745,
          1.277345864468963,
          3.1954814395899045,
          1.9322185083619507,
          0.6552851518269672,
          0.8418320525313006,
          0.5949576692093361,
          0.9486875328956822,
          1.8116459466805055,
          0.8184348942127858,
          0.5189832911447926,
          0.9732044341348354,
          1.2628930297372025,
          0.9361219053217426,
          1.011543249772373,
          0.0,
          1.6348675455581012,
          1.5150014221036172,
          1.5773011434362667,
          0.9199784340758372
        ],
        [
          0.8896098667716175,
          0.664439132038083,
          2.4823671264037417,
          3.0591287848769144,
          2.231494789252503,
          1.0836661464372872,
          0.5731840761388488,
          0.8591931932556758,
          0.521716966953542,
          0.6591675981493528,
          3.667097748604063,
          2.6092182590518918,
          2.153675507482394,
          1.0251206000095827,
          0.5678774777096058,
          0.6212914552201385,
          1.6619476608356898,
          0.7427940595405838,
          2.481343846292076,
          1.9352756316922646,
          0.5745608753764534,
          1.1130215347695056,
          1.1180260327359064,
          0.5245430025530415,
          0.6669016173031307,
          1.6348675455581012,
          0.0,
          1.8360698786318288,
          2.2747178041661393,
          0.9211926241961073
        ],
        [
          0.51906034338111,
          2.206503553028079,
          2.419547992133168,
          1.3214163846618703,
          1.6326032488820672,
          0.6235975522608622,
          1.1902030237029497,
          1.233315198990467,
          0.5146478653882176,
          0.5292089543625151,
          1.0133121431493093,
          0.9434869933242992,
          1.4146161473598187,
          1.755400597769104,
          0.6264951651707706,
          0.5241280474422779,
          0.603591075745949,
          0.5981043601632348,
          0.7986620932594064,
          0.6441542478694368,
          0.5291317412684783,
          4.494317983974414,
          0.9117148460460787,
          0.5139551137474816,
          1.1159473324174618,
          1.5150014221036172,
          1.8360698786318288,
          0.0,
          0.9895928081755889,
          0.9493870621531817
        ],
        [
          0.6845957910111068,
          0.6513404830362652,
          2.8486083372781437,
          2.158185031680938,
          2.311408851807169,
          0.5245915950225712,
          0.9353865405196953,
          4.745475599305703,
          0.8522636398235592,
          0.5506086248373316,
          0.854455471039558,
          1.0548135338680862,
          0.9059803063188132,
          2.690232645355117,
          0.7019956614614183,
          1.002815999736527,
          0.7116854672050136,
          0.7362373503783425,
          1.8798816644194516,
          0.6705763458582631,
          0.6356796285761951,
          1.0126433695965253,
          1.4183526341631614,
          0.5172168460262727,
          1.2357588062806422,
          1.5773011434362667,
          2.2747178041661393,
          0.9895928081755889,
          0.0,
          0.8268376462179955
        ],
        [
          0.5186779490145156,
          0.5241547122260842,
          0.8260610796852628,
          1.3659236938186807,
          0.8604330422649699,
          0.5212095500935781,
          0.7689789206735681,
          0.5847735838757236,
          0.5123168806029623,
          0.5247153117657454,
          0.8797118442443843,
          0.6192348691697468,
          1.1479311229424363,
          1.6278587703217833,
          0.5988558988718299,
          0.5211241564236039,
          0.8629645661043069,
          1.0831989972383698,
          1.2093960715473426,
          0.6159748125276125,
          0.5145166959499272,
          0.7001197276738861,
          0.7739220698138154,
          0.512725328301118,
          0.7939247128143538,
          0.9199784340758372,
          0.9211926241961073,
          0.9493870621531817,
          0.8268376462179955,
          0.0
        ]
      ]
    }
  },
  "nodes": {
    "EPI_ISL_404253": {
      "country": "Illinois",
      "country_confidence": {
        "Illinois": 1.0
      },
      "country_entropy": -1.000088900581841e-12
    },
    "EPI_ISL_404895": {
      "country": "Washington",
      "country_confidence": {
        "Washington": 1.0
      },
      "country_entropy": -1.000088900581841e-12
    },
    "EPI_ISL_406223": {
      "country": "Arizona",
      "country_confidence": {
        "Arizona": 1.0
      },
      "country_entropy": -1.000088900581841e-12
    },
    "EPI_ISL_408009": {
      "country": "California",
      "country_confidence": {
        "California": 1.0
      },
      "country_entropy": -1.000088900581841e-12
    },
    "EPI_ISL_408670": {
      "country": "Wisconsin",
      "country_confidence": {
        "Wisconsin": 1.0
      },
      "country_entropy": -1.000088900581841e-12
    },
    "EPI_ISL_409067": {
      "country": "Massachusetts",
      "country_confidence": {
        "Massachusetts": 1.0
      },
      "country_entropy": -1.000088900581841e-12
    },
    "EPI_ISL_410045": {
      "country": "Illinois",
      "country_confidence": {
        "Illinois": 1.0
      },
      "country_entropy": -1.000088900581841e-12
    },
    "EPI_ISL_411954": {
      "country": "California",
      "country_confidence": {
        "California": 1.0
      },
      "country_entropy": -1.000088900581841e-12
    },
    "EPI_ISL_411956": {
      "country": "Texas",
      "country_confidence": {
        "Texas": 1.0
      },
      "country_entropy": -1.000088900581841e-12
    },
    "EPI_ISL_414476": {
      "country": "New York",
      "country_confidence": {
        "New York": 1.0
      },
      "country_entropy": -1.000088900581841e-12
    },
    "EPI_ISL_414622": {
      "country": "Washington",
      "country_confidence": {
        "Washington": 0.9999999999999999
      },
      "country_entropy": -9.99866855976916e-13
    },
    "EPI_ISL_415542": {
      "country": "Utah",
      "country_confidence": {
        "Utah": 1.0
      },
      "country_entropy": -1.000088900581841e-12
    },
    "EPI_ISL_415544": {
      "country": "Utah",
      "country_confidence": {
        "Utah": 1.0
      },
      "country_entropy": -1.000088900581841e-12
    },
    "EPI_ISL_416417": {
      "country": "Connecticut",
      "country_confidence": {
        "Connecticut": 1.0
      },
      "country_entropy": -1.000088900581841e-12
    },
    "EPI_ISL_416423": {
      "country": "Connecticut",
      "country_confidence": {
        "Connecticut": 1.0
      },
      "country_entropy": -1.000088900581841e-12
    },
    "EPI_ISL_416462": {
      "country": "Washington",
      "country_confidence": {
        "Washington": 1.0
      },
      "country_entropy": -1.000088900581841e-12
    },
    "EPI_ISL_416643": {
      "country": "Washington",
      "country_confidence": {
        "Washington": 1.0
      },
      "country_entropy": -1.000088900581841e-12
    },
    "EPI_ISL_416673": {
      "country": "Oregon",
      "country_confidence": {
        "Oregon": 1.0
      },
      "country_entropy": -1.000088900581841e-12
    },
    "EPI_ISL_416728": {
      "country": "Washington",
      "country_confidence": {
        "Washington": 1.0
      },
      "country_entropy": -1.000088900581841e-12
    },
    "EPI_ISL_416831": {
      "country": "New York",
      "country_confidence": {
        "New York": 1.0
      },
      "country_entropy": -1.000088900581841e-12
    },
    "EPI_ISL_417026": {
      "country": "Utah",
      "country_confidence": {
        "Utah": 1.0
      },
      "country_entropy": -1.000088900581841e-12
    },
    "EPI_ISL_417028": {
      "country": "Utah",
      "country_confidence": {
        "Utah": 1.0
      },
      "country_entropy": -1.000088900581841e-12
    },
    "EPI_ISL_417095": {
      "country": "Washington",
      "country_confidence": {
        "Washington": 1.0
      },
      "country_entropy": -1.000088900581841e-12
    },
    "EPI_ISL_417096": {
      "country": "Washington",
      "country_confidence": {
        "Washington": 1.0
      },
      "country_entropy": -1.000088900581841e-12
    },
    "EPI_ISL_417098": {
      "country": "Washington",
      "country_confidence": {
        "Washington": 1.0
      },
      "country_entropy": -1.000088900581841e-12
    },
    "EPI_ISL_417108": {
      "country": "Washington",
      "country_confidence": {
        "Washington": 1.0
      },
      "country_entropy": -1.000088900581841e-12
    },
    "EPI_ISL_417135": {
      "country": "Washington",
      "country_confidence": {
        "Washington": 1.0
      },
      "country_entropy": -1.000088900581841e-12
    },
    "EPI_ISL_417142": {
      "country": "Washington",
      "country_confidence": {
        "Washington": 1.0
      },
      "country_entropy": -1.000088900581841e-12
    },
    "EPI_ISL_417148": {
      "country": "Washington",
      "country_confidence": {
        "Washington": 1.0
      },
      "country_entropy": -1.000088900581841e-12
    },
    "EPI_ISL_417150": {
      "country": "Washington",
      "country_confidence": {
        "Washington": 1.0
      },
      "country_entropy": -1.000088900581841e-12
    },
    "EPI_ISL_417151": {
      "country": "Washington",
      "country_confidence": {
        "Washington": 1.0
      },
      "country_entropy": -1.000088900581841e-12
    },
    "EPI_ISL_417156": {
      "country": "Washington",
      "country_confidence": {
        "Washington": 1.0
      },
      "country_entropy": -1.000088900581841e-12
    },
    "EPI_ISL_417159": {
      "country": "Washington",
      "country_confidence": {
        "Washington": 1.0
      },
      "country_entropy": -1.000088900581841e-12
    },
    "EPI_ISL_417160": {
      "country": "Washington",
      "country_confidence": {
        "Washington": 1.0
      },
      "country_entropy": -1.000088900581841e-12
    },
    "EPI_ISL_417194": {
      "country": "Minnesota",
      "country_confidence": {
        "Minnesota": 1.0
      },
      "country_entropy": -1.000088900581841e-12
    },
    "EPI_ISL_417196": {
      "country": "Minnesota",
      "country_confidence": {
        "Minnesota": 1.0
      },
      "country_entropy": -1.000088900581841e-12
    },
    "EPI_ISL_417200": {
      "country": "Wisconsin",
      "country_confidence": {
        "Wisconsin": 1.0
      },
      "country_entropy": -1.000088900581841e-12
    },
    "EPI_ISL_417350": {
      "country": "Washington",
      "country_confidence": {
        "Washington": 1.0
      },
      "country_entropy": -1.000088900581841e-12
    },
    "EPI_ISL_417469": {
      "country": "Minnesota",
      "country_confidence": {
        "Minnesota": 1.0
      },
      "country_entropy": -1.000088900581841e-12
    },
    "EPI_ISL_417475": {
      "country": "Minnesota",
      "country_confidence": {
        "Minnesota": 1.0
      },
      "country_entropy": -1.000088900581841e-12
    },
    "EPI_ISL_417513": {
      "country": "Wisconsin",
      "country_confidence": {
        "Wisconsin": 0.9999999999999999
      },
      "country_entropy": -9.99866855976916e-13
    },
    "EPI_ISL_417517": {
      "country": "Wisconsin",
      "country_confidence": {
        "Wisconsin": 1.0
      },
      "country_entropy": -1.000088900581841e-12
    },
    "EPI_ISL_417935": {
      "country": "California",
      "country_confidence": {
        "California": 1.0
      },
      "country_entropy": -1.000088900581841e-12
    },
    "EPI_ISL_417958": {
      "country": "Utah",
      "country_confidence": {
        "Utah": 1.0
      },
      "country_entropy": -1.000088900581841e-12
    },
    "EPI_ISL_417959": {
      "country": "Utah",
      "country_confidence": {
        "Utah": 0.9999999999999999
      },
      "country_entropy": -9.99866855976916e-13
    },
    "EPI_ISL_417960": {
      "country": "Utah",
      "country_confidence": {
        "Utah": 0.9999999999999999
      },
      "country_entropy": -9.99866855976916e-13
    },
    "EPI_ISL_417976": {
      "country": "Utah",
      "country_confidence": {
        "Utah": 1.0
      },
      "country_entropy": -1.000088900581841e-12
    },
    "EPI_ISL_418049": {
      "country": "Minnesota",
      "country_confidence": {
        "Minnesota": 1.0
      },
      "country_entropy": -1.000088900581841e-12
    },
    "EPI_ISL_418058": {
      "country": "Connecticut",
      "country_confidence": {
        "Connecticut": 1.0
      },
      "country_entropy": -1.000088900581841e-12
    },
    "EPI_ISL_418080": {
      "country": "Washington",
      "country_confidence": {
        "Washington": 1.0
      },
      "country_entropy": -1.000088900581841e-12
    },
    "EPI_ISL_418871": {
      "country": "Connecticut",
      "country_confidence": {
        "Connecticut": 1.0
      },
      "country_entropy": -1.000088900581841e-12
    },
    "EPI_ISL_418895": {
      "country": "Connecticut",
      "country_confidence": {
        "Connecticut": 1.0
      },
      "country_entropy": -1.000088900581841e-12
    },
    "EPI_ISL_418898": {
      "country": "Connecticut",
      "country_confidence": {
        "Connecticut": 1.0
      },
      "country_entropy": -1.000088900581841e-12
    },
    "EPI_ISL_418905": {
      "country": "Washington",
      "country_confidence": {
        "Washington": 1.0
      },
      "country_entropy": -1.000088900581841e-12
    },
    "EPI_ISL_418915": {
      "country": "Illinois",
      "country_confidence": {
        "Illinois": 0.9999999999999999
      },
      "country_entropy": -9.99866855976916e-13
    },
    "EPI_ISL_418916": {
      "country": "Illinois",
      "country_confidence": {
        "Illinois": 0.9999999999999999
      },
      "country_entropy": -9.99866855976916e-13
    },
    "EPI_ISL_418917": {
      "country": "Illinois",
      "country_confidence": {
        "Illinois": 1.0
      },
      "country_entropy": -1.000088900581841e-12
    },
    "EPI_ISL_418918": {
      "country": "Illinois",
      "country_confidence": {
        "Illinois": 1.0
      },
      "country_entropy": -1.000088900581841e-12
    },
    "EPI_ISL_418962": {
      "country": "Utah",
      "country_confidence": {
        "Utah": 1.0
      },
      "country_entropy": -1.000088900581841e-12
    },
    "EPI_ISL_418963": {
      "country": "Utah",
      "country_confidence": {
        "Utah": 1.0
      },
      "country_entropy": -1.000088900581841e-12
    },
    "EPI_ISL_418964": {
      "country": "Utah",
      "country_confidence": {
        "Utah": 1.0
      },
      "country_entropy": -1.000088900581841e-12
    },
    "EPI_ISL_419260": {
      "country": "Virginia",
      "country_confidence": {
        "Virginia": 1.0
      },
      "country_entropy": -1.000088900581841e-12
    },
    "EPI_ISL_419512": {
      "country": "Connecticut",
      "country_confidence": {
        "Connecticut": 1.0
      },
      "country_entropy": -1.000088900581841e-12
    },
    "EPI_ISL_419521": {
      "country": "Connecticut",
      "country_confidence": {
        "Connecticut": 1.0
      },
      "country_entropy": -1.000088900581841e-12
    },
    "EPI_ISL_419554": {
      "country": "California",
      "country_confidence": {
        "California": 1.0
      },
