{
  "generated_by": {
    "program": "augur",
    "version": "7.0.2"
  },
  "models": {
    "country": {
      "alphabet": [
        "Australia",
        "Austria",
        "Belgium",
        "Brazil",
        "Canada",
        "China",
        "Czech Republic",
        "Democratic Republic of the Congo",
        "England",
        "Finland",
        "France",
        "Georgia",
        "Germany",
        "Hong Kong",
        "Iceland",
        "India",
        "Ireland",
        "Italy",
        "Japan",
        "Luxembourg",
        "Mexico",
        "Netherlands",
        "Norway",
        "Portugal",
        "Scotland",
        "Senegal",
        "Singapore",
        "South Korea",
        "Spain",
        "Switzerland",
        "Taiwan",
        "USA",
        "Wales",
        "?"
      ],
      "equilibrium_probabilities": [
        0.026232616876833356,
        0.0374808440478682,
        0.026770556321180913,
        0.03412597662168375,
        0.03113995271684861,
        0.017263257494510135,
        0.03527244839891473,
        0.03184004237945089,
        0.022555724351746947,
        0.03345675358287847,
        0.027197709323643557,
        0.037599155061476874,
        0.02680583270265388,
        0.03390262654476491,
        0.03139031961244288,
        0.03530439967571586,
        0.032990443074331494,
        0.035432906791534505,
        0.026796033154228505,
        0.03167875793491168,
        0.03627609302273521,
        0.013858086034788634,
        0.036475359372745236,
        0.0253771803590496,
        0.03039886296165195,
        0.031903918059618834,
        0.03348408530694901,
        0.035000526116430154,
        0.02221518135746049,
        0.033968299745718966,
        0.03496040107006577,
        0.017205114968357093,
        0.033640534956808965
      ],
      "rate": 350.85292570447524,
      "transition_matrix": [
        [
          0.0,
          0.6214612853185831,
          1.8338504761534287,
          0.6246417609622958,
          4.991485367750918,
          2.5950917599429895,
          0.621678709124665,
          0.6263952898501773,
          5.55518710131874,
          0.7785213565963127,
          2.8104455872757814,
          0.9314594773528918,
          1.5646592569578048,
          0.6217523481910947,
          1.4385564241201467,
          2.458406973806364,
          0.6214646445078895,
          2.1942984244459542,
          0.8151048539159523,
          1.2474720771167802,
          0.9562242851156948,
          1.9941383373771315,
          0.6308702542447363,
          0.9526513826244202,
          2.0100560105102705,
          0.623624582908519,
          0.9844556266429072,
          0.9746905903807455,
          1.5711291123749336,
          0.937509915611562,
          1.6291506003647904,
          7.393290226604503,
          1.02754522807432
        ],
        [
          0.6214612853185831,
          0.0,
          1.2411729606468533,
          0.6209298516473327,
          0.9318819830627757,
          0.6614462011828383,
          0.620883547281868,
          0.6218291566115194,
          0.619702278122903,
          0.6209395261299545,
          0.6204217796411308,
          0.62084491028497,
          0.9319036295683324,
          0.620500154477673,
          0.6220214532180466,
          0.6213476338406904,
          0.620900687997009,
          0.6210061808576799,
          1.206170503423318,
          0.9325155569002186,
          0.6215869764621434,
          1.2395608329339725,
          0.621555127557279,
          0.6207461982585394,
          0.6215595811800562,
          0.621227567902159,
          0.6212786823574908,
          0.6207774287258149,
          2.1698146751546483,
          0.6207208624785946,
          0.6214175585218664,
          1.5498434859972985,
          0.6211117698603208
        ],
        [
          1.8338504761534287,
          1.2411729606468533,
          0.0,
          0.6243487091964125,
          0.8439156566977501,
          1.8744618164534725,
          0.6208172806736849,
          1.8563382082070432,
          5.3242462189414645,
          0.6262342414162962,
          4.627863936927066,
          0.6203698988050586,
          0.6293551859552167,
          0.6201753638639423,
          2.201207577160105,
          0.8411757143986287,
          0.6206408013075517,
          1.0338954252243842,
          2.171676615085659,
          1.7517143900268817,
          0.6220299061050403,
          7.538185682291225,
          0.624198708688718,
          2.656622373578834,
          0.6579166692913777,
          0.6222498396345866,
          0.6276898841455093,
          0.6208947331307729,
          1.2360927620299824,
          1.8668569524357095,
          0.9409320613834086,
          1.7071302873526126,
          0.9451961690915429
        ],
        [
          0.6246417609622958,
          0.6209298516473327,
          0.6243487091964125,
          0.0,
          0.6221646203037376,
          0.7619684236977261,
          0.6209813932107647,
          0.6218645546305236,
          1.3122714871859098,
          0.6212116093638728,
          0.6228545740304151,
          0.6209429030929812,
          0.64696835120988,
          0.6207748508521453,
          0.6220856179498525,
          0.6263409488578232,
          0.6210100251167247,
          0.621356830804007,
          0.7422810288426404,
          0.6215479219588183,
          0.6214760078808796,
          3.337246247629381,
          0.6215000742380217,
          0.6216280795803008,
          0.6335299065840914,
          0.621194357324298,
          0.6700738935880702,
          0.6210643999224483,
          1.8475694285277235,
          0.6363268270390817,
          0.6216180826080455,
          0.6223343690354431,
          0.6210864409483743
        ],
        [
          4.991485367750918,
          0.9318819830627757,
          0.8439156566977501,
          0.6221646203037376,
          0.0,
          1.440820765641678,
          0.6214815844150744,
          0.7828479752576536,
          3.623146857368521,
          1.3650003721408757,
          2.200869775955336,
          0.6212002367144437,
          1.2023915909458573,
          0.6206689607251733,
          1.0585808510327912,
          0.9658274784799237,
          0.6213485584117994,
          0.6239849223315023,
          1.8802715657060316,
          2.8111349375486796,
          1.2207631450691125,
          1.9242098240332015,
          0.934305682483854,
          1.7014563826980669,
          0.6681335168806124,
          0.6259465614426526,
          0.6316853014113539,
          0.6284125221918316,
          0.625109982924361,
          0.6606554558312754,
          2.132174159093958,
          8.627112722695474,
          0.6329581289679452
        ],
        [
          2.5950917599429895,
          0.6614462011828383,
          1.8744618164534725,
          0.7619684236977261,
          1.440820765641678,
          0.0,
          0.6200925600405325,
          0.6220697984028378,
          2.0606979719942182,
          0.6603774309362115,
          0.9304788329016812,
          0.6581182655617893,
          4.9297201231496155,
          3.401005949259916,
          1.0629598686300046,
          0.7724171942864004,
          0.9299937365066466,
          0.6213999646806075,
          14.00020895106394,
          0.6238949716401618,
          1.1011833336181616,
          1.0397145014056801,
          1.103396985805051,
          1.5235696163878103,
          5.426596320794583,
          1.442029113275818,
          4.442065477485795,
          3.446564712092459,
          2.237705654484876,
          0.6206191800676083,
          2.1876522526339017,
          1.647173222842367,
          1.010365089968678
        ],
        [
          0.621678709124665,
          0.620883547281868,
          0.6208172806736849,
          0.6209813932107647,
          0.6214815844150744,
          0.6200925600405325,
          0.0,
          0.6216177196729837,
          1.2511537462087188,
          0.6211355418396567,
          0.6208484152637054,
          0.6209108460977929,
          0.621613495852242,
          0.6205660126364886,
          0.9360419382237993,
          0.621249335548204,
          0.6209502771074265,
          0.6211510287867035,
          0.6202827329447231,
          0.6215651771889242,
          0.6214667252226826,
          1.5522301444047284,
          0.6263419895530375,
          1.8618529906586478,
          0.9177696283165219,
          0.621077901021791,
          0.6215344143607264,
          0.6208263211729778,
          0.6206699329860128,
          0.931234994193734,
          0.62148595111283,
          0.9124243585536745,
          0.6210628033955615
        ],
        [
          0.6263952898501773,
          0.6218291566115194,
          1.8563382082070432,
          0.6218645546305236,
          0.7828479752576536,
          0.6220697984028378,
          0.6216177196729837,
          0.0,
          1.8719727777369177,
          0.6229660522144058,
          3.036013524746043,
          0.6213649051935348,
          0.6234299672024385,
          0.6209845454200579,
          0.9399687885665048,
          0.6219535536797892,
          0.6215510214641874,
          0.6225576341434618,
          0.6221044382530289,
          0.7973098197024533,
          0.6218460082436486,
          1.3420249487714162,
          0.6224181076082747,
          0.9348832106537834,
          1.1207478522726495,
          0.6220140076248472,
          0.6223087117784806,
          0.6212369265819025,
          0.6226495613297572,
          0.6222715200598075,
          0.9361273683111944,
          0.6265751519060517,
          0.6215031384887773
        ],
        [
          5.55518710131874,
          0.619702278122903,
          5.3242462189414645,
          1.3122714871859098,
          3.623146857368521,
          2.0606979719942182,
          1.2511537462087188,
          1.8719727777369177,
          0.0,
          2.0869836375815636,
          1.278236351334171,
          0.9286528603500183,
          3.0088392884345194,
          0.6192643781593166,
          4.261016509267897,
          0.6411767577301588,
          1.858438802414457,
          3.1152145525873878,
          1.5726419382897754,
          1.8287968227541394,
          1.2184548633066599,
          12.004258721895722,
          1.29317902130339,
          5.797181068725983,
          5.94760243321712,
          0.9387344665999933,
          1.2193123510808384,
          0.6242932595497284,
          3.866951114043104,
          2.1844358034067577,
          3.0590409036648345,
          4.241211532428588,
          1.5350687482005176
        ],
        [
          0.7785213565963127,
          0.6209395261299545,
          0.6262342414162962,
          0.6212116093638728,
          1.3650003721408757,
          0.6603774309362115,
          0.6211355418396567,
          0.6229660522144058,
          2.0869836375815636,
          0.0,
          0.935475348845647,
          0.6209963014265467,
          0.7779022324412185,
          0.6205843475822018,
          0.9500456771125707,
          0.6216699140612884,
          0.6211441806419975,
          0.6284612365069567,
          0.8913762199723364,
          0.9159303615072146,
          0.621540602216757,
          2.381305372622508,
          0.930638455728818,
          0.630827578901327,
          1.2895709470455594,
          0.621673143159022,
          0.6231093085017386,
          0.6208942822601607,
          0.947681358942685,
          0.6215437900285867,
          0.6226446554807114,
          2.5400179273240315,
          0.6215418208573485
        ],
        [
          2.8104455872757814,
          0.6204217796411308,
          4.627863936927066,
          0.6228545740304151,
          2.200869775955336,
          0.9304788329016812,
          0.6208484152637054,
          3.036013524746043,
          1.278236351334171,
          0.935475348845647,
          0.0,
          0.6203276997152533,
          3.1183961647024887,
          0.6203316247781883,
          0.7774550246204949,
          0.6245235130316027,
          0.6205477467649293,
          0.6223402288361062,
          0.6215922115146654,
          5.657423800522131,
          0.6214019528753677,
          2.08803538700111,
          0.9361944597896529,
          1.2440446300681336,
          1.4280352895627157,
          2.1866581819119437,
          0.9332485735306522,
          0.6209593773802994,
          1.2372006480514273,
          1.8633652669249436,
          1.1099006796916429,
          6.907829671972542,
          0.6230958780766369
        ],
        [
          0.9314594773528918,
          0.62084491028497,
          0.6203698988050586,
          0.6209429030929812,
          0.6212002367144437,
          0.6581182655617893,
          0.6209108460977929,
          0.6213649051935348,
          0.9286528603500183,
          0.6209963014265467,
          0.6203276997152533,
          0.0,
          0.6214595739442009,
          0.6205478526813166,
          0.6217954303632522,
          0.9318546759198449,
          0.6209313300092977,
          0.6211246536244804,
          0.8907270766066306,
          0.6213186508679545,
          0.6214580600499998,
          0.9300868890268671,
          0.932303346730121,
          0.9303462607513814,
          0.6223106209157042,
          0.6210784902133981,
          0.621982348119142,
          0.6208713837444999,
          1.2398802348989657,
          0.6207274117195891,
          0.6213893902814807,
          1.2398760417903758,
          0.6211772730701147
        ],
        [
          1.5646592569578048,
          0.9319036295683324,
          0.6293551859552167,
          0.64696835120988,
          1.2023915909458573,
          4.9297201231496155,
          0.621613495852242,
          0.6234299672024385,
          3.0088392884345194,
          0.7779022324412185,
          3.1183961647024887,
          0.6214595739442009,
          0.0,
          0.6216944832782147,
          0.733493107036694,
          0.6715710289559588,
          0.6216786167593541,
          0.6233171689764967,
          0.6704612221532301,
          0.6255393591027144,
          0.7909347338007884,
          4.0874760502125485,
          0.6248976643699524,
          1.8710515830466292,
          0.9490911205771023,
          0.6231371975374682,
          0.6258409443277066,
          0.6231327289447157,
          0.6244883780818633,
          0.6444994533658338,
          0.6810599215599006,
          6.599258086916034,
          0.6233399807268136
        ],
        [
          0.6217523481910947,
          0.620500154477673,
          0.6201753638639423,
          0.6207748508521453,
          0.6206689607251733,
          3.401005949259916,
          0.6205660126364886,
          0.6209845454200579,
          0.6192643781593166,
          0.6205843475822018,
          0.6203316247781883,
          0.6205478526813166,
          0.6216944832782147,
          0.0,
          0.6218420664858371,
          0.6214147356496039,
          0.6206277619142831,
          0.620677064026601,
          0.956906779208135,
          0.6207698188583033,
          0.6213748545968323,
          0.6198158528886671,
          1.2014798781271545,
          0.9305417716383655,
          0.6214886375447487,
          0.6206987358943177,
          0.8086038682075571,
          0.8046802015690684,
          0.9299819681417701,
          0.6204005218627576,
          0.931540464965748,
          0.6201300681987487,
          0.6206920226160866
        ],
        [
          1.4385564241201467,
          0.6220214532180466,
          2.201207577160105,
          0.6220856179498525,
          1.0585808510327912,
          1.0629598686300046,
          0.9360419382237993,
          0.9399687885665048,
          4.261016509267897,
          0.9500456771125707,
          0.7774550246204949,
          0.6217954303632522,
          0.733493107036694,
          0.6218420664858371,
          0.0,
          0.7290867502748123,
          0.6212765117965804,
          1.1763508211108102,
          1.1253465920417756,
          1.114060727808427,
          0.6226733928230296,
          4.265791052538302,
          1.7956909295170553,
          1.1421120071177184,
          1.5276266893144599,
          0.6230381170458632,
          0.6267402584705866,
          0.6216508688768912,
          1.7792329207222815,
          0.936915503252376,
          0.7994132449985316,
          3.209313737043829,
          0.6271267432830431
        ],
        [
          2.458406973806364,
          0.6213476338406904,
          0.8411757143986287,
          0.6263409488578232,
          0.9658274784799237,
          0.7724171942864004,
          0.621249335548204,
          0.6219535536797892,
          0.6411767577301588,
          0.6216699140612884,
          0.6245235130316027,
          0.9318546759198449,
          0.6715710289559588,
          0.6214147356496039,
          0.7290867502748123,
          0.0,
          0.6212013750877005,
          1.2441999826715682,
          0.7906363834871544,
          0.6231298183934376,
          0.6219056230888038,
          0.6247199660453672,
          0.628382502978032,
          0.6222457364750211,
          0.6258282298600112,
          0.6213162913719215,
          0.6230394241456808,
          0.6220135597667314,
          1.5357708792204197,
          0.6229665059652665,
          0.6406256434991376,
          0.6341972714182617,
          0.6216660874681084
        ],
        [
          0.6214646445078895,
          0.620900687997009,
          0.6206408013075517,
          0.6210100251167247,
          0.6213485584117994,
          0.9299937365066466,
          0.6209502771074265,
          0.6215510214641874,
          1.858438802414457,
          0.6211441806419975,
          0.6205477467649293,
          0.6209313300092977,
          0.6216786167593541,
          0.6206277619142831,
          0.6212765117965804,
          0.6212013750877005,
          0.0,
          0.6210661052788722,
          0.6204200965322376,
          0.6210720532036923,
          0.6212848731016126,
          2.1697349680544593,
          0.6213131934587526,
          0.6205196096990743,
          0.6214127035148351,
          0.6210669418922777,
          0.6218947851058634,
          0.6209044348116659,
          0.6201993338361167,
          0.6209264468690606,
          0.6213097839904264,
          0.6200662868012812,
          0.621040307469812
        ],
        [
          2.1942984244459542,
          0.6210061808576799,
          1.0338954252243842,
          0.621356830804007,
          0.6239849223315023,
          0.6213999646806075,
          0.6211510287867035,
          0.6225576341434618,
          3.1152145525873878,
          0.6284612365069567,
          0.6223402288361062,
          0.6211246536244804,
          0.6233171689764967,
          0.620677064026601,
          1.1763508211108102,
          1.2441999826715682,
          0.6210661052788722,
          0.0,
          0.6211306459944032,
          1.5566335608478594,
          0.6217179624974601,
          3.102600260393404,
          0.6226142735730585,
          1.552785957904806,
          0.6235330873560657,
          0.6225380752576786,
          0.935793443092282,
          0.6213146392217282,
          0.9325816502821525,
          0.621526091698288,
          0.6223610888519329,
          0.6232276635610089,
          0.6214394579594897
        ],
        [
          0.8151048539159523,
          1.206170503423318,
          2.171676615085659,
          0.7422810288426404,
          1.8802715657060316,
          14.00020895106394,
          0.6202827329447231,
          0.6221044382530289,
          1.5726419382897754,
          0.8913762199723364,
          0.6215922115146654,
          0.8907270766066306,
          0.6704612221532301,
          0.956906779208135,
          1.1253465920417756,
          0.7906363834871544,
          0.6204200965322376,
          0.6211306459944032,
          0.0,
          0.6215326403645695,
          0.623461875788742,
          1.2476623131255697,
          0.6223553434997098,
          1.896371300036629,
          1.0191300628186124,
          0.6208428197918657,
          2.110874542720248,
          0.6573437359442444,
          0.6225377323758027,
          0.6204626239820255,
          0.6227725537664198,
          0.6263502228080241,
          0.6210684012105487
        ],
        [
          1.2474720771167802,
          0.9325155569002186,
          1.7517143900268817,
          0.6215479219588183,
          2.8111349375486796,
          0.6238949716401618,
          0.6215651771889242,
          0.7973098197024533,
          1.8287968227541394,
          0.9159303615072146,
          5.657423800522131,
          0.6213186508679545,
          0.6255393591027144,
          0.6207698188583033,
          1.114060727808427,
          0.6231298183934376,
          0.6210720532036923,
          1.5566335608478594,
          0.6215326403645695,
          0.0,
          0.6217787581167997,
          2.2489109263594793,
          0.6252370784939205,
          0.6241817711802808,
          1.4545453642795552,
          0.7796964880471191,
          0.6228948393374492,
          0.6211071450824548,
          1.432412551947457,
          1.2439956630082232,
          0.6278138988396698,
          5.150990786920601,
          0.6223811893732684
        ],
        [
          0.9562242851156948,
          0.6215869764621434,
          0.6220299061050403,
          0.6214760078808796,
          1.2207631450691125,
          1.1011833336181616,
          0.6214667252226826,
          0.6218460082436486,
          1.2184548633066599,
          0.621540602216757,
          0.6214019528753677,
          0.6214580600499998,
          0.7909347338007884,
          0.6213748545968323,
          0.6226733928230296,
          0.6219056230888038,
          0.6212848731016126,
          0.6217179624974601,
          0.623461875788742,
          0.6217787581167997,
          0.0,
          0.6405963732888351,
          0.6218675343319773,
          0.7636483633561665,
          0.6320306786573573,
          0.6214499107946339,
          0.6224286565470807,
          0.6217680429056843,
          1.7711888057443335,
          0.6214028458823392,
          0.6224048651843649,
          0.621905598553117,
          0.6214190148450583
        ],
        [
          1.9941383373771315,
          1.2395608329339725,
          7.538185682291225,
          3.337246247629381,
          1.9242098240332015,
          1.0397145014056801,
          1.5522301444047284,
          1.3420249487714162,
          12.004258721895722,
          2.381305372622508,
          2.08803538700111,
          0.9300868890268671,
          4.0874760502125485,
          0.6198158528886671,
          4.265791052538302,
          0.6247199660453672,
          2.1697349680544593,
          3.102600260393404,
          1.2476623131255697,
          2.2489109263594793,
          0.6405963732888351,
          0.0,
          0.8260678763663628,
          6.0507887109929674,
          7.326864300336699,
          2.791323067342989,
          0.8131915359488797,
          0.6204090861292252,
          4.386601395216996,
          1.1817124831207213,
          1.923487291195577,
          2.5147626129991583,
          0.933169025087443
        ],
        [
          0.6308702542447363,
          0.621555127557279,
          0.624198708688718,
          0.6215000742380217,
          0.934305682483854,
          1.103396985805051,
          0.6263419895530375,
          0.6224181076082747,
          1.29317902130339,
          0.930638455728818,
          0.9361944597896529,
          0.932303346730121,
          0.6248976643699524,
          1.2014798781271545,
          1.7956909295170553,
          0.628382502978032,
          0.6213131934587526,
          0.6226142735730585,
          0.6223553434997098,
          0.6252370784939205,
          0.6218675343319773,
          0.8260678763663628,
          0.0,
          0.7839730593768791,
          0.8278091916761562,
          0.621845109683139,
          1.0327896749626615,
          0.71617885097226,
          0.6384491308980133,
          0.9321055912163482,
          0.6235495729305729,
          2.0681037494809966,
          0.6216771982633176
        ],
        [
          0.9526513826244202,
          0.6207461982585394,
          2.656622373578834,
          0.6216280795803008,
          1.7014563826980669,
          1.5235696163878103,
          1.8618529906586478,
          0.9348832106537834,
          5.797181068725983,
          0.630827578901327,
          1.2440446300681336,
          0.9303462607513814,
          1.8710515830466292,
          0.9305417716383655,
          1.1421120071177184,
          0.6222457364750211,
          0.6205196096990743,
          1.552785957904806,
          1.896371300036629,
          0.6241817711802808,
          0.7636483633561665,
          6.0507887109929674,
          0.7839730593768791,
          0.0,
          1.289306771789455,
          0.6211173890942814,
          0.6259841818677884,
          0.6205359925301251,
          2.7437853119865316,
          0.9340533300261216,
          0.623086147683187,
          1.0292781479755748,
          0.6207687289578109
        ],
        [
          2.0100560105102705,
          0.6215595811800562,
          0.6579166692913777,
          0.6335299065840914,
          0.6681335168806124,
          5.426596320794583,
          0.9177696283165219,
          1.1207478522726495,
          5.94760243321712,
          1.2895709470455594,
          1.4280352895627157,
          0.6223106209157042,
          0.9490911205771023,
          0.6214886375447487,
          1.5276266893144599,
          0.6258282298600112,
          0.6214127035148351,
          0.6235330873560657,
          1.0191300628186124,
          1.4545453642795552,
          0.6320306786573573,
          7.326864300336699,
          0.8278091916761562,
          1.289306771789455,
          0.0,
          0.6231440521091061,
          0.7438821803694361,
          0.6232103320254379,
          3.048222485573291,
          0.6245623552140991,
          0.625857315218699,
          1.1117537729836342,
          0.6219702947253879
        ],
        [
          0.623624582908519,
          0.621227567902159,
          0.6222498396345866,
          0.621194357324298,
          0.6259465614426526,
          1.442029113275818,
          0.621077901021791,
          0.6220140076248472,
          0.9387344665999933,
          0.621673143159022,
          2.1866581819119437,
          0.6210784902133981,
          0.6231371975374682,
          0.6206987358943177,
          0.6230381170458632,
          0.6213162913719215,
          0.6210669418922777,
          0.6225380752576786,
          0.6208428197918657,
          0.7796964880471191,
          0.6214499107946339,
          2.791323067342989,
          0.621845109683139,
          0.6211173890942814,
          0.6231440521091061,
          0.0,
          0.6691431459788484,
          0.6210150848807255,
          0.9308971437820523,
          0.6210669543629884,
          0.6224038184289987,
          1.2910183693500874,
          0.6212364230260987
        ],
        [
          0.9844556266429072,
          0.6212786823574908,
          0.6276898841455093,
          0.6700738935880702,
          0.6316853014113539,
          4.442065477485795,
          0.6215344143607264,
          0.6223087117784806,
          1.2193123510808384,
          0.6231093085017386,
          0.9332485735306522,
          0.621982348119142,
          0.6258409443277066,
          0.8086038682075571,
          0.6267402584705866,
          0.6230394241456808,
          0.6218947851058634,
          0.935793443092282,
          2.110874542720248,
          0.6228948393374492,
          0.6224286565470807,
          0.8131915359488797,
          1.0327896749626615,
          0.6259841818677884,
          0.7438821803694361,
          0.6691431459788484,
          0.0,
          1.2482369731356984,
          0.9570076926483962,
          0.6217791246531028,
          0.623862363916127,
          1.0008587488626963,
          0.6217631277351493
        ],
        [
          0.9746905903807455,
          0.6207774287258149,
          0.6208947331307729,
          0.6210643999224483,
          0.6284125221918316,
          3.446564712092459,
          0.6208263211729778,
          0.6212369265819025,
          0.6242932595497284,
          0.6208942822601607,
          0.6209593773802994,
          0.6208713837444999,
          0.6231327289447157,
          0.8046802015690684,
          0.6216508688768912,
          0.6220135597667314,
          0.6209044348116659,
          0.6213146392217282,
          0.6573437359442444,
          0.6211071450824548,
          0.6217680429056843,
          0.6204090861292252,
          0.71617885097226,
          0.6205359925301251,
          0.6232103320254379,
          0.6210150848807255,
          1.2482369731356984,
          0.0,
          0.6205352087932536,
          0.6207270770580541,
          0.6263501467443372,
          0.6286379719435035,
          0.6212747782241701
        ],
        [
          1.5711291123749336,
          2.1698146751546483,
          1.2360927620299824,
          1.8475694285277235,
          0.625109982924361,
          2.237705654484876,
          0.6206699329860128,
          0.6226495613297572,
          3.866951114043104,
          0.947681358942685,
          1.2372006480514273,
          1.2398802348989657,
          0.6244883780818633,
          0.9299819681417701,
          1.7792329207222815,
          1.5357708792204197,
          0.6201993338361167,
          0.9325816502821525,
          0.6225377323758027,
          1.432412551947457,
          1.7711888057443335,
          4.386601395216996,
          0.6384491308980133,
          2.7437853119865316,
          3.048222485573291,
          0.9308971437820523,
          0.9570076926483962,
          0.6205352087932536,
          0.0,
          1.8467065707680674,
          1.242474837591307,
          1.2386241848750645,
          0.6204271804617284
        ],
        [
          0.937509915611562,
          0.6207208624785946,
          1.8668569524357095,
          0.6363268270390817,
          0.6606554558312754,
          0.6206191800676083,
          0.931234994193734,
          0.6222715200598075,
          2.1844358034067577,
          0.6215437900285867,
          1.8633652669249436,
          0.6207274117195891,
          0.6444994533658338,
          0.6204005218627576,
          0.936915503252376,
          0.6229665059652665,
          0.6209264468690606,
          0.621526091698288,
          0.6204626239820255,
          1.2439956630082232,
          0.6214028458823392,
          1.1817124831207213,
          0.9321055912163482,
          0.9340533300261216,
          0.6245623552140991,
          0.6210669543629884,
          0.6217791246531028,
          0.6207270770580541,
          1.8467065707680674,
          0.0,
          0.9343592424783594,
          0.6232968731196229,
          0.6209616897491778
        ],
        [
          1.6291506003647904,
          0.6214175585218664,
          0.9409320613834086,
          0.6216180826080455,
          2.132174159093958,
          2.1876522526339017,
          0.62148595111283,
          0.9361273683111944,
          3.0590409036648345,
          0.6226446554807114,
          1.1099006796916429,
          0.6213893902814807,
          0.6810599215599006,
          0.931540464965748,
          0.7994132449985316,
          0.6406256434991376,
          0.6213097839904264,
          0.6223610888519329,
          0.6227725537664198,
          0.6278138988396698,
          0.6224048651843649,
          1.923487291195577,
          0.6235495729305729,
          0.623086147683187,
          0.625857315218699,
          0.6224038184289987,
          0.623862363916127,
          0.6263501467443372,
          1.242474837591307,
          0.9343592424783594,
          0.0,
          2.521756639939849,
          0.6222537309893222
        ],
        [
          7.393290226604503,
          1.5498434859972985,
          1.7071302873526126,
          0.6223343690354431,
          8.627112722695474,
          1.647173222842367,
          0.9124243585536745,
          0.6265751519060517,
          4.241211532428588,
          2.5400179273240315,
          6.907829671972542,
          1.2398760417903758,
          6.599258086916034,
          0.6201300681987487,
          3.209313737043829,
          0.6341972714182617,
          0.6200662868012812,
          0.6232276635610089,
          0.6263502228080241,
          5.150990786920601,
          0.621905598553117,
          2.5147626129991583,
          2.0681037494809966,
          1.0292781479755748,
          1.1117537729836342,
          1.2910183693500874,
          1.0008587488626963,
          0.6286379719435035,
          1.2386241848750645,
          0.6232968731196229,
          2.521756639939849,
          0.0,
          0.7597804048531702
        ],
        [
          1.02754522807432,
          0.6211117698603208,
          0.9451961690915429,
          0.6210864409483743,
          0.6329581289679452,
          1.010365089968678,
          0.6210628033955615,
          0.6215031384887773,
          1.5350687482005176,
          0.6215418208573485,
          0.6230958780766369,
          0.6211772730701147,
          0.6233399807268136,
          0.6206920226160866,
          0.6271267432830431,
          0.6216660874681084,
          0.621040307469812,
          0.6214394579594897,
          0.6210684012105487,
          0.6223811893732684,
          0.6214190148450583,
          0.933169025087443,
          0.6216771982633176,
          0.6207687289578109,
          0.6219702947253879,
          0.6212364230260987,
          0.6217631277351493,
          0.6212747782241701,
          0.6204271804617284,
          0.6209616897491778,
          0.6222537309893222,
          0.7597804048531702,
          0.0
        ]
      ]
    }
  },
  "nodes": {
    "EPI_ISL_402120": {
      "country": "China",
      "country_confidence": {
        "China": 1.0
      },
      "country_entropy": -1.000088900581841e-12
    },
    "EPI_ISL_402121": {
      "country": "China",
      "country_confidence": {
        "China": 1.0
      },
      "country_entropy": -1.000088900581841e-12
    },
    "EPI_ISL_402125": {
      "country": "China",
      "country_confidence": {
        "China": 1.0
      },
      "country_entropy": -1.000088900581841e-12
    },
    "EPI_ISL_402132": {
      "country": "China",
      "country_confidence": {
        "China": 1.0
      },
      "country_entropy": -1.000088900581841e-12
    },
    "EPI_ISL_403929": {
      "country": "China",
      "country_confidence": {
        "China": 1.0
      },
      "country_entropy": -1.000088900581841e-12
    },
    "EPI_ISL_403932": {
      "country": "China",
      "country_confidence": {
        "China": 1.0
      },
      "country_entropy": -1.000088900581841e-12
    },
    "EPI_ISL_404227": {
      "country": "China",
      "country_confidence": {
        "China": 1.0
      },
      "country_entropy": -1.000088900581841e-12
    },
    "EPI_ISL_404228": {
      "country": "China",
      "country_confidence": {
        "China": 1.0
      },
      "country_entropy": -1.000088900581841e-12
    },
    "EPI_ISL_406031": {
      "country": "Taiwan",
      "country_confidence": {
        "Taiwan": 0.9999999999999999
      },
      "country_entropy": -9.99866855976916e-13
    },
    "EPI_ISL_406538": {
      "country": "China",
      "country_confidence": {
        "China": 1.0
      },
      "country_entropy": -1.000088900581841e-12
    },
    "EPI_ISL_406593": {
      "country": "China",
      "country_confidence": {
        "China": 1.0
      },
      "country_entropy": -1.000088900581841e-12
    },
    "EPI_ISL_406594": {
      "country": "China",
      "country_confidence": {
        "China": 1.0
      },
      "country_entropy": -1.000088900581841e-12
    },
    "EPI_ISL_406716": {
      "country": "China",
      "country_confidence": {
        "China": 1.0
      },
      "country_entropy": -1.000088900581841e-12
    },
    "EPI_ISL_406862": {
      "country": "Germany",
      "country_confidence": {
        "Germany": 1.0
      },
      "country_entropy": -1.000088900581841e-12
    },
    "EPI_ISL_406973": {
      "country": "Singapore",
      "country_confidence": {
        "Singapore": 1.0
      },
      "country_entropy": -1.000088900581841e-12
    },
    "EPI_ISL_407079": {
      "country": "Finland",
      "country_confidence": {
        "Finland": 1.0
      },
      "country_entropy": -1.000088900581841e-12
    },
    "EPI_ISL_407193": {
      "country": "South Korea",
      "country_confidence": {
        "South Korea": 1.0
      },
      "country_entropy": -1.000088900581841e-12
    },
    "EPI_ISL_407976": {
      "country": "Belgium",
      "country_confidence": {
        "Belgium": 1.0
      },
      "country_entropy": -1.000088900581841e-12
    },
    "EPI_ISL_407987": {
      "country": "Singapore",
      "country_confidence": {
        "Singapore": 1.0
      },
      "country_entropy": -1.000088900581841e-12
    },
    "EPI_ISL_407988": {
      "country": "Singapore",
      "country_confidence": {
        "Singapore": 1.0
      },
      "country_entropy": -1.000088900581841e-12
    },
    "EPI_ISL_408430": {
      "country": "France",
      "country_confidence": {
        "France": 1.0
      },
      "country_entropy": -1.000088900581841e-12
    },
    "EPI_ISL_408479": {
      "country": "China",
      "country_confidence": {
        "China": 1.0
      },
      "country_entropy": -1.000088900581841e-12
    },
    "EPI_ISL_408480": {
      "country": "China",
      "country_confidence": {
        "China": 1.0
      },
      "country_entropy": -1.000088900581841e-12
    },
    "EPI_ISL_408486": {
      "country": "China",
      "country_confidence": {
        "China": 1.0
      },
      "country_entropy": -1.000088900581841e-12
    },
    "EPI_ISL_408489": {
      "country": "Taiwan",
      "country_confidence": {
        "Taiwan": 1.0
      },
      "country_entropy": -1.000088900581841e-12
    },
    "EPI_ISL_408514": {
      "country": "China",
      "country_confidence": {
        "China": 1.0
      },
      "country_entropy": -1.000088900581841e-12
    },
    "EPI_ISL_408515": {
      "country": "China",
      "country_confidence": {
        "China": 1.0
      },
      "country_entropy": -1.000088900581841e-12
    },
    "EPI_ISL_408665": {
      "country": "Japan",
      "country_confidence": {
        "Japan": 1.0
      },
      "country_entropy": -1.000088900581841e-12
    },
    "EPI_ISL_408666": {
      "country": "Japan",
      "country_confidence": {
        "Japan": 1.0
      },
      "country_entropy": -1.000088900581841e-12
    },
    "EPI_ISL_408667": {
      "country": "Japan",
      "country_confidence": {
        "Japan": 1.0
      },
      "country_entropy": -1.000088900581841e-12
    },
    "EPI_ISL_408669": {
      "country": "Japan",
      "country_confidence": {
        "Japan": 1.0
      },
      "country_entropy": -1.000088900581841e-12
    },
    "EPI_ISL_410218": {
      "country": "Taiwan",
      "country_confidence": {
        "Taiwan": 1.0
      },
      "country_entropy": -1.000088900581841e-12
    },
    "EPI_ISL_410531": {
      "country": "Japan",
      "country_confidence": {
        "Japan": 1.0
      },
