Map from character to field name
A:	Argentina
B:	Australia
C:	Austria
D:	Bangladesh
E:	Belgium
F:	Bosnia and Herzegovina
G:	Brazil
H:	Canada
I:	Chile
J:	China
K:	Colombia
L:	Czech Republic
M:	Democratic Republic of the Congo
N:	Denmark
O:	Finland
P:	France
Q:	Georgia
R:	Germany
S:	Greece
T:	Hong Kong
U:	Hungary
V:	Iceland
W:	India
X:	Israel
Y:	Italy
Z:	Japan
[:	Jordan
\:	Kazakhstan
]:	Latvia
^:	Luxembourg
_:	Malaysia
`:	Mexico
a:	Morocco
b:	Netherlands
c:	New Zealand
d:	Nigeria
e:	Norway
f:	Oman
g:	Poland
h:	Portugal
i:	Romania
j:	Russia
k:	Saudi Arabia
l:	Senegal
m:	Singapore
n:	South Africa
o:	South Korea
p:	Spain
q:	Sweden
r:	Switzerland
s:	Taiwan
t:	Thailand
u:	Turkey
v:	USA
w:	Uganda
x:	United Arab Emirates
y:	United Kingdom
z:	Uruguay
{:	Vietnam
|:	?


Substitution rate (mu): 334.648494

Equilibrium frequencies (pi_i):
  A: 0.0184
  B: 0.0176
  C: 0.018
  D: 0.0158
  E: 0.0172
  F: 0.0182
  G: 0.0156
  H: 0.0173
  I: 0.0168
  J: 0.0101
  K: 0.0185
  L: 0.0171
  M: 0.0175
  N: 0.0147
  O: 0.0187
  P: 0.015
  Q: 0.0182
  R: 0.0143
  S: 0.0187
  T: 0.0156
  U: 0.0189
  V: 0.0186
  W: 0.0182
  X: 0.018
  Y: 0.0124
  Z: 0.0158
  [: 0.0186
  \: 0.0186
  ]: 0.0175
  ^: 0.0163
  _: 0.0181
  `: 0.0181
  a: 0.0184
  b: 0.0169
  c: 0.0184
  d: 0.0186
  e: 0.0187
  f: 0.0179
  g: 0.017
  h: 0.0166
  i: 0.0184
  j: 0.015
  k: 0.0173
  l: 0.0182
  m: 0.0157
  n: 0.0181
  o: 0.0153
  p: 0.0143
  q: 0.0134
  r: 0.0141
  s: 0.0171
  t: 0.0163
  u: 0.0184
  v: 0.0164
  w: 0.0189
  x: 0.0167
  y: 0.0169
  z: 0.0181
  {: 0.0164

Symmetrized rates from j->i (W_ij):
	A	B	C	D	E	F	G	H	I	J	K	L	M	N	O	P	Q	R	S	T	U	V	W	X	Y	Z	[	\	]	^	_	`	a	b	c	d	e	f	g	h	i	j	k	l	m	n	o	p	q	r	s	t	u	v	w	x	y	z	{
  A	0	0.8086	0.7751	0.7799	0.8784	0.762	0.979	1.2178	1.7031	0.7795	1.2772	0.7943	0.759	0.778	0.778	1.0326	0.755	1.3091	0.7613	0.7549	1.3674	0.7607	0.7628	1.3948	1.388	0.7709	0.7637	0.7533	0.7583	0.7692	0.7554	0.7742	0.7569	1.6604	0.8514	0.7525	0.8122	0.7656	1.1764	0.9465	0.7558	0.835	0.8117	0.7581	0.7566	1.1419	0.7521	2.4178	0.8381	0.8338	0.765	0.7536	0.7574	0.8432	1.1149	0.7589	0.8066	0.7539	1.3253
  B	0.8086	0	0.8304	1.8936	1.5416	0.8346	1.268	1.1009	2.0377	4.9937	1.2635	1.2179	0.9244	0.989	0.9101	1.3473	1.035	1.2962	1.4116	2.8568	0.8224	0.7765	2.0844	1.1764	1.0249	1.3058	0.8602	1.2716	0.8884	0.8181	0.7922	1.2016	0.7683	2.3028	0.805	1.4428	0.9446	2.454	1.1896	1.069	1.0295	1.1829	2.1536	0.9574	0.8128	0.8729	0.7726	1.1566	1.0214	0.9148	1.2324	0.7883	1.0432	2.8551	1.0601	1.7372	0.8557	0.7658	0.8424
  C	0.7751	0.8304	0	1.1074	1.1315	0.8068	0.8129	0.772	0.8061	0.8401	0.8361	0.7884	0.7678	1.5588	1.0676	0.9334	0.7611	2.4959	1.0639	0.7603	0.7673	0.851	1.0435	0.8226	1.5522	0.8541	0.8347	0.7571	0.7698	0.9542	0.7834	1.0454	1.0511	1.6459	0.7959	0.757	1.7238	1.0681	1.4175	1.084	0.7601	0.8192	1.1529	0.7671	0.7883	0.7611	0.7673	1.4238	1.2696	2.145	1.0099	0.7605	0.7672	1.0068	0.8713	0.7796	0.9476	1.0362	0.8336
  D	0.7799	1.8936	1.1074	0	1.312	0.9054	2.7539	0.7739	1.2545	0.8003	0.7739	1.1984	1.0494	0.9839	1.03	0.8774	0.7623	1.6848	1.1437	0.7661	0.7641	0.7731	1.7817	0.8674	2.6194	1.2241	0.7973	0.7582	0.9071	1.0607	0.9495	0.789	0.9001	1.3238	0.7967	0.7588	0.8723	0.8071	1.22	1.1247	0.7605	1.1761	1.3608	0.8501	0.9982	0.7685	0.7571	0.8003	2.4851	1.6502	0.8007	0.7613	1.1523	1.8168	0.9258	1.1592	1.289	0.7878	0.9682
  E	0.8784	1.5416	1.1315	1.312	0	1.0436	1.124	1.032	1.142	0.8184	1.0451	0.9999	1.8319	0.918	0.8388	1.3771	0.7684	1.8641	0.796	0.7737	1.5754	1.2496	1.1846	0.7822	3.7252	0.8647	1.0523	1.0318	0.7774	1.6064	0.761	0.7788	0.8824	1.8457	1.1301	0.7593	0.8471	0.9587	4.1145	1.7938	0.7641	1.2505	0.7824	0.8144	0.7698	0.8989	0.7577	1.4236	1.3746	1.868	1.1791	0.7623	1.3831	1.2256	0.7711	0.7875	1.4792	0.8725	1.0292
  F	0.762	0.8346	0.8068	0.9054	1.0436	0	2.4112	0.8268	0.8746	0.8525	1.0441	0.7647	0.7596	0.7671	0.7585	1.0319	0.7567	1.281	0.7913	0.7581	0.7573	0.8045	0.7682	1.0565	1.6711	1.0531	0.7662	0.7545	0.7698	0.7701	0.7565	0.7583	0.7877	1.1995	0.7772	0.7544	1.1292	1.0224	1.1867	0.7901	0.758	1.0897	0.932	1.0478	0.7588	0.7561	0.7544	0.7654	0.8063	1.256	0.8039	0.7575	0.9412	0.8747	0.7577	0.8147	0.7789	0.7544	0.9657
  G	0.979	1.268	0.8129	2.7539	1.124	2.4112	0	0.7897	1.1675	1.0659	0.7905	1.1093	0.8027	1.2469	0.873	1.1701	0.7646	3.4778	0.8142	0.7658	0.7829	0.8343	0.9577	1.1597	2.421	1.8524	1.3674	0.7858	0.8646	0.9367	0.7635	0.7945	1.411	2.4406	1.1104	0.7592	0.7883	0.966	1.868	1.8904	0.7655	1.2668	1.8971	0.9116	0.7868	0.7697	0.7593	0.8192	0.9112	2.0822	1.0722	0.8177	0.8621	1.2667	0.7845	1.6478	1.6145	0.761	1.4724
  H	1.2178	1.1009	0.772	0.7739	1.032	0.8268	0.7897	0	1.1693	1.0716	1.6321	0.7627	1.1564	2.1786	1.0112	2.2394	0.7801	1.6002	0.8463	0.91	0.7591	0.7601	0.9282	1.3491	1.0124	1.4011	0.7626	0.7561	0.7986	1.0594	0.7592	0.7609	0.7579	0.8596	1.0237	0.806	1.0217	0.996	0.8736	0.767	0.7565	0.7676	1.0075	0.7716	1.1337	0.7685	0.7556	0.769	2.0428	0.8046	1.2698	0.7585	0.7601	2.5934	0.7581	0.8681	1.5239	0.7545	0.9068
  I	1.7031	2.0377	0.8061	1.2545	1.142	0.8746	1.1675	1.1693	0	1.4957	1.4	1.1729	0.7708	0.8204	0.7951	1.8075	0.7612	1.5228	1.0101	1.1128	1.0558	0.7841	0.8021	0.7887	1.7853	1.0292	1.5821	0.7585	0.766	0.7726	1.2209	1.3695	1.1321	0.8765	1.2412	0.7576	0.813	0.9175	1.4344	1.9764	0.7648	0.7869	1.0303	0.7758	0.9652	0.7624	0.7562	2.774	0.8754	1.3606	0.7719	0.7817	0.7676	0.8354	0.7902	0.7721	1.8014	0.7703	1.1585
  J	0.7795	4.9937	0.8401	0.8003	0.8184	0.8525	1.0659	1.0716	1.4957	0	0.8782	0.7687	0.7642	0.9545	0.7669	2.2525	1.0218	1.1181	0.9986	4.8098	0.7652	0.8768	1.4784	1.0868	1.4422	5.4213	0.8502	0.7707	0.8923	0.7717	0.984	1.292	0.7656	1.0917	0.9437	0.7666	1.3274	1.2936	0.7836	0.7795	0.7666	1.2255	1.0495	0.7801	5.6081	0.8347	5.0759	2.6451	1.3232	1.1802	4.9918	5.9244	0.8633	6.6012	0.7628	2.279	1.6352	0.9253	1.9129
  K	1.2772	1.2635	0.8361	0.7739	1.0451	1.0441	0.7905	1.6321	1.4	0.8782	0	0.7871	0.7622	1.3697	1.7384	1.0033	0.7581	1.319	0.9249	0.7588	0.7608	0.7597	0.7687	0.7624	1.3046	0.7984	0.7744	0.7553	0.7616	1.0563	0.9298	0.8699	0.7578	0.9204	0.7672	0.7556	0.8344	0.764	0.772	1.1014	1.0607	0.7657	1.9129	0.762	0.7649	0.7567	0.7572	1.4275	0.9193	0.784	0.8193	0.7571	0.7623	1.4452	0.7575	0.8378	1.0861	1.1335	1.1436
  L	0.7943	1.2179	0.7884	1.1984	0.9999	0.7647	1.1093	0.7627	1.1729	0.7687	0.7871	0	0.7704	1.4158	0.7594	0.8431	0.7574	1.5291	0.8261	0.7578	0.8139	0.7673	1.0523	0.7601	2.4001	1.3143	0.7724	0.7537	0.7902	0.8228	0.7581	1.0575	0.7721	1.1747	0.7706	0.7559	1.0116	0.7669	1.1238	1.5619	0.7607	1.2202	0.7729	0.7595	1.0105	0.7569	0.753	0.7703	1.402	0.9072	0.7672	0.7551	0.7601	0.7733	0.7584	0.7623	0.8416	0.7562	0.9192
  M	0.759	0.9244	0.7678	1.0494	1.8319	0.7596	0.8027	1.1564	0.7708	0.7642	0.7622	0.7704	0	0.763	1.0428	1.431	1.3419	2.1974	0.7614	0.7539	0.756	0.7585	1.2011	0.7579	1.0441	0.7643	0.7587	0.7527	0.7967	1.7298	0.7536	0.7567	0.7587	1.6355	0.7634	0.7757	0.7596	0.7646	1.5322	0.7793	0.7547	0.7647	0.9677	0.7873	0.7741	0.7554	0.7513	0.952	0.7996	1.0875	0.7658	0.7526	0.7705	0.7762	0.7567	0.7606	1.4133	0.7532	0.7661
  N	0.778	0.989	1.5588	0.9839	0.918	0.7671	1.2469	2.1786	0.8204	0.9545	1.3697	1.4158	0.763	0	1.771	1.7642	1.1343	2.0456	0.7662	0.7579	1.5143	1.1822	0.7696	1.7103	1.5195	0.7713	1.1827	0.7558	0.7678	1.4156	0.7567	0.8753	1.1368	1.1793	1.5466	0.755	1.9179	1.1503	0.7737	1.0937	0.7575	1.1551	0.7642	0.7638	1.1896	0.7564	0.755	1.1531	2.461	1.4353	1.0191	0.7566	0.7594	3.9447	0.7586	0.7667	0.8225	0.7561	1.153
  O	0.778	0.9101	1.0676	1.03	0.8388	0.7585	0.873	1.0112	0.7951	0.7669	1.7384	0.7594	1.0428	1.771	0	1.2503	0.7554	0.9143	0.9027	0.7543	0.7598	0.7569	1.032	0.7582	0.9	0.7735	1.125	0.7527	0.7576	1.1346	0.8257	0.7573	0.756	0.8016	0.786	0.7534	0.7624	0.7595	1.0976	1.002	0.7545	0.7604	1.1564	0.7601	0.7583	0.7542	0.7516	0.9796	0.8683	0.7762	0.7607	0.7535	0.7565	0.778	0.7553	0.7582	0.8637	0.7542	0.7608
  P	1.0326	1.3473	0.9334	0.8774	1.3771	1.0319	1.1701	2.2394	1.8075	2.2525	1.0033	0.8431	1.431	1.7642	1.2503	0	0.8954	0.8614	0.971	0.7785	1.1464	0.7831	0.8897	2.0054	2.7433	1.2228	0.8927	0.877	0.8151	2.3218	0.9397	0.828	0.9665	1.6411	0.8548	1.4317	1.0106	0.872	1.6794	1.2662	0.7949	1.6154	0.8765	3.2048	0.9937	0.7725	0.7705	1.1306	4.8591	1.7043	0.8994	0.771	1.1584	2.3226	0.9081	1.213	0.9446	0.7604	1.9016
  Q	0.755	1.035	0.7611	0.7623	0.7684	0.7567	0.7646	0.7801	0.7612	1.0218	0.7581	0.7574	1.3419	1.1343	0.7554	0.8954	0	0.9019	0.7754	0.8003	0.7563	0.7556	0.7829	0.7559	1.5416	0.7925	0.757	0.7521	0.7571	0.8883	0.7531	0.8539	0.7535	0.7659	0.759	0.754	0.7782	1.4203	0.7628	0.7595	0.7531	0.7824	0.7561	0.7555	0.97	0.7629	0.7529	1.5233	1.1467	0.7948	0.8022	0.7595	0.7554	1.1501	0.7543	0.9701	1.1315	0.7526	0.7599
  R	1.3091	1.2962	2.4959	1.6848	1.8641	1.281	3.4778	1.6002	1.5228	1.1181	1.319	1.5291	2.1974	2.0456	0.9143	0.8614	0.9019	0	1.5337	0.9732	0.7796	1.055	1.4547	0.7922	4.5	1.4428	1.0343	0.7622	1.2913	1.5553	0.7653	0.8661	1.0572	2.3946	1.3051	0.7626	1.0155	0.8152	1.7463	1.9539	0.7703	1.3848	0.7801	1.6792	1.0544	0.777	0.7623	1.5371	1.8269	4.4725	1.0002	0.8087	1.0126	1.0507	0.96	1.2755	2.6339	0.7979	1.2623
  S	0.7613	1.4116	1.0639	1.1437	0.796	0.7913	0.8142	0.8463	1.0101	0.9986	0.9249	0.8261	0.7614	0.7662	0.9027	0.971	0.7754	1.5337	0	0.7587	0.7614	0.7624	1.1047	0.7784	1.5883	0.816	1.418	0.755	0.8707	0.7758	0.776	0.7613	0.7953	0.8716	1.4273	0.992	0.7755	0.7667	1.5399	0.9858	0.7571	0.7823	0.8079	0.7609	0.8024	0.7614	0.755	0.9112	1.4065	1.0586	0.767	0.7632	0.7634	0.7846	0.7608	0.77	2.9838	0.7555	0.7671
  T	0.7549	2.8568	0.7603	0.7661	0.7737	0.7581	0.7658	0.91	1.1128	4.8098	0.7588	0.7578	0.7539	0.7579	0.7543	0.7785	0.8003	0.9732	0.7587	0	0.7541	0.7556	0.7621	0.7576	0.8741	1.6144	0.7586	0.7525	0.7622	0.7581	0.7569	0.7931	0.7551	0.8932	0.8996	0.7534	0.7659	0.8255	0.762	0.7765	0.7532	0.7588	0.9769	0.7557	0.7684	0.7538	0.7717	0.7616	1.149	0.7706	0.9072	1.3129	0.7572	1.1031	0.7547	1.7453	0.7662	0.7545	0.9849
  U	1.3674	0.8224	0.7673	0.7641	1.5754	0.7573	0.7829	0.7591	1.0558	0.7652	0.7608	0.8139	0.756	1.5143	0.7598	1.1464	0.7563	0.7796	0.7614	0.7541	0	0.8041	0.7604	0.7564	0.9962	1.7748	0.7637	0.7526	0.7562	0.7599	0.7538	0.7751	0.7597	1.0547	0.7627	0.7521	0.7591	0.7592	0.8385	1.1842	0.7544	0.7632	0.7552	0.7551	0.7555	0.7664	0.751	2.7712	0.7654	1.0309	0.7591	0.7526	0.7561	0.7631	0.7533	0.7562	1.4843	0.7524	0.8435
  V	0.7607	0.7765	0.851	0.7731	1.2496	0.8045	0.8343	0.7601	0.7841	0.8768	0.7597	0.7673	0.7585	1.1822	0.7569	0.7831	0.7556	1.055	0.7624	0.7556	0.8041	0	1.0061	0.7864	1.1022	0.8388	1.0534	0.7532	0.7618	0.9816	0.7541	1.0198	0.7681	0.9302	0.9097	0.7528	0.7617	0.8239	1.4329	0.7682	0.7555	0.8417	0.7576	0.7587	0.7637	0.7564	0.7637	1.2778	0.8687	1.6879	0.765	0.7641	0.7598	0.8944	0.7563	0.7592	1.3069	0.7542	1.3115
  W	0.7628	2.0844	1.0435	1.7817	1.1846	0.7682	0.9577	0.9282	0.8021	1.4784	0.7687	1.0523	1.2011	0.7696	1.032	0.8897	0.7829	1.4547	1.1047	0.7621	0.7604	1.0061	0	0.7623	2.4415	0.8144	0.7724	0.7566	0.7863	2.0287	1.3612	1.0717	0.7791	1.2775	0.8171	0.8414	0.7683	1.5405	0.8013	0.8349	0.759	1.2007	1.7308	0.881	3.3022	0.977	0.7553	1.231	0.9224	1.3174	1.1622	1.1384	1.3421	0.8532	1.0195	0.7669	0.7933	0.7571	1.1721
  X	1.3948	1.1764	0.8226	0.8674	0.7822	1.0565	1.1597	1.3491	0.7887	1.0868	0.7624	0.7601	0.7579	1.7103	0.7582	2.0054	0.7559	0.7922	0.7784	0.7576	0.7564	0.7864	0.7623	0	0.7875	1.2151	0.7907	0.9854	1.0066	0.8105	0.7651	0.7584	0.7761	1.0905	0.8345	0.7545	1.1528	0.79	1.0176	0.7654	0.7552	0.7934	0.7612	0.8451	0.7611	0.7549	0.7759	0.762	2.491	0.9899	0.9839	0.8677	0.7583	1.4882	0.7586	0.7814	1.2059	0.7535	0.7716
  Y	1.388	1.0249	1.5522	2.6194	3.7252	1.6711	2.421	1.0124	1.7853	1.4422	1.3046	2.4001	1.0441	1.5195	0.9	2.7433	1.5416	4.5	1.5883	0.8741	0.9962	1.1022	2.4415	0.7875	0	2.2653	1.4506	0.7813	2.4812	3.3893	0.7805	1.2091	1.2347	2.9993	0.9335	0.7715	1.2008	1.7092	2.7806	2.3396	0.9893	4.4651	1.1649	1.1248	1.1262	1.9259	0.9575	1.8482	2.3867	5.044	1.3563	0.7906	0.914	0.8579	0.8248	0.9034	2.5729	0.855	1.1874
  Z	0.7709	1.3058	0.8541	1.2241	0.8647	1.0531	1.8524	1.4011	1.0292	5.4213	0.7984	1.3143	0.7643	0.7713	0.7735	1.2228	0.7925	1.4428	0.816	1.6144	1.7748	0.8388	0.8144	1.2151	2.2653	0	1.5682	0.7579	0.7916	0.775	1.9636	0.7661	1.4395	1.1013	0.9451	0.8965	0.8048	0.9026	0.8075	0.845	0.76	1.0009	0.7715	0.769	1.1692	0.7623	0.7928	0.8642	1.5132	1.9033	1.2158	1.1331	0.7668	0.8647	0.7622	1.5691	1.6898	0.7584	1.0992
  [	0.7637	0.8602	0.8347	0.7973	1.0523	0.7662	1.3674	0.7626	1.5821	0.8502	0.7744	0.7724	0.7587	1.1827	1.125	0.8927	0.757	1.0343	1.418	0.7586	0.7637	1.0534	0.7724	0.7907	1.4506	1.5682	0	0.7544	0.7606	0.7722	0.7576	0.7591	0.7637	1.2608	1.1326	0.755	0.7633	0.9386	0.7813	0.8	0.756	0.8912	1.15	0.9083	0.7598	0.7564	0.7646	1.031	0.872	1.497	0.7658	1.0539	0.7604	0.8617	1.0477	0.7674	1.065	0.7548	0.776
  \	0.7533	1.2716	0.7571	0.7582	1.0318	0.7545	0.7858	0.7561	0.7585	0.7707	0.7553	0.7537	0.7527	0.7558	0.7527	0.877	0.7521	0.7622	0.755	0.7525	0.7526	0.7532	0.7566	0.9854	0.7813	0.7579	0.7544	0	0.7532	0.7626	0.751	0.7535	0.7518	0.7631	0.7553	0.7507	0.757	0.9605	0.7797	0.7569	0.7515	0.7559	0.7537	0.7614	0.7523	0.7895	0.7501	0.9506	0.7635	0.7905	0.7672	0.7509	0.7551	0.9852	0.7523	0.7549	1.1074	0.7503	0.7552
  ]	0.7583	0.8884	0.7698	0.9071	0.7774	0.7698	0.8646	0.7986	0.766	0.8923	0.7616	0.7902	0.7967	0.7678	0.7576	0.8151	0.7571	1.2913	0.8707	0.7622	0.7562	0.7618	0.7863	1.0066	2.4812	0.7916	0.7606	0.7532	0	1.1049	0.7549	0.758	0.758	1.1551	0.763	0.7537	0.7967	0.7694	1.2421	0.8957	1.1467	0.812	0.9069	0.759	0.7624	0.7586	0.7536	0.7628	2.0078	1.8522	0.946	0.7574	1.1761	0.7792	0.7574	0.8274	1.0451	0.7542	0.7644
  ^	0.7692	0.8181	0.9542	1.0607	1.6064	0.7701	0.9367	1.0594	0.7726	0.7717	1.0563	0.8228	1.7298	1.4156	1.1346	2.3218	0.8883	1.5553	0.7758	0.7581	0.7599	0.9816	2.0287	0.8105	3.3893	0.775	0.7722	0.7626	1.1049	0	0.7586	1.011	0.791	1.9037	1.1224	0.7577	0.7843	0.7766	1.5166	0.7846	0.7637	1.1935	0.7689	1.0468	0.8219	0.7644	0.7548	0.7757	3.0217	1.5221	0.8305	0.7576	0.7786	1.1101	1.3989	0.7747	0.8697	0.7571	0.7786
  _	0.7554	0.7922	0.7834	0.9495	0.761	0.7565	0.7635	0.7592	1.2209	0.984	0.9298	0.7581	0.7536	0.7567	0.8257	0.9397	0.7531	0.7653	0.776	0.7569	0.7538	0.7541	1.3612	0.7651	0.7805	1.9636	0.7576	0.751	0.7549	0.7586	0	0.8693	0.7538	0.7622	0.7609	0.7532	0.7582	0.7568	0.7622	0.7609	0.7523	0.7572	2.1895	0.7557	2.683	0.7523	0.7526	0.7589	0.7671	0.7661	0.9827	1.1959	0.7559	1.0932	0.753	0.7579	0.7696	0.7512	0.7569
  `	0.7742	1.2016	1.0454	0.789	0.7788	0.7583	0.7945	0.7609	1.3695	1.292	0.8699	1.0575	0.7567	0.8753	0.7573	0.828	0.8539	0.8661	0.7613	0.7931	0.7751	1.0198	1.0717	0.7584	1.2091	0.7661	0.7591	0.7535	0.758	1.011	0.8693	0	0.7565	0.7716	0.7619	0.753	0.7629	0.762	0.7652	0.7838	0.799	0.7656	0.7734	0.757	0.9599	0.7554	0.7547	1.6642	0.7713	0.8067	1.0398	0.7559	0.7559	1.7339	0.7553	0.7588	1.156	1.1335	0.8114
  a	0.7569	0.7683	1.0511	0.9001	0.8824	0.7877	1.411	0.7579	1.1321	0.7656	0.7578	0.7721	0.7587	1.1368	0.756	0.9665	0.7535	1.0572	0.7953	0.7551	0.7597	0.7681	0.7791	0.7761	1.2347	1.4395	0.7637	0.7518	0.758	0.791	0.7538	0.7565	0	1.4785	0.7593	0.7521	0.7691	0.7835	0.7673	0.773	0.7536	0.8586	0.7568	0.99	0.7547	0.753	0.7515	0.8474	0.8531	1.7078	0.7612	0.7549	0.7565	0.9956	0.7542	0.7667	0.7782	0.7521	0.785
  b	1.6604	2.3028	1.6459	1.3238	1.8457	1.1995	2.4406	0.8596	0.8765	1.0917	0.9204	1.1747	1.6355	1.1793	0.8016	1.6411	0.7659	2.3946	0.8716	0.8932	1.0547	0.9302	1.2775	1.0905	2.9993	1.1013	1.2608	0.7631	1.1551	1.9037	0.7622	0.7716	1.4785	0	1.1222	0.7605	0.8451	1.3679	1.6251	3.1387	0.9023	0.9568	0.778	1.2753	0.7727	0.7669	0.7877	0.7909	0.9759	1.3841	1.294	0.7854	0.9803	1.4953	0.7838	1.1005	0.9347	0.7627	0.9844
  c	0.8514	0.805	0.7959	0.7967	1.1301	0.7772	1.1104	1.0237	1.2412	0.9437	0.7672	0.7706	0.7634	1.5466	0.786	0.8548	0.759	1.3051	1.4273	0.8996	0.7627	0.9097	0.8171	0.8345	0.9335	0.9451	1.1326	0.7553	0.763	1.1224	0.7609	0.7619	0.7593	1.1222	0	0.7552	1.087	0.7797	0.7772	0.9639	0.7871	0.7688	0.8296	0.7685	1.0862	1.0385	0.7568	1.2532	1.1526	1.074	0.8856	1.229	0.7618	2.1953	1.0117	1.1384	2.2275	0.7565	0.7764
  d	0.7525	1.4428	0.757	0.7588	0.7593	0.7544	0.7592	0.806	0.7576	0.7666	0.7556	0.7559	0.7757	0.755	0.7534	1.4317	0.754	0.7626	0.992	0.7534	0.7521	0.7528	0.8414	0.7545	0.7715	0.8965	0.755	0.7507	0.7537	0.7577	0.7532	0.753	0.7521	0.7605	0.7552	0	0.7559	0.7571	0.7581	0.7563	0.7513	0.7555	0.8838	1.0469	0.8014	0.7514	0.75	0.7559	0.9099	0.7634	0.7564	0.7514	0.7533	0.7611	0.7532	0.7551	0.9598	0.7501	0.7547
  e	0.8122	0.9446	1.7238	0.8723	0.8471	1.1292	0.7883	1.0217	0.813	1.3274	0.8344	1.0116	0.7596	1.9179	0.7624	1.0106	0.7782	1.0155	0.7755	0.7659	0.7591	0.7617	0.7683	1.1528	1.2008	0.8048	0.7633	0.757	0.7967	0.7843	0.7582	0.7629	0.7691	0.8451	1.087	0.7559	0	1.0051	0.7976	0.7743	0.7738	0.8315	0.8154	0.7615	0.8489	0.7825	0.7593	0.768	1.5909	0.9747	1.6756	0.7679	0.7624	0.8971	0.759	1.2143	1.5234	0.7562	0.7803
  f	0.7656	2.454	1.0681	0.8071	0.9587	1.0224	0.966	0.996	0.9175	1.2936	0.764	0.7669	0.7646	1.1503	0.7595	0.872	1.4203	0.8152	0.7667	0.8255	0.7592	0.8239	1.5405	0.79	1.7092	0.9026	0.9386	0.9605	0.7694	0.7766	0.7568	0.762	0.7835	1.3679	0.7797	0.7571	1.0051	0	0.8565	0.8404	0.7583	0.8786	0.7858	0.7815	0.7616	1.0748	0.7652	1.2888	0.9419	1.2303	1.3276	0.7742	1.844	0.8336	1.3865	1.4484	0.7994	1.0345	0.768
  g	1.1764	1.1896	1.4175	1.22	4.1145	1.1867	1.868	0.8736	1.4344	0.7836	0.772	1.1238	1.5322	0.7737	1.0976	1.6794	0.7628	1.7463	1.5399	0.762	0.8385	1.4329	0.8013	1.0176	2.7806	0.8075	0.7813	0.7797	1.2421	1.5166	0.7622	0.7652	0.7673	1.6251	0.7772	0.7581	0.7976	0.8565	0	1.7565	0.7615	0.8842	1.0958	0.7729	0.9913	0.8317	0.7562	0.8752	1.0566	1.6334	0.8059	0.7594	1.5611	0.7825	0.7685	0.8523	1.9909	1.0263	1.2025
  h	0.9465	1.069	1.084	1.1247	1.7938	0.7901	1.8904	0.767	1.9764	0.7795	1.1014	1.5619	0.7793	1.0937	1.002	1.2662	0.7595	1.9539	0.9858	0.7765	1.1842	0.7682	0.8349	0.7654	2.3396	0.845	0.8	0.7569	0.8957	0.7846	0.7609	0.7838	0.773	3.1387	0.9639	0.7563	0.7743	0.8404	1.7565	0	1.0339	0.8887	0.7693	1.3799	0.7744	0.7612	0.7548	1.4389	0.8404	1.3597	0.7691	0.7572	1.158	0.781	0.7913	0.7679	1.7654	0.7579	2.0085
  i	0.7558	1.0295	0.7601	0.7605	0.7641	0.758	0.7655	0.7565	0.7648	0.7666	1.0607	0.7607	0.7547	0.7575	0.7545	0.7949	0.7531	0.7703	0.7571	0.7532	0.7544	0.7555	0.759	0.7552	0.9893	0.76	0.756	0.7515	1.1467	0.7637	0.7523	0.799	0.7536	0.9023	0.7871	0.7513	0.7738	0.7583	0.7615	1.0339	0	0.7595	1.1357	0.755	0.7534	0.7525	0.7508	0.9851	0.7774	1.7292	0.8364	0.7521	0.7756	1.0351	0.7529	0.7626	0.7766	0.7515	0.758
  j	0.835	1.1829	0.8192	1.1761	1.2505	1.0897	1.2668	0.7676	0.7869	1.2255	0.7657	1.2202	0.7647	1.1551	0.7604	1.6154	0.7824	1.3848	0.7823	0.7588	0.7632	0.8417	1.2007	0.7934	4.4651	1.0009	0.8912	0.7559	0.812	1.1935	0.7572	0.7656	0.8586	0.9568	0.7688	0.7555	0.8315	0.8786	0.8842	0.8887	0.7595	0	1.1559	0.7703	0.7654	0.8669	0.7552	1.7563	1.2638	3.1749	1.0799	0.7584	0.7697	1.0136	1.0021	0.775	1.2875	0.7695	1.188
  k	0.8117	2.1536	1.1529	1.3608	0.7824	0.932	1.8971	1.0075	1.0303	1.0495	1.9129	0.7729	0.9677	0.7642	1.1564	0.8765	0.7561	0.7801	0.8079	0.9769	0.7552	0.7576	1.7308	0.7612	1.1649	0.7715	1.15	0.7537	0.9069	0.7689	2.1895	0.7734	0.7568	0.778	0.8296	0.8838	0.8154	0.7858	1.0958	0.7693	1.1357	1.1559	0	0.8217	0.8174	0.7554	0.7546	0.7649	1.3529	0.815	0.8194	0.7578	2.6577	2.1543	0.7714	0.7637	0.7742	0.7531	0.7618
  l	0.7581	0.9574	0.7671	0.8501	0.8144	1.0478	0.9116	0.7716	0.7758	0.7801	0.762	0.7595	0.7873	0.7638	0.7601	3.2048	0.7555	1.6792	0.7609	0.7557	0.7551	0.7587	0.881	0.8451	1.1248	0.769	0.9083	0.7614	0.759	1.0468	0.7557	0.757	0.99	1.2753	0.7685	1.0469	0.7615	0.7815	0.7729	1.3799	0.755	0.7703	0.8217	0	0.7995	0.7542	0.7523	1.1337	1.0888	0.9035	0.7653	0.8717	0.7711	0.8958	1.0534	0.763	0.7684	0.7525	0.9017
  m	0.7566	0.8128	0.7883	0.9982	0.7698	0.7588	0.7868	1.1337	0.9652	5.6081	0.7649	1.0105	0.7741	1.1896	0.7583	0.9937	0.97	1.0544	0.8024	0.7684	0.7555	0.7637	3.3022	0.7611	1.1262	1.1692	0.7598	0.7523	0.7624	0.8219	2.683	0.9599	0.7547	0.7727	1.0862	0.8014	0.8489	0.7616	0.9913	0.7744	0.7534	0.7654	0.8174	0.7995	0	0.9632	0.9304	1.202	1.4873	0.7837	1.3051	1.1739	0.7579	0.8217	0.7552	0.7634	2.2031	0.767	0.7658
  n	1.1419	0.8729	0.7611	0.7685	0.8989	0.7561	0.7697	0.7685	0.7624	0.8347	0.7567	0.7569	0.7554	0.7564	0.7542	0.7725	0.7629	0.777	0.7614	0.7538	0.7664	0.7564	0.977	0.7549	1.9259	0.7623	0.7564	0.7895	0.7586	0.7644	0.7523	0.7554	0.753	0.7669	1.0385	0.7514	0.7825	1.0748	0.8317	0.7612	0.7525	0.8669	0.7554	0.7542	0.9632	0	0.7513	0.8958	0.9957	0.919	0.8266	0.7528	0.7624	0.7623	0.7536	0.7564	1.5084	0.7518	0.796
  o	0.7521	0.7726	0.7673	0.7571	0.7577	0.7544	0.7593	0.7556	0.7562	5.0759	0.7572	0.753	0.7513	0.755	0.7516	0.7705	0.7529	0.7623	0.755	0.7717	0.751	0.7637	0.7553	0.7759	0.9575	0.7928	0.7646	0.7501	0.7536	0.7548	0.7526	0.7547	0.7515	0.7877	0.7568	0.75	0.7593	0.7652	0.7562	0.7548	0.7508	0.7552	0.7546	0.7523	0.9304	0.7513	0	0.7571	0.7606	0.7681	0.7907	0.7584	0.7524	1.3194	0.7514	0.9496	0.8432	0.9813	0.7591
  p	2.4178	1.1566	1.4238	0.8003	1.4236	0.7654	0.8192	0.769	2.774	2.6451	1.4275	0.7703	0.952	1.1531	0.9796	1.1306	1.5233	1.5371	0.9112	0.7616	2.7712	1.2778	1.231	0.762	1.8482	0.8642	1.031	0.9506	0.7628	0.7757	0.7589	1.6642	0.8474	0.7909	1.2532	0.7559	0.768	1.2888	0.8752	1.4389	0.9851	1.7563	0.7649	1.1337	1.202	0.8958	0.7571	0	1.1479	1.4792	0.9878	0.7598	1.14	0.894	0.7619	0.7638	1.5728	0.8636	1.1029
  q	0.8381	1.0214	1.2696	2.4851	1.3746	0.8063	0.9112	2.0428	0.8754	1.3232	0.9193	1.402	0.7996	2.461	0.8683	4.8591	1.1467	1.8269	1.4065	1.149	0.7654	0.8687	0.9224	2.491	2.3867	1.5132	0.872	0.7635	2.0078	3.0217	0.7671	0.7713	0.8531	0.9759	1.1526	0.9099	1.5909	0.9419	1.0566	0.8404	0.7774	1.2638	1.3529	1.0888	1.4873	0.9957	0.7606	1.1479	0	2.9636	1.8746	1.0183	0.9992	4.3296	0.8285	2.4037	1.1525	0.7665	0.8026
  r	0.8338	0.9148	2.145	1.6502	1.868	1.256	2.0822	0.8046	1.3606	1.1802	0.784	0.9072	1.0875	1.4353	0.7762	1.7043	0.7948	4.4725	1.0586	0.7706	1.0309	1.6879	1.3174	0.9899	5.044	1.9033	1.497	0.7905	1.8522	1.5221	0.7661	0.8067	1.7078	1.3841	1.074	0.7634	0.9747	1.2303	1.6334	1.3597	1.7292	3.1749	0.815	0.9035	0.7837	0.919	0.7681	1.4792	2.9636	0	0.9149	0.792	2.0989	1.3051	0.869	1.0539	2.7209	0.8549	2.8837
  s	0.765	1.2324	1.0099	0.8007	1.1791	0.8039	1.0722	1.2698	0.7719	4.9918	0.8193	0.7672	0.7658	1.0191	0.7607	0.8994	0.8022	1.0002	0.767	0.9072	0.7591	0.765	1.1622	0.9839	1.3563	1.2158	0.7658	0.7672	0.946	0.8305	0.9827	1.0398	0.7612	1.294	0.8856	0.7564	1.6756	1.3276	0.8059	0.7691	0.8364	1.0799	0.8194	0.7653	1.3051	0.8266	0.7907	0.9878	1.8746	0.9149	0	1.6044	1.0502	2.584	0.7601	1.5899	1.1127	0.7571	0.8463
  t	0.7536	0.7883	0.7605	0.7613	0.7623	0.7575	0.8177	0.7585	0.7817	5.9244	0.7571	0.7551	0.7526	0.7566	0.7535	0.771	0.7595	0.8087	0.7632	1.3129	0.7526	0.7641	1.1384	0.8677	0.7906	1.1331	1.0539	0.7509	0.7574	0.7576	1.1959	0.7559	0.7549	0.7854	1.229	0.7514	0.7679	0.7742	0.7594	0.7572	0.7521	0.7584	0.7578	0.8717	1.1739	0.7528	0.7584	0.7598	1.0183	0.792	1.6044	0	0.771	1.0269	0.7535	1.4612	0.8532	0.7515	0.7633
  u	0.7574	1.0432	0.7672	1.1523	1.3831	0.9412	0.8621	0.7601	0.7676	0.8633	0.7623	0.7601	0.7705	0.7594	0.7565	1.1584	0.7554	1.0126	0.7634	0.7572	0.7561	0.7598	1.3421	0.7583	0.914	0.7668	0.7604	0.7551	1.1761	0.7786	0.7559	0.7559	0.7565	0.9803	0.7618	0.7533	0.7624	1.844	1.5611	1.158	0.7756	0.7697	2.6577	0.7711	0.7579	0.7624	0.7524	1.14	0.9992	2.0989	1.0502	0.771	0	0.7999	0.7702	1.2119	0.8537	0.7533	0.7632
  v	0.8432	2.8551	1.0068	1.8168	1.2256	0.8747	1.2667	2.5934	0.8354	6.6012	1.4452	0.7733	0.7762	3.9447	0.778	2.3226	1.1501	1.0507	0.7846	1.1031	0.7631	0.8944	0.8532	1.4882	0.8579	0.8647	0.8617	0.9852	0.7792	1.1101	1.0932	1.7339	0.9956	1.4953	2.1953	0.7611	0.8971	0.8336	0.7825	0.781	1.0351	1.0136	2.1543	0.8958	0.8217	0.7623	1.3194	0.894	4.3296	1.3051	2.584	1.0269	0.7999	0	0.8283	1.0512	1.0724	0.7855	1.0978
  w	1.1149	1.0601	0.8713	0.9258	0.7711	0.7577	0.7845	0.7581	0.7902	0.7628	0.7575	0.7584	0.7567	0.7586	0.7553	0.9081	0.7543	0.96	0.7608	0.7547	0.7533	0.7563	1.0195	0.7586	0.8248	0.7622	1.0477	0.7523	0.7574	1.3989	0.753	0.7553	0.7542	0.7838	1.0117	0.7532	0.759	1.3865	0.7685	0.7913	0.7529	1.0021	0.7714	1.0534	0.7552	0.7536	0.7514	0.7619	0.8285	0.869	0.7601	0.7535	0.7702	0.8283	0	1.5245	1.1471	0.7521	0.7866
  x	0.7589	1.7372	0.7796	1.1592	0.7875	0.8147	1.6478	0.8681	0.7721	2.279	0.8378	0.7623	0.7606	0.7667	0.7582	1.213	0.9701	1.2755	0.77	1.7453	0.7562	0.7592	0.7669	0.7814	0.9034	1.5691	0.7674	0.7549	0.8274	0.7747	0.7579	0.7588	0.7667	1.1005	1.1384	0.7551	1.2143	1.4484	0.8523	0.7679	0.7626	0.775	0.7637	0.763	0.7634	0.7564	0.9496	0.7638	2.4037	1.0539	1.5899	1.4612	1.2119	1.0512	1.5245	0	0.7762	0.7544	0.7734
  y	0.8066	0.8557	0.9476	1.289	1.4792	0.7789	1.6145	1.5239	1.8014	1.6352	1.0861	0.8416	1.4133	0.8225	0.8637	0.9446	1.1315	2.6339	2.9838	0.7662	1.4843	1.3069	0.7933	1.2059	2.5729	1.6898	1.065	1.1074	1.0451	0.8697	0.7696	1.156	0.7782	0.9347	2.2275	0.9598	1.5234	0.7994	1.9909	1.7654	0.7766	1.2875	0.7742	0.7684	2.2031	1.5084	0.8432	1.5728	1.1525	2.7209	1.1127	0.8532	0.8537	1.0724	1.1471	0.7762	0	1.5193	1.1034
  z	0.7539	0.7658	1.0362	0.7878	0.8725	0.7544	0.761	0.7545	0.7703	0.9253	1.1335	0.7562	0.7532	0.7561	0.7542	0.7604	0.7526	0.7979	0.7555	0.7545	0.7524	0.7542	0.7571	0.7535	0.855	0.7584	0.7548	0.7503	0.7542	0.7571	0.7512	1.1335	0.7521	0.7627	0.7565	0.7501	0.7562	1.0345	1.0263	0.7579	0.7515	0.7695	0.7531	0.7525	0.767	0.7518	0.9813	0.8636	0.7665	0.8549	0.7571	0.7515	0.7533	0.7855	0.7521	0.7544	1.5193	0	0.767
  {	1.3253	0.8424	0.8336	0.9682	1.0292	0.9657	1.4724	0.9068	1.1585	1.9129	1.1436	0.9192	0.7661	1.153	0.7608	1.9016	0.7599	1.2623	0.7671	0.9849	0.8435	1.3115	1.1721	0.7716	1.1874	1.0992	0.776	0.7552	0.7644	0.7786	0.7569	0.8114	0.785	0.9844	0.7764	0.7547	0.7803	0.768	1.2025	2.0085	0.758	1.188	0.7618	0.9017	0.7658	0.796	0.7591	1.1029	0.8026	2.8837	0.8463	0.7633	0.7632	1.0978	0.7866	0.7734	1.1034	0.767	0

Actual rates from j->i (Q_ij):
	A	B	C	D	E	F	G	H	I	J	K	L	M	N	O	P	Q	R	S	T	U	V	W	X	Y	Z	[	\	]	^	_	`	a	b	c	d	e	f	g	h	i	j	k	l	m	n	o	p	q	r	s	t	u	v	w	x	y	z	{
  A	0	0.0149	0.0142	0.0143	0.0161	0.014	0.018	0.0224	0.0313	0.0143	0.0235	0.0146	0.0139	0.0143	0.0143	0.019	0.0139	0.0241	0.014	0.0139	0.0251	0.014	0.014	0.0256	0.0255	0.0142	0.014	0.0138	0.0139	0.0141	0.0139	0.0142	0.0139	0.0305	0.0156	0.0138	0.0149	0.0141	0.0216	0.0174	0.0139	0.0153	0.0149	0.0139	0.0139	0.021	0.0138	0.0444	0.0154	0.0153	0.0141	0.0138	0.0139	0.0155	0.0205	0.0139	0.0148	0.0139	0.0244
  B	0.0142	0	0.0146	0.0332	0.0271	0.0147	0.0223	0.0193	0.0358	0.0877	0.0222	0.0214	0.0162	0.0174	0.016	0.0237	0.0182	0.0228	0.0248	0.0502	0.0144	0.0136	0.0366	0.0207	0.018	0.0229	0.0151	0.0223	0.0156	0.0144	0.0139	0.0211	0.0135	0.0404	0.0141	0.0253	0.0166	0.0431	0.0209	0.0188	0.0181	0.0208	0.0378	0.0168	0.0143	0.0153	0.0136	0.0203	0.0179	0.0161	0.0216	0.0138	0.0183	0.0501	0.0186	0.0305	0.015	0.0134	0.0148
  C	0.014	0.015	0	0.02	0.0204	0.0146	0.0147	0.0139	0.0145	0.0152	0.0151	0.0142	0.0138	0.0281	0.0193	0.0168	0.0137	0.045	0.0192	0.0137	0.0138	0.0153	0.0188	0.0148	0.028	0.0154	0.0151	0.0137	0.0139	0.0172	0.0141	0.0189	0.019	0.0297	0.0144	0.0137	0.0311	0.0193	0.0256	0.0196	0.0137	0.0148	0.0208	0.0138	0.0142	0.0137	0.0138	0.0257	0.0229	0.0387	0.0182	0.0137	0.0138	0.0182	0.0157	0.0141	0.0171	0.0187	0.015
  D	0.0123	0.0299	0.0175	0	0.0207	0.0143	0.0435	0.0122	0.0198	0.0126	0.0122	0.0189	0.0166	0.0156	0.0163	0.0139	0.012	0.0266	0.0181	0.0121	0.0121	0.0122	0.0282	0.0137	0.0414	0.0193	0.0126	0.012	0.0143	0.0168	0.015	0.0125	0.0142	0.0209	0.0126	0.012	0.0138	0.0128	0.0193	0.0178	0.012	0.0186	0.0215	0.0134	0.0158	0.0121	0.012	0.0126	0.0393	0.0261	0.0127	0.012	0.0182	0.0287	0.0146	0.0183	0.0204	0.0125	0.0153
  E	0.0151	0.0266	0.0195	0.0226	0	0.018	0.0194	0.0178	0.0197	0.0141	0.018	0.0172	0.0316	0.0158	0.0145	0.0237	0.0132	0.0321	0.0137	0.0133	0.0272	0.0215	0.0204	0.0135	0.0642	0.0149	0.0181	0.0178	0.0134	0.0277	0.0131	0.0134	0.0152	0.0318	0.0195	0.0131	0.0146	0.0165	0.0709	0.0309	0.0132	0.0216	0.0135	0.014	0.0133	0.0155	0.0131	0.0245	0.0237	0.0322	0.0203	0.0131	0.0238	0.0211	0.0133	0.0136	0.0255	0.015	0.0177
  F	0.0138	0.0151	0.0146	0.0164	0.0189	0	0.0438	0.015	0.0159	0.0155	0.019	0.0139	0.0138	0.0139	0.0138	0.0187	0.0137	0.0233	0.0144	0.0138	0.0137	0.0146	0.0139	0.0192	0.0303	0.0191	0.0139	0.0137	0.014	0.014	0.0137	0.0138	0.0143	0.0218	0.0141	0.0137	0.0205	0.0186	0.0215	0.0143	0.0138	0.0198	0.0169	0.019	0.0138	0.0137	0.0137	0.0139	0.0146	0.0228	0.0146	0.0137	0.0171	0.0159	0.0138	0.0148	0.0141	0.0137	0.0175
  G	0.0153	0.0198	0.0127	0.0431	0.0176	0.0377	0	0.0124	0.0183	0.0167	0.0124	0.0174	0.0126	0.0195	0.0137	0.0183	0.012	0.0544	0.0127	0.012	0.0122	0.0131	0.015	0.0181	0.0379	0.029	0.0214	0.0123	0.0135	0.0147	0.0119	0.0124	0.0221	0.0382	0.0174	0.0119	0.0123	0.0151	0.0292	0.0296	0.012	0.0198	0.0297	0.0143	0.0123	0.012	0.0119	0.0128	0.0143	0.0326	0.0168	0.0128	0.0135	0.0198	0.0123	0.0258	0.0253	0.0119	0.023
  H	0.021	0.019	0.0133	0.0134	0.0178	0.0143	0.0136	0	0.0202	0.0185	0.0282	0.0132	0.02	0.0376	0.0175	0.0387	0.0135	0.0276	0.0146	0.0157	0.0131	0.0131	0.016	0.0233	0.0175	0.0242	0.0132	0.0131	0.0138	0.0183	0.0131	0.0131	0.0131	0.0148	0.0177	0.0139	0.0176	0.0172	0.0151	0.0132	0.0131	0.0133	0.0174	0.0133	0.0196	0.0133	0.013	0.0133	0.0353	0.0139	0.0219	0.0131	0.0131	0.0448	0.0131	0.015	0.0263	0.013	0.0157
  I	0.0286	0.0342	0.0135	0.021	0.0192	0.0147	0.0196	0.0196	0	0.0251	0.0235	0.0197	0.0129	0.0138	0.0133	0.0303	0.0128	0.0255	0.0169	0.0187	0.0177	0.0132	0.0135	0.0132	0.0299	0.0173	0.0265	0.0127	0.0128	0.013	0.0205	0.023	0.019	0.0147	0.0208	0.0127	0.0136	0.0154	0.0241	0.0331	0.0128	0.0132	0.0173	0.013	0.0162	0.0128	0.0127	0.0465	0.0147	0.0228	0.0129	0.0131	0.0129	0.014	0.0133	0.0129	0.0302	0.0129	0.0194
  J	0.0078	0.0502	0.0084	0.008	0.0082	0.0086	0.0107	0.0108	0.015	0	0.0088	0.0077	0.0077	0.0096	0.0077	0.0227	0.0103	0.0112	0.01	0.0484	0.0077	0.0088	0.0149	0.0109	0.0145	0.0545	0.0086	0.0078	0.009	0.0078	0.0099	0.013	0.0077	0.011	0.0095	0.0077	0.0134	0.013	0.0079	0.0078	0.0077	0.0123	0.0106	0.0078	0.0564	0.0084	0.0511	0.0266	0.0133	0.0119	0.0502	0.0596	0.0087	0.0664	0.0077	0.0229	0.0164	0.0093	0.0192
  K	0.0237	0.0234	0.0155	0.0143	0.0194	0.0194	0.0147	0.0303	0.026	0.0163	0	0.0146	0.0141	0.0254	0.0322	0.0186	0.0141	0.0245	0.0172	0.0141	0.0141	0.0141	0.0143	0.0141	0.0242	0.0148	0.0144	0.014	0.0141	0.0196	0.0172	0.0161	0.0141	0.0171	0.0142	0.014	0.0155	0.0142	0.0143	0.0204	0.0197	0.0142	0.0355	0.0141	0.0142	0.014	0.014	0.0265	0.017	0.0145	0.0152	0.014	0.0141	0.0268	0.014	0.0155	0.0201	0.021	0.0212
  L	0.0136	0.0209	0.0135	0.0205	0.0171	0.0131	0.019	0.0131	0.0201	0.0132	0.0135	0	0.0132	0.0242	0.013	0.0144	0.013	0.0262	0.0141	0.013	0.0139	0.0131	0.018	0.013	0.0411	0.0225	0.0132	0.0129	0.0135	0.0141	0.013	0.0181	0.0132	0.0201	0.0132	0.0129	0.0173	0.0131	0.0192	0.0268	0.013	0.0209	0.0132	0.013	0.0173	0.013	0.0129	0.0132	0.024	0.0155	0.0131	0.0129	0.013	0.0132	0.013	0.0131	0.0144	0.013	0.0157
  M	0.0133	0.0162	0.0134	0.0184	0.0321	0.0133	0.0141	0.0202	0.0135	0.0134	0.0133	0.0135	0	0.0134	0.0183	0.0251	0.0235	0.0385	0.0133	0.0132	0.0132	0.0133	0.021	0.0133	0.0183	0.0134	0.0133	0.0132	0.0139	0.0303	0.0132	0.0132	0.0133	0.0286	0.0134	0.0136	0.0133	0.0134	0.0268	0.0136	0.0132	0.0134	0.0169	0.0138	0.0136	0.0132	0.0132	0.0167	0.014	0.019	0.0134	0.0132	0.0135	0.0136	0.0132	0.0133	0.0247	0.0132	0.0134
  N	0.0115	0.0146	0.0229	0.0145	0.0135	0.0113	0.0184	0.0321	0.0121	0.0141	0.0202	0.0208	0.0112	0	0.0261	0.026	0.0167	0.0301	0.0113	0.0112	0.0223	0.0174	0.0113	0.0252	0.0224	0.0114	0.0174	0.0111	0.0113	0.0208	0.0111	0.0129	0.0167	0.0174	0.0228	0.0111	0.0282	0.0169	0.0114	0.0161	0.0112	0.017	0.0113	0.0112	0.0175	0.0111	0.0111	0.017	0.0362	0.0211	0.015	0.0111	0.0112	0.0581	0.0112	0.0113	0.0121	0.0111	0.017
  O	0.0145	0.017	0.02	0.0193	0.0157	0.0142	0.0163	0.0189	0.0149	0.0143	0.0325	0.0142	0.0195	0.0331	0	0.0234	0.0141	0.0171	0.0169	0.0141	0.0142	0.0142	0.0193	0.0142	0.0168	0.0145	0.021	0.0141	0.0142	0.0212	0.0154	0.0142	0.0141	0.015	0.0147	0.0141	0.0143	0.0142	0.0205	0.0187	0.0141	0.0142	0.0216	0.0142	0.0142	0.0141	0.0141	0.0183	0.0162	0.0145	0.0142	0.0141	0.0141	0.0145	0.0141	0.0142	0.0161	0.0141	0.0142
  P	0.0155	0.0202	0.014	0.0131	0.0206	0.0155	0.0175	0.0336	0.0271	0.0338	0.015	0.0126	0.0214	0.0264	0.0187	0	0.0134	0.0129	0.0145	0.0117	0.0172	0.0117	0.0133	0.03	0.0411	0.0183	0.0134	0.0131	0.0122	0.0348	0.0141	0.0124	0.0145	0.0246	0.0128	0.0215	0.0151	0.0131	0.0252	0.019	0.0119	0.0242	0.0131	0.048	0.0149	0.0116	0.0115	0.0169	0.0728	0.0255	0.0135	0.0116	0.0174	0.0348	0.0136	0.0182	0.0142	0.0114	0.0285
  Q	0.0137	0.0188	0.0138	0.0139	0.014	0.0138	0.0139	0.0142	0.0138	0.0186	0.0138	0.0138	0.0244	0.0206	0.0137	0.0163	0	0.0164	0.0141	0.0146	0.0137	0.0137	0.0142	0.0137	0.028	0.0144	0.0138	0.0137	0.0138	0.0161	0.0137	0.0155	0.0137	0.0139	0.0138	0.0137	0.0141	0.0258	0.0139	0.0138	0.0137	0.0142	0.0137	0.0137	0.0176	0.0139	0.0137	0.0277	0.0208	0.0144	0.0146	0.0138	0.0137	0.0209	0.0137	0.0176	0.0206	0.0137	0.0138
  R	0.0187	0.0185	0.0356	0.024	0.0266	0.0183	0.0496	0.0228	0.0217	0.016	0.0188	0.0218	0.0314	0.0292	0.013	0.0123	0.0129	0	0.0219	0.0139	0.0111	0.0151	0.0208	0.0113	0.0642	0.0206	0.0148	0.0109	0.0184	0.0222	0.0109	0.0124	0.0151	0.0342	0.0186	0.0109	0.0145	0.0116	0.0249	0.0279	0.011	0.0198	0.0111	0.024	0.015	0.0111	0.0109	0.0219	0.0261	0.0638	0.0143	0.0115	0.0145	0.015	0.0137	0.0182	0.0376	0.0114	0.018
  S	0.0142	0.0263	0.0198	0.0213	0.0148	0.0148	0.0152	0.0158	0.0188	0.0186	0.0173	0.0154	0.0142	0.0143	0.0168	0.0181	0.0145	0.0286	0	0.0142	0.0142	0.0142	0.0206	0.0145	0.0296	0.0152	0.0265	0.0141	0.0162	0.0145	0.0145	0.0142	0.0148	0.0163	0.0266	0.0185	0.0145	0.0143	0.0287	0.0184	0.0141	0.0146	0.0151	0.0142	0.015	0.0142	0.0141	0.017	0.0262	0.0197	0.0143	0.0142	0.0142	0.0146	0.0142	0.0144	0.0557	0.0141	0.0143
  T	0.0118	0.0446	0.0119	0.012	0.0121	0.0118	0.012	0.0142	0.0174	0.0751	0.0118	0.0118	0.0118	0.0118	0.0118	0.0121	0.0125	0.0152	0.0118	0	0.0118	0.0118	0.0119	0.0118	0.0136	0.0252	0.0118	0.0117	0.0119	0.0118	0.0118	0.0124	0.0118	0.0139	0.014	0.0118	0.012	0.0129	0.0119	0.0121	0.0118	0.0118	0.0152	0.0118	0.012	0.0118	0.012	0.0119	0.0179	0.012	0.0142	0.0205	0.0118	0.0172	0.0118	0.0272	0.012	0.0118	0.0154
  U	0.0258	0.0155	0.0145	0.0144	0.0297	0.0143	0.0148	0.0143	0.0199	0.0144	0.0144	0.0154	0.0143	0.0286	0.0143	0.0216	0.0143	0.0147	0.0144	0.0142	0	0.0152	0.0144	0.0143	0.0188	0.0335	0.0144	0.0142	0.0143	0.0143	0.0142	0.0146	0.0143	0.0199	0.0144	0.0142	0.0143	0.0143	0.0158	0.0224	0.0142	0.0144	0.0143	0.0143	0.0143	0.0145	0.0142	0.0523	0.0144	0.0195	0.0143	0.0142	0.0143	0.0144	0.0142	0.0143	0.028	0.0142	0.0159
  V	0.0142	0.0144	0.0158	0.0144	0.0232	0.015	0.0155	0.0141	0.0146	0.0163	0.0141	0.0143	0.0141	0.022	0.0141	0.0146	0.0141	0.0196	0.0142	0.0141	0.015	0	0.0187	0.0146	0.0205	0.0156	0.0196	0.014	0.0142	0.0183	0.014	0.019	0.0143	0.0173	0.0169	0.014	0.0142	0.0153	0.0267	0.0143	0.0141	0.0157	0.0141	0.0141	0.0142	0.0141	0.0142	0.0238	0.0162	0.0314	0.0142	0.0142	0.0141	0.0166	0.0141	0.0141	0.0243	0.014	0.0244
  W	0.0139	0.038	0.019	0.0325	0.0216	0.014	0.0175	0.0169	0.0146	0.027	0.014	0.0192	0.0219	0.014	0.0188	0.0162	0.0143	0.0265	0.0202	0.0139	0.0139	0.0184	0	0.0139	0.0445	0.0149	0.0141	0.0138	0.0143	0.037	0.0248	0.0196	0.0142	0.0233	0.0149	0.0154	0.014	0.0281	0.0146	0.0152	0.0138	0.0219	0.0316	0.0161	0.0603	0.0178	0.0138	0.0225	0.0168	0.024	0.0212	0.0208	0.0245	0.0156	0.0186	0.014	0.0145	0.0138	0.0214
  X	0.0252	0.0212	0.0148	0.0157	0.0141	0.0191	0.0209	0.0243	0.0142	0.0196	0.0138	0.0137	0.0137	0.0309	0.0137	0.0362	0.0136	0.0143	0.014	0.0137	0.0136	0.0142	0.0138	0	0.0142	0.0219	0.0143	0.0178	0.0182	0.0146	0.0138	0.0137	0.014	0.0197	0.0151	0.0136	0.0208	0.0143	0.0184	0.0138	0.0136	0.0143	0.0137	0.0152	0.0137	0.0136	0.014	0.0137	0.0449	0.0179	0.0178	0.0157	0.0137	0.0269	0.0137	0.0141	0.0218	0.0136	0.0139
  Y	0.0173	0.0127	0.0193	0.0326	0.0463	0.0208	0.0301	0.0126	0.0222	0.0179	0.0162	0.0298	0.013	0.0189	0.0112	0.0341	0.0192	0.0559	0.0197	0.0109	0.0124	0.0137	0.0304	0.0098	0	0.0282	0.018	0.0097	0.0308	0.0421	0.0097	0.015	0.0153	0.0373	0.0116	0.0096	0.0149	0.0212	0.0346	0.0291	0.0123	0.0555	0.0145	0.014	0.014	0.0239	0.0119	0.023	0.0297	0.0627	0.0169	0.0098	0.0114	0.0107	0.0103	0.0112	0.032	0.0106	0.0148
  Z	0.0121	0.0206	0.0135	0.0193	0.0136	0.0166	0.0292	0.0221	0.0162	0.0854	0.0126	0.0207	0.012	0.0122	0.0122	0.0193	0.0125	0.0227	0.0129	0.0254	0.028	0.0132	0.0128	0.0191	0.0357	0	0.0247	0.0119	0.0125	0.0122	0.0309	0.0121	0.0227	0.0174	0.0149	0.0141	0.0127	0.0142	0.0127	0.0133	0.012	0.0158	0.0122	0.0121	0.0184	0.012	0.0125	0.0136	0.0238	0.03	0.0192	0.0179	0.0121	0.0136	0.012	0.0247	0.0266	0.0119	0.0173
  [	0.0142	0.016	0.0156	0.0149	0.0196	0.0143	0.0255	0.0142	0.0295	0.0159	0.0144	0.0144	0.0141	0.0221	0.021	0.0166	0.0141	0.0193	0.0264	0.0141	0.0142	0.0196	0.0144	0.0147	0.027	0.0292	0	0.0141	0.0142	0.0144	0.0141	0.0142	0.0142	0.0235	0.0211	0.0141	0.0142	0.0175	0.0146	0.0149	0.0141	0.0166	0.0214	0.0169	0.0142	0.0141	0.0143	0.0192	0.0163	0.0279	0.0143	0.0197	0.0142	0.0161	0.0195	0.0143	0.0199	0.0141	0.0145
  \	0.014	0.0237	0.0141	0.0141	0.0192	0.014	0.0146	0.0141	0.0141	0.0143	0.0141	0.014	0.014	0.0141	0.014	0.0163	0.014	0.0142	0.0141	0.014	0.014	0.014	0.0141	0.0183	0.0145	0.0141	0.014	0	0.014	0.0142	0.014	0.014	0.014	0.0142	0.0141	0.014	0.0141	0.0179	0.0145	0.0141	0.014	0.0141	0.014	0.0142	0.014	0.0147	0.014	0.0177	0.0142	0.0147	0.0143	0.014	0.0141	0.0183	0.014	0.0141	0.0206	0.014	0.0141
  ]	0.0133	0.0156	0.0135	0.0159	0.0136	0.0135	0.0151	0.014	0.0134	0.0156	0.0133	0.0138	0.014	0.0135	0.0133	0.0143	0.0133	0.0226	0.0153	0.0134	0.0132	0.0133	0.0138	0.0176	0.0435	0.0139	0.0133	0.0132	0	0.0194	0.0132	0.0133	0.0133	0.0202	0.0134	0.0132	0.014	0.0135	0.0218	0.0157	0.0201	0.0142	0.0159	0.0133	0.0134	0.0133	0.0132	0.0134	0.0352	0.0325	0.0166	0.0133	0.0206	0.0137	0.0133	0.0145	0.0183	0.0132	0.0134
  ^	0.0126	0.0134	0.0156	0.0173	0.0263	0.0126	0.0153	0.0173	0.0126	0.0126	0.0173	0.0134	0.0283	0.0231	0.0185	0.0379	0.0145	0.0254	0.0127	0.0124	0.0124	0.016	0.0332	0.0132	0.0554	0.0127	0.0126	0.0125	0.0181	0	0.0124	0.0165	0.0129	0.0311	0.0183	0.0124	0.0128	0.0127	0.0248	0.0128	0.0125	0.0195	0.0126	0.0171	0.0134	0.0125	0.0123	0.0127	0.0494	0.0249	0.0136	0.0124	0.0127	0.0181	0.0229	0.0127	0.0142	0.0124	0.0127
  _	0.0136	0.0143	0.0142	0.0172	0.0137	0.0137	0.0138	0.0137	0.0221	0.0178	0.0168	0.0137	0.0136	0.0137	0.0149	0.017	0.0136	0.0138	0.014	0.0137	0.0136	0.0136	0.0246	0.0138	0.0141	0.0355	0.0137	0.0136	0.0136	0.0137	0	0.0157	0.0136	0.0138	0.0137	0.0136	0.0137	0.0137	0.0138	0.0137	0.0136	0.0137	0.0396	0.0137	0.0485	0.0136	0.0136	0.0137	0.0139	0.0138	0.0178	0.0216	0.0137	0.0197	0.0136	0.0137	0.0139	0.0136	0.0137
  `	0.014	0.0217	0.0189	0.0142	0.0141	0.0137	0.0143	0.0137	0.0247	0.0233	0.0157	0.0191	0.0137	0.0158	0.0137	0.015	0.0154	0.0156	0.0137	0.0143	0.014	0.0184	0.0194	0.0137	0.0218	0.0138	0.0137	0.0136	0.0137	0.0183	0.0157	0	0.0137	0.0139	0.0138	0.0136	0.0138	0.0138	0.0138	0.0142	0.0144	0.0138	0.014	0.0137	0.0173	0.0136	0.0136	0.0301	0.0139	0.0146	0.0188	0.0137	0.0137	0.0313	0.0136	0.0137	0.0209	0.0205	0.0147
  a	0.014	0.0142	0.0194	0.0166	0.0163	0.0145	0.026	0.014	0.0209	0.0141	0.014	0.0142	0.014	0.021	0.0139	0.0178	0.0139	0.0195	0.0147	0.0139	0.014	0.0142	0.0144	0.0143	0.0228	0.0265	0.0141	0.0139	0.014	0.0146	0.0139	0.0139	0	0.0273	0.014	0.0139	0.0142	0.0144	0.0141	0.0143	0.0139	0.0158	0.014	0.0183	0.0139	0.0139	0.0139	0.0156	0.0157	0.0315	0.014	0.0139	0.0139	0.0184	0.0139	0.0141	0.0143	0.0139	0.0145
  b	0.028	0.0388	0.0277	0.0223	0.0311	0.0202	0.0411	0.0145	0.0148	0.0184	0.0155	0.0198	0.0276	0.0199	0.0135	0.0277	0.0129	0.0404	0.0147	0.0151	0.0178	0.0157	0.0215	0.0184	0.0505	0.0186	0.0212	0.0129	0.0195	0.0321	0.0128	0.013	0.0249	0	0.0189	0.0128	0.0142	0.023	0.0274	0.0529	0.0152	0.0161	0.0131	0.0215	0.013	0.0129	0.0133	0.0133	0.0164	0.0233	0.0218	0.0132	0.0165	0.0252	0.0132	0.0185	0.0157	0.0129	0.0166
  c	0.0156	0.0148	0.0146	0.0146	0.0208	0.0143	0.0204	0.0188	0.0228	0.0173	0.0141	0.0142	0.014	0.0284	0.0144	0.0157	0.0139	0.024	0.0262	0.0165	0.014	0.0167	0.015	0.0153	0.0171	0.0174	0.0208	0.0139	0.014	0.0206	0.014	0.014	0.0139	0.0206	0	0.0139	0.02	0.0143	0.0143	0.0177	0.0145	0.0141	0.0152	0.0141	0.0199	0.0191	0.0139	0.023	0.0212	0.0197	0.0163	0.0226	0.014	0.0403	0.0186	0.0209	0.0409	0.0139	0.0143
