{
  "generated_by": {
    "program": "augur",
    "version": "7.0.2"
  },
  "models": {
    "country": {
      "alphabet": [
        "Argentina",
        "Australia",
        "Austria",
        "Bangladesh",
        "Belgium",
        "Bosnia and Herzegovina",
        "Brazil",
        "Canada",
        "Chile",
        "China",
        "Colombia",
        "Czech Republic",
        "Democratic Republic of the Congo",
        "Denmark",
        "Finland",
        "France",
        "Georgia",
        "Germany",
        "Greece",
        "Hong Kong",
        "Hungary",
        "Iceland",
        "India",
        "Israel",
        "Italy",
        "Japan",
        "Jordan",
        "Kazakhstan",
        "Latvia",
        "Luxembourg",
        "Malaysia",
        "Mexico",
        "Morocco",
        "Netherlands",
        "New Zealand",
        "Nigeria",
        "Norway",
        "Oman",
        "Poland",
        "Portugal",
        "Romania",
        "Russia",
        "Saudi Arabia",
        "Senegal",
        "Singapore",
        "South Africa",
        "South Korea",
        "Spain",
        "Sweden",
        "Switzerland",
        "Taiwan",
        "Thailand",
        "Turkey",
        "USA",
        "Uganda",
        "United Arab Emirates",
        "United Kingdom",
        "Uruguay",
        "Vietnam",
        "?"
      ],
      "equilibrium_probabilities": [
        0.019048123884077405,
        0.01778152277292651,
        0.016701533330316657,
        0.01851740015103095,
        0.017202113248322586,
        0.017309311740802052,
        0.01772878622312193,
        0.017455573463148313,
        0.01810860711856004,
        0.010923210088805344,
        0.017910413636288276,
        0.0177521621033476,
        0.01799813850856248,
        0.017557170243415684,
        0.017865144605686674,
        0.011776030028636048,
        0.018466099810812712,
        0.01595745384550248,
        0.018851560495383442,
        0.01643073531549341,
        0.01685106059001973,
        0.01836260485912505,
        0.01713491952815512,
        0.016598588483033663,
        0.015318639168783017,
        0.014833299823867012,
        0.01824411045132292,
        0.018668407596321254,
        0.01881248606109332,
        0.012322307139028368,
        0.017312201831961516,
        0.018233399600491973,
        0.018199538568269114,
        0.014676919052066261,
        0.01899633407047889,
        0.01833802332287846,
        0.01577546324608317,
        0.01748902113772805,
        0.01773891451997614,
        0.017824721011850616,
        0.018158188034751884,
        0.01594410634118049,
        0.01692109044697661,
        0.018208401364269912,
        0.016968657139095875,
        0.01754223696725098,
        0.016157909032449336,
        0.014253720669539272,
        0.01468827900000311,
        0.011770511803363583,
        0.016938102647954412,
        0.01609436031317302,
        0.017487493930694015,
        0.01680947593013314,
        0.018703521340260123,
        0.01742721870937251,
        0.016625843404681706,
        0.018704358636318783,
        0.017524473611756967
      ],
      "rate": 343.8344711660448,
      "transition_matrix": [
        [
          0.0,
          0.7931202867953425,
          1.0291877484654572,
          0.7732091910614309,
          0.862291455255881,
          0.7738665818820522,
          1.4491385821515435,
          0.7835818543813075,
          0.8010970164715444,
          0.775704317006232,
          1.4324827114441647,
          1.0971024682649966,
          0.7734587489192908,
          1.0778989126675824,
          0.7719014695477036,
          1.0682620144547186,
          0.773106441297284,
          0.7843415480920374,
          0.7819882824923698,
          0.7695132151478591,
          0.775578502940822,
          0.9103051671808917,
          0.7804489082518293,
          1.9733524400659614,
          0.9121959139352953,
          0.8618796545782539,
          0.8288376835231995,
          0.7689437123055943,
          0.7724528748430017,
          1.0576180121615637,
          0.768123849476911,
          0.780193947354882,
          0.7771011495729492,
          1.1166282012771547,
          0.7771112518060747,
          0.7701733090160905,
          0.7769744240087959,
          0.8095983121794362,
          1.3649174073335686,
          1.0929035958930513,
          0.7708635247357862,
          1.649283542467809,
          0.7736999172459469,
          0.7750369464877065,
          0.7740585117040798,
          1.003186569813352,
          0.7694897115541777,
          2.4067368155529625,
          0.8925450490201742,
          1.7229785624048521,
          0.7762117754563994,
          0.7691088037070992,
          0.7767392287215756,
          0.7852554640694683,
          0.7729273226249282,
          0.7748707742883643,
          0.9810019189786061,
          0.868659795465124,
          0.8960301853345978
        ],
        [
          0.7931202867953425,
          0.0,
          0.9195748432321201,
          1.4843516682828102,
          1.1628183942526737,
          0.7790983529599025,
          0.8004209545069698,
          1.4127387172234378,
          1.0694125429372783,
          4.818696065920583,
          1.1138967298346152,
          0.792410817421667,
          0.823959011810094,
          0.807159041034923,
          1.1227145629227508,
          1.8303331774072715,
          0.7801152883182721,
          0.8495301101257374,
          0.7990888666093094,
          1.888594397810066,
          0.779429809501111,
          1.0685180776998127,
          1.4719164633650765,
          1.4860140139928366,
          1.6642372074773129,
          2.707849775619998,
          0.9277309457012102,
          0.7770482930563084,
          0.7797586535530893,
          0.9190788420713252,
          0.7804462605848423,
          0.8430053740800313,
          1.0461831163628732,
          0.8225673151914783,
          0.9048714070450795,
          0.7770170348309731,
          1.3861162546936905,
          2.1112272339682647,
          1.013254728903693,
          0.7847383135717264,
          0.8244961193739512,
          1.0506716780247882,
          1.5130643051360122,
          0.7887235407260632,
          1.5376770425324537,
          0.7785242146061384,
          0.9058473038823636,
          1.6057610714362645,
          1.3937499422123583,
          1.7366356247520287,
          1.2268042346128147,
          0.9479046682795326,
          0.9555110133639431,
          2.820487673863806,
          1.1784635945953563,
          1.6009873696656522,
          1.204098723565991,
          1.0452309300006886,
          1.2063563856863013
        ],
        [
          1.0291877484654572,
          0.9195748432321201,
          0.0,
          0.7788938030446536,
          0.8552866361693585,
          0.7781413829937611,
          0.8168539524912787,
          0.7885791818426914,
          0.8249313573187325,
          0.8792594891635539,
          1.0396987924809518,
          0.8707706675112075,
          0.7773220925411302,
          0.8351868708833609,
          0.7800224372620285,
          1.9710808927076438,
          0.7787150176585995,
          1.743939385156514,
          0.9169176495848924,
          0.85340411131911,
          0.8454134995151961,
          1.609837337056393,
          1.2345287255302775,
          0.9351080277902476,
          2.316882743427502,
          0.7907086988564034,
          0.7924258768870148,
          0.7709290464326902,
          0.7966286180547344,
          0.8443111046155998,
          0.7701674482674412,
          0.8958504989287653,
          0.777961864492873,
          2.840949181641129,
          1.080272551313802,
          0.8870565923341965,
          1.4938684711883639,
          1.716102415067238,
          1.178096170979361,
          1.1650650236163231,
          0.7736536923529523,
          1.3474104422426125,
          1.560925209924978,
          1.1704092022487091,
          0.7791896366660223,
          1.1833088931258693,
          0.8083378530271856,
          0.9267062277590196,
          0.794098322264317,
          2.7568800185110454,
          0.8375161463204583,
          0.7716845570987748,
          0.7800897461726278,
          0.8017959445386788,
          0.9586761486809157,
          0.816717510350599,
          1.2621356933020345,
          0.7735223599734495,
          1.1896621972289092
        ],
        [
          0.7732091910614309,
          1.4843516682828102,
          0.7788938030446536,
          0.0,
          0.7831859122423502,
          0.7716690744625749,
          0.7749643402457516,
          0.7726642384703668,
          0.7771322416698772,
          0.7774811360367915,
          0.9955165644559723,
          0.8452756666467168,
          1.1556358342625037,
          0.776559159182624,
          0.7697346134035141,
          0.8452313619609638,
          0.9402062139643571,
          0.8681870301578677,
          0.8125884194976322,
          0.7689831404547524,
          0.7716625082326612,
          0.7709833636133798,
          1.2163083350164972,
          0.7739915256179019,
          0.8067401672496919,
          0.7770009172497853,
          0.7738914228796419,
          0.7676037923497984,
          0.7929172706691899,
          0.7782801548415058,
          1.0135968909507647,
          0.7715934473794943,
          0.8306486351471996,
          0.8524406236522947,
          0.7728749255051383,
          0.7962984337922403,
          0.7751178079577207,
          0.7763862116939468,
          0.781130459268846,
          0.7720417874012186,
          0.7706124902477831,
          1.4353276314823475,
          2.0782468960985256,
          0.7736189619842104,
          0.7758833109001932,
          0.7697465301953844,
          0.7686226704273863,
          1.1629393688976297,
          1.0968825805218265,
          1.5789181940646915,
          0.77600407115942,
          0.7687951268425208,
          0.9865069639790972,
          0.7793341456435928,
          0.7708977821987797,
          0.7752563490101608,
          0.9582710222685499,
          0.7704269656760779,
          1.1212241413350301
        ],
        [
          0.862291455255881,
          1.1628183942526737,
          0.8552866361693585,
          0.7831859122423502,
          0.0,
          1.1833483870340193,
          0.8108117874865305,
          0.9445548879257588,
          0.8436040895238321,
          0.7840128051361143,
          0.8384875339194142,
          0.7845142026121577,
          3.911022032725152,
          1.139929964955542,
          0.7920066107007743,
          2.735399232488242,
          0.7772841486268172,
          1.5804918305057933,
          0.8713505183558521,
          0.7709455104023135,
          1.8317285822551517,
          0.7808964861377874,
          0.8410232241708332,
          0.8062985126549153,
          0.911886070483698,
          0.8872952340757514,
          0.7979840400622481,
          0.7694828421931712,
          0.779867387515256,
          1.8203003588396376,
          0.7688165770353617,
          0.7896830737352282,
          1.4598779142161935,
          2.121556584013018,
          0.790690465454725,
          0.7832987642552529,
          1.17869586496611,
          0.7904299504454755,
          2.646653838291842,
          0.7819366420026743,
          0.7750417199906944,
          0.8213648765673544,
          0.7756928163728172,
          1.0558245387703076,
          0.7842287724882505,
          0.7922680976328036,
          0.7703817354467936,
          1.8221085963601331,
          1.0489865515246561,
          4.736532903379074,
          1.0153359828675943,
          0.7704017821120042,
          1.895672215819464,
          0.8900272704296902,
          0.7879757296443027,
          0.7788268750603665,
          1.1527708588847085,
          0.7718948702338108,
          0.7949552081162677
        ],
        [
          0.7738665818820522,
          0.7790983529599025,
          0.7781413829937611,
          0.7716690744625749,
          1.1833483870340193,
          0.0,
          1.2939565791967462,
          0.7748010649247128,
          0.7766540931279403,
          0.7721327848642915,
          0.7766890834640057,
          1.318578927979312,
          0.7722363716904213,
          0.779064070017884,
          0.7689704288325369,
          1.4904112680975758,
          0.77141714040739,
          0.8294623565749929,
          0.8923224866569623,
          0.7684199560107381,
          0.7713278181280571,
          0.7718454151234209,
          0.7775717206446335,
          0.7743363993301475,
          1.5298365152415478,
          0.7755707118061675,
          0.7732804241037666,
          0.7677648256643186,
          1.1598684050663346,
          1.044628772409905,
          0.7671968532889907,
          0.771644894095802,
          0.7732762189928296,
          1.5285813938275048,
          0.7728337219368684,
          0.7696385179304531,
          0.8514269782788668,
          0.7884020738183554,
          0.779229012504329,
          0.7763243010619035,
          0.7703074407956736,
          1.0010523481416673,
          0.7712453283666791,
          0.772317244827198,
          0.771994534775554,
          0.7700397756785483,
          0.7682274918837467,
          0.7723837259489994,
          1.1967719718985532,
          2.07378119375851,
          0.7750242073092557,
          0.7678032588719814,
          0.925857343930065,
          0.7832446394726416,
          0.7702174008966501,
          0.7735142427490077,
          0.8969855763721993,
          0.7858919951326098,
          0.7773258396009165
        ],
        [
          1.4491385821515435,
          0.8004209545069698,
          0.8168539524912787,
          0.7749643402457516,
          0.8108117874865305,
          1.2939565791967462,
          0.0,
          0.9836533036334608,
          2.234824923137586,
          0.8145900171525723,
          0.8202074422663895,
          0.8300266880699465,
          0.7740211557060979,
          0.8037495747492617,
          0.7828437960453103,
          1.5553097174295305,
          0.7902136938537356,
          1.1834184330826771,
          1.0658348806317324,
          0.7697502980948194,
          0.7759047062301934,
          0.9853530144580119,
          0.7830909377219488,
          0.7796207638253138,
          1.0474629090011633,
          0.7849414320229353,
          0.7776270446158012,
          0.7688006254319119,
          0.7732760375396901,
          1.2205900126244926,
          0.7686149259126366,
          0.7796553257367919,
          0.7856879002051378,
          2.821093331187498,
          0.7808890801904765,
          0.7712669671146118,
          0.7786287780808429,
          0.9307376093861911,
          1.1096644035038954,
          0.7765200520224107,
          0.7711755279040267,
          0.9732532039348293,
          0.9192567518075655,
          0.7771639611090636,
          0.7755884740567186,
          1.157092998255643,
          0.7699548435245788,
          0.7938369327324144,
          0.7936433335667822,
          1.8898024700032285,
          0.7812618156279104,
          0.7695751641589781,
          0.9646106165423968,
          0.8141784044331554,
          0.773096819354566,
          0.7754432063251923,
          1.8061424791628289,
          1.1612437247957696,
          0.7805623399039249
        ],
        [
          0.7835818543813075,
          1.4127387172234378,
          0.7885791818426914,
          0.7726642384703668,
          0.9445548879257588,
          0.7748010649247128,
          0.9836533036334608,
          0.0,
          1.6590297487462955,
          1.1555320995909848,
          0.794788827313831,
          0.7777157108009509,
          0.9974583116552093,
          1.400224231616687,
          1.150063343692657,
          3.6538782093440965,
          0.7755635330081163,
          2.090460728246596,
          0.7801809705578276,
          0.8196413875844937,
          0.7791210540343078,
          0.7745319066075277,
          0.7823983287893809,
          1.8226523082612553,
          0.8287557387447959,
          1.1705064922564146,
          0.9283640850152105,
          1.023770861861331,
          0.771290063753258,
          1.2584089016189892,
          0.7691996769492923,
          0.7749296874066025,
          0.7773085434799607,
          0.9444628627404975,
          0.8876142757659706,
          0.8241613580178521,
          0.7881651738870123,
          0.9922610175601325,
          1.1872666907147886,
          0.7769494388151615,
          0.7715636332262564,
          0.7793707928004694,
          0.7747740671438803,
          1.4925749154192132,
          0.7800516087078835,
          0.7715011205708926,
          0.7720529871081931,
          0.7947728260272277,
          0.858823640546021,
          0.8060377274949815,
          0.831984804526809,
          0.7714102025041949,
          0.7984927833029067,
          3.260612638885484,
          0.8379956289342303,
          0.9091401441027048,
          1.4517744573909144,
          0.7723351019986855,
          0.7795937151149357
        ],
        [
          0.8010970164715444,
          1.0694125429372783,
          0.8249313573187325,
          0.7771322416698772,
          0.8436040895238321,
          0.7766540931279403,
          2.234824923137586,
          1.6590297487462955,
          0.0,
          1.053584530018112,
          0.7944455158550613,
          1.0168046760728224,
          0.7868393384762036,
          0.869441810757149,
          0.7743857598500756,
          1.1015177053127225,
          0.844742254647702,
          1.5351049058022879,
          0.9057880721885122,
          0.7720509921245989,
          0.9429595007924612,
          0.7756675458916612,
          0.8905880112987712,
          1.075246118246016,
          1.130160055279993,
          0.8229420801438103,
          0.8307010456376431,
          0.7708277330186075,
          0.7730151683811962,
          0.7861786061619315,
          0.8595951549713003,
          1.170400244424067,
          1.0152987563311806,
          0.848872590985703,
          0.9995313374488216,
          0.7723144654031094,
          0.8398248140589336,
          1.2846584057904047,
          1.2977013838010134,
          1.2261862499594416,
          0.7757855222542007,
          0.7949108262268265,
          1.100778155054737,
          1.0677742971016784,
          0.8925099421461458,
          0.7714618477353553,
          0.7723099077415541,
          2.9122679310896786,
          0.85853781787951,
          2.2439282051826535,
          0.9253961229128898,
          0.7717497777971588,
          0.7801751717996058,
          1.2011680276494598,
          0.8749651492951772,
          0.7781091334563052,
          2.1192460024475936,
          0.930798292463615,
          0.8235825665675914
        ],
        [
          0.775704317006232,
          4.818696065920583,
          0.8792594891635539,
          0.7774811360367915,
          0.7840128051361143,
          0.7721327848642915,
          0.8145900171525723,
          1.1555320995909848,
          1.053584530018112,
          0.0,
          1.3782930578522639,
          0.7769518694438003,
          0.9315658212083823,
          0.8767918721006317,
          0.7993179793355201,
          1.0881750655282414,
          1.0666606025431067,
          1.3978731620285352,
          0.8820573802509941,
          4.956909433398277,
          0.7734990036275743,
          1.002471842462643,
          1.5874463157051544,
          1.1696646440618061,
          1.2021301847259231,
          3.130978546590106,
          0.8196097934191919,
          0.770255157267534,
          1.2798614960821397,
          1.4145639652508166,
          3.2680589625844796,
          1.4313042700682927,
          0.7764810476982023,
          1.1621430784416533,
          0.8203405412818265,
          0.7916949454630942,
          0.7969963911202095,
          1.9099806043446332,
          0.7988993629407429,
          0.7772079421689737,
          0.776753821551374,
          0.7845299086808679,
          1.5766021264051298,
          1.1620622856315088,
          4.7451814573987825,
          1.157297910222093,
          4.0891192671633485,
          2.02029086757768,
          1.9619759322490284,
          0.8014038602078182,
          5.6044059300787366,
          5.166019028748248,
          1.7097335134965947,
          5.875498800941506,
          0.9106231723206196,
          3.869322625853335,
          1.6142404624082922,
          1.1024323900970425,
          1.6410892680218612
        ],
        [
          1.4324827114441647,
          1.1138967298346152,
          1.0396987924809518,
          0.9955165644559723,
          0.8384875339194142,
          0.7766890834640057,
          0.8202074422663895,
          0.794788827313831,
          0.7944455158550613,
          1.3782930578522639,
          0.0,
          0.8841682321972009,
          0.8024100311202322,
          0.9032513680446471,
          0.8061329687641071,
          1.938145551846768,
          1.0304334879639707,
          1.5938518967787114,
          0.9765709096779686,
          0.7732449870102571,
          0.8188912812182663,
          0.7764328984748694,
          1.553807062042574,
          1.3081161711720342,
          1.2847403626138394,
          1.1414529457346234,
          0.8069348331077651,
          0.7702786379248345,
          0.7733020167959072,
          1.1075377534149424,
          0.7724686460072858,
          0.7765231612147598,
          0.7895483228201746,
          1.7258100592911507,
          0.7794340079197648,
          0.7727489707732539,
          0.7830523300630209,
          0.7813257535389346,
          1.277605524923335,
          0.9357158233640867,
          0.7729677074032458,
          0.791157243003324,
          0.7780223800219085,
          0.781740132967037,
          0.7885123444192759,
          0.7737762116110981,
          0.7724596783843909,
          1.7593119442183105,
          1.367572781617632,
          0.9032909175843332,
          1.293012102101987,
          0.7769193614657842,
          0.7805206769591718,
          1.0621092247209145,
          0.7752389960606559,
          0.7792121721803892,
          1.194465874507272,
          0.7732608341559174,
          0.9401356853724949
        ],
        [
          1.0971024682649966,
          0.792410817421667,
          0.8707706675112075,
          0.8452756666467168,
          0.7845142026121577,
          1.318578927979312,
          0.8300266880699465,
          0.7777157108009509,
          1.0168046760728224,
          0.7769518694438003,
          0.8841682321972009,
          0.0,
          0.7746674869082697,
          1.0505527265320596,
          0.7709180697237961,
          1.942544924755234,
          0.7749693257159906,
          0.8006078320541333,
          1.0728810709198533,
          1.0349448071914944,
          0.7743280594247207,
          0.7741336615759536,
          1.321417689485747,
          0.7822622418335393,
          1.2855484782277138,
          0.8397481975727599,
          1.1542406222432924,
          0.7698001859031021,
          0.7744037653538889,
          0.7876070278850441,
          0.7698139172719288,
          0.7769963326918531,
          0.782005032045722,
          1.9099480745829371,
          0.7776106737331452,
          0.7722196562565646,
          0.8153284326692228,
          0.7806566430570167,
          0.8617365789824254,
          0.888855121669558,
          0.7739337484391168,
          1.1791761766351392,
          0.7800259363397047,
          0.775041296955712,
          0.7768018602939392,
          0.7734867326110425,
          0.7703981722451948,
          0.7783243701481403,
          1.318469954114082,
          1.9877593606494848,
          0.7818492531671025,
          0.770439428146897,
          1.2085375368780114,
          0.7886153892034302,
          0.7731239262213093,
          0.778334282195952,
          1.310442198057978,
          0.7726399256550699,
          0.8602026688327944
        ],
        [
          0.7734587489192908,
          0.823959011810094,
          0.7773220925411302,
          1.1556358342625037,
          3.911022032725152,
          0.7722363716904213,
          0.7740211557060979,
          0.9974583116552093,
          0.7868393384762036,
          0.9315658212083823,
          0.8024100311202322,
          0.7746674869082697,
          0.0,
          0.8315231212115735,
          0.769838380570569,
          1.8322842115611282,
          0.7746453748551165,
          1.4181785943824203,
          0.8379614087097218,
          0.7686867057803976,
          0.8299209425878847,
          0.7711938587145665,
          0.8011452568467786,
          0.9015002913386677,
          0.9031258496039818,
          0.7774792151396572,
          0.894251507518446,
          0.7675704358528325,
          0.7698563917424582,
          2.1029997227680304,
          0.7679924215543404,
          0.7711650559981789,
          0.7944879089691963,
          0.9940154438976387,
          0.7741217843600954,
          0.7694969646749855,
          1.0084424197955788,
          0.7740884980809093,
          1.5597545616218969,
          0.7770065730220376,
          0.7687750211625874,
          0.777178947670201,
          0.7718534387857623,
          0.7745699103881029,
          0.7796117533032063,
          0.7691973582117203,
          0.7687550062110469,
          0.7737658959220716,
          0.7809580672384535,
          0.9641611000631137,
          0.7756511107599575,
          0.7686008194204871,
          0.7751667804940675,
          0.7814919069666487,
          0.7708392821759633,
          0.7718722178369447,
          0.7979642187811169,
          0.7690617746367463,
          1.069867137245612
        ],
        [
          1.0778989126675824,
          0.807159041034923,
          0.8351868708833609,
          0.776559159182624,
          1.139929964955542,
          0.779064070017884,
          0.8037495747492617,
          1.400224231616687,
          0.869441810757149,
          0.8767918721006317,
          0.9032513680446471,
          1.0505527265320596,
          0.8315231212115735,
          0.0,
          0.779126414559649,
          1.9801610594464707,
          0.7816411445230159,
          1.5291604296239902,
          1.0695612830518204,
          0.7729511452249989,
          0.7832388436402639,
          0.7767447983159557,
          0.8181870007688823,
          1.3466152135806715,
          0.9004150219823344,
          0.8529557940784416,
          0.9005661009419172,
          0.7715593253513746,
          1.1593432880729506,
          1.1996255923367682,
          0.771024010984815,
          0.7757903226807078,
          0.8850553215321215,
          2.0000440109198876,
          1.1676464176289065,
          0.8376594213109421,
          0.893345931777932,
          0.8761792266090979,
          0.8193235161139925,
          0.7792871270005833,
          1.1550531635544699,
          0.7889357282980554,
          0.7756704677994218,
          0.8415074304445403,
          0.7791832855196044,
          0.7736449350287231,
          0.7723014646077797,
          1.1621687440196264,
          2.6252507668548772,
          1.934820191585108,
          0.9347265513388467,
          0.7725858142062348,
          0.9996103275109498,
          0.8093908291834807,
          0.9212452984709131,
          0.7878766909690033,
          1.0618722563603744,
          0.7732683580206544,
          0.8048109542890237
        ],
        [
          0.7719014695477036,
          1.1227145629227508,
          0.7800224372620285,
          0.7697346134035141,
          0.7920066107007743,
          0.7689704288325369,
          0.7828437960453103,
          1.150063343692657,
          0.7743857598500756,
          0.7993179793355201,
          0.8061329687641071,
          0.7709180697237961,
          0.769838380570569,
          0.779126414559649,
          0.0,
          1.2101297067816574,
          0.7803894205281255,
          0.7787782921757918,
          0.772245270372839,
          0.7679260987330915,
          1.1587873631679513,
          1.0061679330074231,
          1.1473911386104816,
          0.7730350373979258,
          0.7997931654540243,
          0.7825843652557942,
          0.7723082081608755,
          0.766421827302293,
          0.7674851212040219,
          1.7052033477700388,
          0.767984247998869,
          0.7702121410869136,
          0.7731826675310746,
          1.2291989543754112,
          0.7736719779554996,
          0.7678371490739068,
          0.9385596937275547,
          0.7729095954235208,
          1.1784250176353055,
          0.7698424054304828,
          0.7677319838278077,
          0.7744314332773836,
          1.1030080686314476,
          1.110375256132694,
          0.9493995166797912,
          0.7677701191254985,
          1.0308658770203674,
          1.5180077058294836,
          0.7756237839467858,
          0.80026821663879,
          0.7775625298144802,
          0.7679643715163678,
          0.7769773293797537,
          2.0364127210552017,
          0.7704338409290209,
          0.7709152976562634,
          0.894877978579268,
          0.7678513597157884,
          0.7742351209967612
        ],
        [
          1.0682620144547186,
          1.8303331774072715,
          1.9710808927076438,
          0.8452313619609638,
          2.735399232488242,
          1.4904112680975758,
          1.5553097174295305,
          3.6538782093440965,
          1.1015177053127225,
          1.0881750655282414,
          1.938145551846768,
          1.942544924755234,
          1.8322842115611282,
          1.9801610594464707,
          1.2101297067816574,
          0.0,
          0.8462204555128855,
          3.983427036771935,
          1.1087056345472777,
          0.7823236296134222,
          1.2145424852370572,
          0.8084342469827036,
          1.7105430997472872,
          3.49214620833119,
          3.0743525670896057,
          1.94988822880415,
          1.0150654471811298,
          0.7773435386903695,
          0.865600262832732,
          6.885928035588785,
          0.7782040414964246,
          0.787300082837701,
          2.2584438086291327,
          3.255949547169629,
          1.3461227257914983,
          1.3870724199295787,
          1.8987090651243874,
          0.8189139755578635,
          1.1293502234184698,
          2.3379439403241165,
          0.7858955897534061,
          0.8082760888436443,
          1.4981599690746266,
          1.2460008200587587,
          1.5582290171778361,
          1.1202565286372923,
          0.995673598675614,
          1.5049046364922691,
          2.436623640405329,
          3.1388904211006103,
          1.3337384996466908,
          1.1573518314422173,
          1.2602253452546746,
          3.6147710893169998,
          0.8093479347655862,
          0.8792837113486662,
          1.9392615092434262,
          0.8775998582700384,
          1.2814397742543662
        ],
        [
          0.773106441297284,
          0.7801152883182721,
          0.7787150176585995,
          0.9402062139643571,
          0.7772841486268172,
          0.77141714040739,
          0.7902136938537356,
          0.7755635330081163,
          0.844742254647702,
          1.0666606025431067,
          1.0304334879639707,
          0.7749693257159906,
          0.7746453748551165,
          0.7816411445230159,
          0.7803894205281255,
          0.8462204555128855,
          0.0,
          1.0168041523152602,
          0.7809037172365207,
          0.7688501048829901,
          0.9959758279608008,
          0.7722461666105455,
          0.8729107293043377,
          0.7740620270755991,
          1.29283582707254,
          0.77874277248786,
          0.7736466598201546,
          0.7678092885203793,
          0.7697742625201258,
          1.1639937842007373,
          0.768770541449244,
          0.7717343897793553,
          0.8784960743573627,
          1.3715632571133594,
          0.7747321233272654,
          0.7688044841597332,
          0.9435505297936093,
          1.1334003129342265,
          1.060886963084658,
          0.7733882977897245,
          0.769703110780207,
          0.9753298094279979,
          0.7741167583289764,
          0.7782921248613366,
          1.0473441168000561,
          0.7703124269729754,
          0.7685090746939831,
          1.1984545484727702,
          0.7990719320880584,
          0.9832229315510769,
          0.869159719434137,
          0.7683980246426206,
          0.7997689486017537,
          0.7792157783149285,
          0.7711307557284912,
          0.7746833691866449,
          1.0271063479599223,
          0.7695341587329236,
          0.7824942005226726
        ],
        [
          0.7843415480920374,
          0.8495301101257374,
          1.743939385156514,
          0.8681870301578677,
          1.5804918305057933,
          0.8294623565749929,
          1.1834184330826771,
          2.090460728246596,
          1.5351049058022879,
          1.3978731620285352,
          1.5938518967787114,
          0.8006078320541333,
          1.4181785943824203,
          1.5291604296239902,
          0.7787782921757918,
          3.983427036771935,
          1.0168041523152602,
          0.0,
          0.9179389661060524,
          0.9780632090646024,
          0.7990668698883039,
          0.8781104843008375,
          1.4609893296248804,
          1.4801623237516548,
          1.8138233710159246,
          1.371965242559629,
          0.9297254679714376,
          0.7718292290571399,
          1.2123662515692202,
          2.430612170968899,
          0.7730234790471421,
          0.7808452745361256,
          0.8136271278768035,
          2.7213002783106934,
          1.4131062235004619,
          0.7772288587688572,
          1.0395505762858108,
          0.7859112008218093,
          1.1906612738530937,
          1.583683326352928,
          0.7751393753922029,
          1.9751077172956584,
          0.7838671405742205,
          0.8644976272994811,
          1.1573051884654517,
          0.7771703411707859,
          0.7742416317990978,
          1.2110283827110502,
          1.0841301516802235,
          1.9164720742985053,
          0.970838695207111,
          0.7795896672237917,
          0.7855784345285892,
          1.8813120694744616,
          0.9893291199124618,
          0.786393115049004,
          0.9444199382174376,
          0.7755599974178018,
          0.7908581527273028
        ],
        [
          0.7819882824923698,
          0.7990888666093094,
          0.9169176495848924,
          0.8125884194976322,
          0.8713505183558521,
          0.8923224866569623,
          1.0658348806317324,
          0.7801809705578276,
          0.9057880721885122,
          0.8820573802509941,
          0.9765709096779686,
          1.0728810709198533,
          0.8379614087097218,
          1.0695612830518204,
          0.772245270372839,
          1.1087056345472777,
          0.7809037172365207,
          0.9179389661060524,
          0.0,
          0.7733017197866325,
          0.777744197725415,
          0.7854210745841441,
          0.9273408580834773,
          0.7815532731130751,
          1.2003913688329613,
          1.1646430212875527,
          1.579414540406393,
          0.7708509229667283,
          1.0421568943308839,
          0.7882215232662034,
          0.7718054401100826,
          0.816812371627414,
          0.8945956790702594,
          1.1736230620651367,
          0.7895751105189882,
          1.1726616472594036,
          0.7861618528350555,
          0.8789731515167591,
          0.8724774340546679,
          1.3351192067979418,
          0.7750838357374937,
          1.0586110602435252,
          0.7764802205921862,
          0.7759470975767009,
          0.8086713408601609,
          0.7733724127014788,
          0.7730784564049533,
          0.9918404841887929,
          1.0118026362599124,
          1.3218115486286146,
          0.8560877939006377,
          0.773831240520122,
          0.7817907959940865,
          0.791206994751527,
          0.7751032563631386,
          0.7842924442201521,
          3.3254594124610555,
          0.7748298415504125,
          1.1532761743002813
        ],
        [
          0.7695132151478591,
          1.888594397810066,
          0.85340411131911,
          0.7689831404547524,
          0.7709455104023135,
          0.7684199560107381,
          0.7697502980948194,
          0.8196413875844937,
          0.7720509921245989,
          4.956909433398277,
          0.7732449870102571,
          1.0349448071914944,
          0.7686867057803976,
          0.7729511452249989,
          0.7679260987330915,
          0.7823236296134222,
          0.7688501048829901,
          0.9780632090646024,
          0.7733017197866325,
          0.0,
          0.7678030884754926,
          0.7759916937347303,
          0.7756869260848435,
          0.7719673698141339,
          1.3013203327796805,
          1.3703687603344505,
          0.7723814338179679,
          0.766399845372853,
          0.7683164808154501,
          0.7738707275520673,
          0.7694149623041253,
          0.7749947754874464,
          0.7695723576701328,
          0.775152619445969,
          0.7901004805868675,
          0.76709867706309,
          0.7732511544209608,
          0.7747708700502874,
          0.7742929123885754,
          0.7696784439120464,
          0.7681510233655443,
          0.7735974652302878,
          0.7705121889792692,
          0.769520614496713,
          1.1700138917010137,
          0.7680915276967378,
          0.9815410358902303,
          0.7731537546260149,
          0.8294990177116424,
          0.7784836309968732,
          0.9091676661421958,
          1.0609149695512357,
          0.773107483989864,
          1.1440500800894415,
          0.7700012623924417,
          0.8048329242052735,
          0.7836585188710647,
          0.773318604044605,
          0.7753322676309662
        ],
        [
          0.775578502940822,
          0.779429809501111,
          0.8454134995151961,
          0.7716625082326612,
          1.8317285822551517,
          0.7713278181280571,
          0.7759047062301934,
          0.7791210540343078,
          0.9429595007924612,
          0.7734990036275743,
          0.8188912812182663,
          0.7743280594247207,
          0.8299209425878847,
          0.7832388436402639,
          1.1587873631679513,
          1.2145424852370572,
          0.9959758279608008,
          0.7990668698883039,
          0.777744197725415,
          0.7678030884754926,
          0.0,
          1.2109855232087874,
          0.7780216103911386,
          0.7747291705911267,
          0.7886169602203519,
          2.2551786905965163,
          0.7735835294497969,
          0.7672312651147887,
          0.7687822125159836,
          0.8171721832429713,
          0.7667666610999635,
          0.7747468304056758,
          0.9848272235136549,
          2.1335672676193136,
          0.7732707057242443,
          0.7685426982286391,
          0.7732819037422237,
          0.7734802952950725,
          0.8192252764796617,
          0.7730720336159863,
          0.768925705770706,
          1.9399962640336341,
          0.7703468589257269,
          0.7728789948675726,
          0.7724830521476748,
          0.7688861385095296,
          0.7683356966503279,
          2.9469224944267283,
          0.7778808449519143,
          2.0220558221060054,
