Map from character to field name
A:	Argentina
B:	Australia
C:	Austria
D:	Bangladesh
E:	Belgium
F:	Bosnia and Herzegovina
G:	Brazil
H:	Canada
I:	Chile
J:	China
K:	Colombia
L:	Czech Republic
M:	Democratic Republic of the Congo
N:	Denmark
O:	Finland
P:	France
Q:	Georgia
R:	Germany
S:	Greece
T:	Hong Kong
U:	Hungary
V:	Iceland
W:	India
X:	Israel
Y:	Italy
Z:	Japan
[:	Jordan
\:	Kazakhstan
]:	Latvia
^:	Luxembourg
_:	Malaysia
`:	Mexico
a:	Morocco
b:	Netherlands
c:	New Zealand
d:	Nigeria
e:	Norway
f:	Oman
g:	Poland
h:	Portugal
i:	Romania
j:	Russia
k:	Saudi Arabia
l:	Senegal
m:	Singapore
n:	South Africa
o:	South Korea
p:	Spain
q:	Sweden
r:	Switzerland
s:	Taiwan
t:	Thailand
u:	Turkey
v:	USA
w:	Uganda
x:	United Arab Emirates
y:	United Kingdom
z:	Uruguay
{:	Vietnam
|:	?


Substitution rate (mu): 343.834471

Equilibrium frequencies (pi_i):
  A: 0.019
  B: 0.0178
  C: 0.0167
  D: 0.0185
  E: 0.0172
  F: 0.0173
  G: 0.0177
  H: 0.0175
  I: 0.0181
  J: 0.0109
  K: 0.0179
  L: 0.0178
  M: 0.018
  N: 0.0176
  O: 0.0179
  P: 0.0118
  Q: 0.0185
  R: 0.016
  S: 0.0189
  T: 0.0164
  U: 0.0169
  V: 0.0184
  W: 0.0171
  X: 0.0166
  Y: 0.0153
  Z: 0.0148
  [: 0.0182
  \: 0.0187
  ]: 0.0188
  ^: 0.0123
  _: 0.0173
  `: 0.0182
  a: 0.0182
  b: 0.0147
  c: 0.019
  d: 0.0183
  e: 0.0158
  f: 0.0175
  g: 0.0177
  h: 0.0178
  i: 0.0182
  j: 0.0159
  k: 0.0169
  l: 0.0182
  m: 0.017
  n: 0.0175
  o: 0.0162
  p: 0.0143
  q: 0.0147
  r: 0.0118
  s: 0.0169
  t: 0.0161
  u: 0.0175
  v: 0.0168
  w: 0.0187
  x: 0.0174
  y: 0.0166
  z: 0.0187
  {: 0.0175

Symmetrized rates from j->i (W_ij):
	A	B	C	D	E	F	G	H	I	J	K	L	M	N	O	P	Q	R	S	T	U	V	W	X	Y	Z	[	\	]	^	_	`	a	b	c	d	e	f	g	h	i	j	k	l	m	n	o	p	q	r	s	t	u	v	w	x	y	z	{
  A	0	0.7931	1.0292	0.7732	0.8623	0.7739	1.4491	0.7836	0.8011	0.7757	1.4325	1.0971	0.7735	1.0779	0.7719	1.0683	0.7731	0.7843	0.782	0.7695	0.7756	0.9103	0.7804	1.9734	0.9122	0.8619	0.8288	0.7689	0.7725	1.0576	0.7681	0.7802	0.7771	1.1166	0.7771	0.7702	0.777	0.8096	1.3649	1.0929	0.7709	1.6493	0.7737	0.775	0.7741	1.0032	0.7695	2.4067	0.8925	1.723	0.7762	0.7691	0.7767	0.7853	0.7729	0.7749	0.981	0.8687	0.896
  B	0.7931	0	0.9196	1.4844	1.1628	0.7791	0.8004	1.4127	1.0694	4.8187	1.1139	0.7924	0.824	0.8072	1.1227	1.8303	0.7801	0.8495	0.7991	1.8886	0.7794	1.0685	1.4719	1.486	1.6642	2.7078	0.9277	0.777	0.7798	0.9191	0.7804	0.843	1.0462	0.8226	0.9049	0.777	1.3861	2.1112	1.0133	0.7847	0.8245	1.0507	1.5131	0.7887	1.5377	0.7785	0.9058	1.6058	1.3937	1.7366	1.2268	0.9479	0.9555	2.8205	1.1785	1.601	1.2041	1.0452	1.2064
  C	1.0292	0.9196	0	0.7789	0.8553	0.7781	0.8169	0.7886	0.8249	0.8793	1.0397	0.8708	0.7773	0.8352	0.78	1.9711	0.7787	1.7439	0.9169	0.8534	0.8454	1.6098	1.2345	0.9351	2.3169	0.7907	0.7924	0.7709	0.7966	0.8443	0.7702	0.8959	0.778	2.8409	1.0803	0.8871	1.4939	1.7161	1.1781	1.1651	0.7737	1.3474	1.5609	1.1704	0.7792	1.1833	0.8083	0.9267	0.7941	2.7569	0.8375	0.7717	0.7801	0.8018	0.9587	0.8167	1.2621	0.7735	1.1897
  D	0.7732	1.4844	0.7789	0	0.7832	0.7717	0.775	0.7727	0.7771	0.7775	0.9955	0.8453	1.1556	0.7766	0.7697	0.8452	0.9402	0.8682	0.8126	0.769	0.7717	0.771	1.2163	0.774	0.8067	0.777	0.7739	0.7676	0.7929	0.7783	1.0136	0.7716	0.8306	0.8524	0.7729	0.7963	0.7751	0.7764	0.7811	0.772	0.7706	1.4353	2.0782	0.7736	0.7759	0.7697	0.7686	1.1629	1.0969	1.5789	0.776	0.7688	0.9865	0.7793	0.7709	0.7753	0.9583	0.7704	1.1212
  E	0.8623	1.1628	0.8553	0.7832	0	1.1833	0.8108	0.9446	0.8436	0.784	0.8385	0.7845	3.911	1.1399	0.792	2.7354	0.7773	1.5805	0.8714	0.7709	1.8317	0.7809	0.841	0.8063	0.9119	0.8873	0.798	0.7695	0.7799	1.8203	0.7688	0.7897	1.4599	2.1216	0.7907	0.7833	1.1787	0.7904	2.6467	0.7819	0.775	0.8214	0.7757	1.0558	0.7842	0.7923	0.7704	1.8221	1.049	4.7365	1.0153	0.7704	1.8957	0.89	0.788	0.7788	1.1528	0.7719	0.795
  F	0.7739	0.7791	0.7781	0.7717	1.1833	0	1.294	0.7748	0.7767	0.7721	0.7767	1.3186	0.7722	0.7791	0.769	1.4904	0.7714	0.8295	0.8923	0.7684	0.7713	0.7718	0.7776	0.7743	1.5298	0.7756	0.7733	0.7678	1.1599	1.0446	0.7672	0.7716	0.7733	1.5286	0.7728	0.7696	0.8514	0.7884	0.7792	0.7763	0.7703	1.0011	0.7712	0.7723	0.772	0.77	0.7682	0.7724	1.1968	2.0738	0.775	0.7678	0.9259	0.7832	0.7702	0.7735	0.897	0.7859	0.7773
  G	1.4491	0.8004	0.8169	0.775	0.8108	1.294	0	0.9837	2.2348	0.8146	0.8202	0.83	0.774	0.8037	0.7828	1.5553	0.7902	1.1834	1.0658	0.7698	0.7759	0.9854	0.7831	0.7796	1.0475	0.7849	0.7776	0.7688	0.7733	1.2206	0.7686	0.7797	0.7857	2.8211	0.7809	0.7713	0.7786	0.9307	1.1097	0.7765	0.7712	0.9733	0.9193	0.7772	0.7756	1.1571	0.77	0.7938	0.7936	1.8898	0.7813	0.7696	0.9646	0.8142	0.7731	0.7754	1.8061	1.1612	0.7806
  H	0.7836	1.4127	0.7886	0.7727	0.9446	0.7748	0.9837	0	1.659	1.1555	0.7948	0.7777	0.9975	1.4002	1.1501	3.6539	0.7756	2.0905	0.7802	0.8196	0.7791	0.7745	0.7824	1.8227	0.8288	1.1705	0.9284	1.0238	0.7713	1.2584	0.7692	0.7749	0.7773	0.9445	0.8876	0.8242	0.7882	0.9923	1.1873	0.7769	0.7716	0.7794	0.7748	1.4926	0.7801	0.7715	0.7721	0.7948	0.8588	0.806	0.832	0.7714	0.7985	3.2606	0.838	0.9091	1.4518	0.7723	0.7796
  I	0.8011	1.0694	0.8249	0.7771	0.8436	0.7767	2.2348	1.659	0	1.0536	0.7944	1.0168	0.7868	0.8694	0.7744	1.1015	0.8447	1.5351	0.9058	0.7721	0.943	0.7757	0.8906	1.0752	1.1302	0.8229	0.8307	0.7708	0.773	0.7862	0.8596	1.1704	1.0153	0.8489	0.9995	0.7723	0.8398	1.2847	1.2977	1.2262	0.7758	0.7949	1.1008	1.0678	0.8925	0.7715	0.7723	2.9123	0.8585	2.2439	0.9254	0.7717	0.7802	1.2012	0.875	0.7781	2.1192	0.9308	0.8236
  J	0.7757	4.8187	0.8793	0.7775	0.784	0.7721	0.8146	1.1555	1.0536	0	1.3783	0.777	0.9316	0.8768	0.7993	1.0882	1.0667	1.3979	0.8821	4.9569	0.7735	1.0025	1.5874	1.1697	1.2021	3.131	0.8196	0.7703	1.2799	1.4146	3.2681	1.4313	0.7765	1.1621	0.8203	0.7917	0.797	1.91	0.7989	0.7772	0.7768	0.7845	1.5766	1.1621	4.7452	1.1573	4.0891	2.0203	1.962	0.8014	5.6044	5.166	1.7097	5.8755	0.9106	3.8693	1.6142	1.1024	1.6411
  K	1.4325	1.1139	1.0397	0.9955	0.8385	0.7767	0.8202	0.7948	0.7944	1.3783	0	0.8842	0.8024	0.9033	0.8061	1.9381	1.0304	1.5939	0.9766	0.7732	0.8189	0.7764	1.5538	1.3081	1.2847	1.1415	0.8069	0.7703	0.7733	1.1075	0.7725	0.7765	0.7895	1.7258	0.7794	0.7727	0.7831	0.7813	1.2776	0.9357	0.773	0.7912	0.778	0.7817	0.7885	0.7738	0.7725	1.7593	1.3676	0.9033	1.293	0.7769	0.7805	1.0621	0.7752	0.7792	1.1945	0.7733	0.9401
  L	1.0971	0.7924	0.8708	0.8453	0.7845	1.3186	0.83	0.7777	1.0168	0.777	0.8842	0	0.7747	1.0506	0.7709	1.9425	0.775	0.8006	1.0729	1.0349	0.7743	0.7741	1.3214	0.7823	1.2855	0.8397	1.1542	0.7698	0.7744	0.7876	0.7698	0.777	0.782	1.9099	0.7776	0.7722	0.8153	0.7807	0.8617	0.8889	0.7739	1.1792	0.78	0.775	0.7768	0.7735	0.7704	0.7783	1.3185	1.9878	0.7818	0.7704	1.2085	0.7886	0.7731	0.7783	1.3104	0.7726	0.8602
  M	0.7735	0.824	0.7773	1.1556	3.911	0.7722	0.774	0.9975	0.7868	0.9316	0.8024	0.7747	0	0.8315	0.7698	1.8323	0.7746	1.4182	0.838	0.7687	0.8299	0.7712	0.8011	0.9015	0.9031	0.7775	0.8943	0.7676	0.7699	2.103	0.768	0.7712	0.7945	0.994	0.7741	0.7695	1.0084	0.7741	1.5598	0.777	0.7688	0.7772	0.7719	0.7746	0.7796	0.7692	0.7688	0.7738	0.781	0.9642	0.7757	0.7686	0.7752	0.7815	0.7708	0.7719	0.798	0.7691	1.0699
  N	1.0779	0.8072	0.8352	0.7766	1.1399	0.7791	0.8037	1.4002	0.8694	0.8768	0.9033	1.0506	0.8315	0	0.7791	1.9802	0.7816	1.5292	1.0696	0.773	0.7832	0.7767	0.8182	1.3466	0.9004	0.853	0.9006	0.7716	1.1593	1.1996	0.771	0.7758	0.8851	2.0	1.1676	0.8377	0.8933	0.8762	0.8193	0.7793	1.1551	0.7889	0.7757	0.8415	0.7792	0.7736	0.7723	1.1622	2.6253	1.9348	0.9347	0.7726	0.9996	0.8094	0.9212	0.7879	1.0619	0.7733	0.8048
  O	0.7719	1.1227	0.78	0.7697	0.792	0.769	0.7828	1.1501	0.7744	0.7993	0.8061	0.7709	0.7698	0.7791	0	1.2101	0.7804	0.7788	0.7722	0.7679	1.1588	1.0062	1.1474	0.773	0.7998	0.7826	0.7723	0.7664	0.7675	1.7052	0.768	0.7702	0.7732	1.2292	0.7737	0.7678	0.9386	0.7729	1.1784	0.7698	0.7677	0.7744	1.103	1.1104	0.9494	0.7678	1.0309	1.518	0.7756	0.8003	0.7776	0.768	0.777	2.0364	0.7704	0.7709	0.8949	0.7679	0.7742
  P	1.0683	1.8303	1.9711	0.8452	2.7354	1.4904	1.5553	3.6539	1.1015	1.0882	1.9381	1.9425	1.8323	1.9802	1.2101	0	0.8462	3.9834	1.1087	0.7823	1.2145	0.8084	1.7105	3.4921	3.0744	1.9499	1.0151	0.7773	0.8656	6.8859	0.7782	0.7873	2.2584	3.2559	1.3461	1.3871	1.8987	0.8189	1.1294	2.3379	0.7859	0.8083	1.4982	1.246	1.5582	1.1203	0.9957	1.5049	2.4366	3.1389	1.3337	1.1574	1.2602	3.6148	0.8093	0.8793	1.9393	0.8776	1.2814
  Q	0.7731	0.7801	0.7787	0.9402	0.7773	0.7714	0.7902	0.7756	0.8447	1.0667	1.0304	0.775	0.7746	0.7816	0.7804	0.8462	0	1.0168	0.7809	0.7689	0.996	0.7722	0.8729	0.7741	1.2928	0.7787	0.7736	0.7678	0.7698	1.164	0.7688	0.7717	0.8785	1.3716	0.7747	0.7688	0.9436	1.1334	1.0609	0.7734	0.7697	0.9753	0.7741	0.7783	1.0473	0.7703	0.7685	1.1985	0.7991	0.9832	0.8692	0.7684	0.7998	0.7792	0.7711	0.7747	1.0271	0.7695	0.7825
  R	0.7843	0.8495	1.7439	0.8682	1.5805	0.8295	1.1834	2.0905	1.5351	1.3979	1.5939	0.8006	1.4182	1.5292	0.7788	3.9834	1.0168	0	0.9179	0.9781	0.7991	0.8781	1.461	1.4802	1.8138	1.372	0.9297	0.7718	1.2124	2.4306	0.773	0.7808	0.8136	2.7213	1.4131	0.7772	1.0396	0.7859	1.1907	1.5837	0.7751	1.9751	0.7839	0.8645	1.1573	0.7772	0.7742	1.211	1.0841	1.9165	0.9708	0.7796	0.7856	1.8813	0.9893	0.7864	0.9444	0.7756	0.7909
  S	0.782	0.7991	0.9169	0.8126	0.8714	0.8923	1.0658	0.7802	0.9058	0.8821	0.9766	1.0729	0.838	1.0696	0.7722	1.1087	0.7809	0.9179	0	0.7733	0.7777	0.7854	0.9273	0.7816	1.2004	1.1646	1.5794	0.7709	1.0422	0.7882	0.7718	0.8168	0.8946	1.1736	0.7896	1.1727	0.7862	0.879	0.8725	1.3351	0.7751	1.0586	0.7765	0.7759	0.8087	0.7734	0.7731	0.9918	1.0118	1.3218	0.8561	0.7738	0.7818	0.7912	0.7751	0.7843	3.3255	0.7748	1.1533
  T	0.7695	1.8886	0.8534	0.769	0.7709	0.7684	0.7698	0.8196	0.7721	4.9569	0.7732	1.0349	0.7687	0.773	0.7679	0.7823	0.7689	0.9781	0.7733	0	0.7678	0.776	0.7757	0.772	1.3013	1.3704	0.7724	0.7664	0.7683	0.7739	0.7694	0.775	0.7696	0.7752	0.7901	0.7671	0.7733	0.7748	0.7743	0.7697	0.7682	0.7736	0.7705	0.7695	1.17	0.7681	0.9815	0.7732	0.8295	0.7785	0.9092	1.0609	0.7731	1.1441	0.77	0.8048	0.7837	0.7733	0.7753
  U	0.7756	0.7794	0.8454	0.7717	1.8317	0.7713	0.7759	0.7791	0.943	0.7735	0.8189	0.7743	0.8299	0.7832	1.1588	1.2145	0.996	0.7991	0.7777	0.7678	0	1.211	0.778	0.7747	0.7886	2.2552	0.7736	0.7672	0.7688	0.8172	0.7668	0.7747	0.9848	2.1336	0.7733	0.7685	0.7733	0.7735	0.8192	0.7731	0.7689	1.94	0.7703	0.7729	0.7725	0.7689	0.7683	2.9469	0.7779	2.0221	0.7728	0.7676	0.773	0.7812	0.774	0.7718	0.9929	0.7691	0.7817
  V	0.9103	1.0685	1.6098	0.771	0.7809	0.7718	0.9854	0.7745	0.7757	1.0025	0.7764	0.7741	0.7712	0.7767	1.0062	0.8084	0.7722	0.8781	0.7854	0.776	1.211	0	0.7879	0.8172	0.9924	1.004	0.8206	0.7675	0.7702	1.1566	0.768	0.8232	0.7721	1.5297	1.1017	0.769	1.0133	0.7756	0.7784	0.7712	0.7698	0.7781	0.7707	0.7724	0.7759	0.7692	0.7715	0.8582	0.7781	1.9051	0.7759	0.7975	0.7737	1.1579	0.7704	0.774	1.3083	0.7698	0.7762
  W	0.7804	1.4719	1.2345	1.2163	0.841	0.7776	0.7831	0.7824	0.8906	1.5874	1.5538	1.3214	0.8011	0.8182	1.1474	1.7105	0.8729	1.461	0.9273	0.7757	0.778	0.7879	0	0.8737	1.5864	1.0293	0.7907	0.7716	0.7776	1.3073	2.067	0.7793	0.7907	1.2268	0.8315	0.9248	0.9802	1.5505	1.1809	0.7816	0.8451	1.2343	2.9813	0.873	3.3224	1.1288	0.7748	1.1715	1.1369	1.7787	1.4407	1.5002	1.4129	1.096	0.7791	0.9843	1.2748	1.1568	1.2702
  X	1.9734	1.486	0.9351	0.774	0.8063	0.7743	0.7796	1.8227	1.0752	1.1697	1.3081	0.7823	0.9015	1.3466	0.773	3.4921	0.7741	1.4802	0.7816	0.772	0.7747	0.8172	0.8737	0	1.1561	1.6534	1.1659	1.155	0.7715	1.1645	0.7697	0.7736	0.8007	0.9697	1.2202	0.8596	0.7835	0.7804	0.9842	0.7783	0.7727	0.7834	0.8152	0.835	0.7795	0.7724	0.7718	0.7816	1.2443	0.929	0.7817	0.775	0.78	1.9856	0.7742	0.9034	1.0549	0.7758	0.8092
  Y	0.9122	1.6642	2.3169	0.8067	0.9119	1.5298	1.0475	0.8288	1.1302	1.2021	1.2847	1.2855	0.9031	0.9004	0.7998	3.0744	1.2928	1.8138	1.2004	1.3013	0.7886	0.9924	1.5864	1.1561	0	1.3592	1.2331	1.1	0.8913	2.5136	0.7755	0.8163	0.7994	2.5971	1.7788	0.7787	3.3977	0.8058	1.355	1.2247	1.1424	1.6493	0.7927	0.8032	0.8255	0.7867	0.7909	2.1311	1.5182	4.1252	1.2235	0.7818	0.8892	1.4987	0.782	0.958	2.3574	0.7837	1.4939
  Z	0.8619	2.7078	0.7907	0.777	0.8873	0.7756	0.7849	1.1705	0.8229	3.131	1.1415	0.8397	0.7775	0.853	0.7826	1.9499	0.7787	1.372	1.1646	1.3704	2.2552	1.004	1.0293	1.6534	1.3592	0	2.1559	0.7696	0.7736	0.8794	0.7717	0.8338	1.0563	1.3116	0.8246	0.7718	0.9813	0.785	0.9709	1.6222	0.774	1.1761	0.7762	0.776	1.7553	0.8106	0.8672	1.0585	0.9878	3.4815	0.7982	1.1503	0.9958	1.484	0.7739	1.1673	1.2467	0.773	1.2783
  [	0.8288	0.9277	0.7924	0.7739	0.798	0.7733	0.7776	0.9284	0.8307	0.8196	0.8069	1.1542	0.8943	0.9006	0.7723	1.0151	0.7736	0.9297	1.5794	0.7724	0.7736	0.8206	0.7907	1.1659	1.2331	2.1559	0	0.7702	0.7724	0.7871	0.7697	1.0209	0.7829	1.2588	0.9178	0.772	1.0336	1.2392	1.2039	0.9388	0.7739	0.8009	1.1654	0.7746	0.7924	0.7713	0.803	1.2896	0.7849	0.9496	0.9305	0.8065	0.7981	0.8597	1.0582	0.7768	1.8581	0.8078	1.2518
  \	0.7689	0.777	0.7709	0.7676	0.7695	0.7678	0.7688	1.0238	0.7708	0.7703	0.7703	0.7698	0.7676	0.7716	0.7664	0.7773	0.7678	0.7718	0.7709	0.7664	0.7672	0.7675	0.7716	1.155	1.1	0.7696	0.7702	0	0.7662	0.7714	0.7655	0.768	0.7684	0.772	0.7696	0.7665	0.859	0.9867	0.7724	0.7681	0.7668	0.7719	0.7679	0.7689	0.7687	0.7665	0.7664	1.5497	0.7729	1.1613	0.7704	0.7657	0.7895	0.7742	0.768	0.7695	0.7751	0.767	0.7712
  ]	0.7725	0.7798	0.7966	0.7929	0.7799	1.1599	0.7733	0.7713	0.773	1.2799	0.7733	0.7744	0.7699	1.1593	0.7675	0.8656	0.7698	1.2124	1.0422	0.7683	0.7688	0.7702	0.7776	0.7715	0.8913	0.7736	0.7724	0.7662	0	1.5063	0.7669	0.7715	0.8282	0.778	0.7713	0.7679	1.0145	0.7743	0.7757	0.7703	0.769	1.9582	0.77	0.771	0.7726	0.7687	0.7678	0.7716	1.1961	2.2975	1.0489	0.7681	1.16	0.7772	0.7885	0.7733	1.0956	0.7687	1.1603
  ^	1.0576	0.9191	0.8443	0.7783	1.8203	1.0446	1.2206	1.2584	0.7862	1.4146	1.1075	0.7876	2.103	1.1996	1.7052	6.8859	1.164	2.4306	0.7882	0.7739	0.8172	1.1566	1.3073	1.1645	2.5136	0.8794	0.7871	0.7714	1.5063	0	0.7722	1.2655	0.795	1.4682	0.8585	0.7755	1.9817	0.7884	0.8438	1.162	0.7749	1.278	0.8839	1.5338	1.104	1.159	0.7736	1.1392	1.5891	3.5939	0.8168	0.7735	1.1135	0.9201	1.1599	0.8	1.2355	0.7742	0.7887
  _	0.7681	0.7804	0.7702	1.0136	0.7688	0.7672	0.7686	0.7692	0.8596	3.2681	0.7725	0.7698	0.768	0.771	0.768	0.7782	0.7688	0.773	0.7718	0.7694	0.7668	0.768	2.067	0.7697	0.7755	0.7717	0.7697	0.7655	0.7669	0.7722	0	0.7688	0.769	0.7719	0.7701	0.767	0.7708	0.7722	0.7722	0.7686	0.7673	0.772	0.8685	0.7689	3.0611	0.7675	0.7689	0.7702	0.7732	0.7744	0.9168	0.8139	0.7719	0.9057	0.7684	0.7712	0.7753	0.7685	0.7732
  `	0.7802	0.843	0.8959	0.7716	0.7897	0.7716	0.7797	0.7749	1.1704	1.4313	0.7765	0.777	0.7712	0.7758	0.7702	0.7873	0.7717	0.7808	0.8168	0.775	0.7747	0.8232	0.7793	0.7736	0.8163	0.8338	1.0209	0.768	0.7715	1.2655	0.7688	0	0.7731	1.1661	1.0338	0.7691	0.8319	0.7907	0.7963	0.7779	0.771	1.2568	0.7725	0.7731	0.7887	0.7703	0.8284	2.3219	0.7846	0.9034	1.1607	0.7996	0.7735	1.229	0.7729	0.7745	1.6419	1.1983	0.8344
  a	0.7771	1.0462	0.778	0.8306	1.4599	0.7733	0.7857	0.7773	1.0153	0.7765	0.7895	0.782	0.7945	0.8851	0.7732	2.2584	0.8785	0.8136	0.8946	0.7696	0.9848	0.7721	0.7907	0.8007	0.7994	1.0563	0.7829	0.7684	0.8282	0.795	0.769	0.7731	0	0.7856	0.7758	0.7808	0.9697	0.7763	1.0992	0.7907	0.7707	0.7797	0.79	1.0408	0.8871	0.7697	0.7696	0.8134	0.7814	1.7864	0.7924	0.7695	0.7773	0.7882	0.7715	0.7742	1.3434	0.7748	1.1592
  b	1.1166	0.8226	2.8409	0.8524	2.1216	1.5286	2.8211	0.9445	0.8489	1.1621	1.7258	1.9099	0.994	2.0	1.2292	3.2559	1.3716	2.7213	1.1736	0.7752	2.1336	1.5297	1.2268	0.9697	2.5971	1.3116	1.2588	0.772	0.778	1.4682	0.7719	1.1661	0.7856	0	0.963	0.8965	1.0407	1.1871	1.6793	1.1768	0.7772	0.8979	0.78	1.3247	0.7843	0.8766	0.7742	1.0654	0.8414	3.9268	1.1977	0.7787	0.7871	1.548	1.1711	1.0398	1.3376	0.8029	1.2713
  c	0.7771	0.9049	1.0803	0.7729	0.7907	0.7728	0.7809	0.8876	0.9995	0.8203	0.7794	0.7776	0.7741	1.1676	0.7737	1.3461	0.7747	1.4131	0.7896	0.7901	0.7733	1.1017	0.8315	1.2202	1.7788	0.8246	0.9178	0.7696	0.7713	0.8585	0.7701	1.0338	0.7758	0.963	0	0.7712	1.3048	0.7872	1.2794	0.8361	0.7721	0.7848	0.7741	1.0101	1.4744	0.7711	0.8564	1.4912	0.7897	0.8039	0.781	1.0254	0.7757	1.4206	0.7762	1.062	2.3483	0.8013	0.7794
  d	0.7702	0.777	0.8871	0.7963	0.7833	0.7696	0.7713	0.8242	0.7723	0.7917	0.7727	0.7722	0.7695	0.8377	0.7678	1.3871	0.7688	0.7772	1.1727	0.7671	0.7685	0.769	0.9248	0.8596	0.7787	0.7718	0.772	0.7665	0.7679	0.7755	0.767	0.7691	0.7808	0.8965	0.7712	0	0.7724	0.7847	0.7748	0.7698	0.768	0.7743	1.3253	1.0639	0.7709	0.7679	0.7674	0.7702	0.7756	1.0398	0.7769	0.7671	0.7722	0.7914	0.776	0.7707	1.1732	0.768	0.7733
  e	0.777	1.3861	1.4939	0.7751	1.1787	0.8514	0.7786	0.7882	0.8398	0.797	0.7831	0.8153	1.0084	0.8933	0.9386	1.8987	0.9436	1.0396	0.7862	0.7733	0.7733	1.0133	0.9802	0.7835	3.3977	0.9813	1.0336	0.859	1.0145	1.9817	0.7708	0.8319	0.9697	1.0407	1.3048	0.7724	0	1.1802	0.907	0.7778	0.7746	1.0015	0.9089	0.9694	0.9091	0.7732	0.7743	0.7832	0.9232	1.1611	1.7989	0.7726	0.8541	1.3154	0.7767	0.9144	1.4849	0.7731	1.1708
  f	0.8096	2.1112	1.7161	0.7764	0.7904	0.7884	0.9307	0.9923	1.2847	1.91	0.7813	0.7807	0.7741	0.8762	0.7729	0.8189	1.1334	0.7859	0.879	0.7748	0.7735	0.7756	1.5505	0.7804	0.8058	0.785	1.2392	0.9867	0.7743	0.7884	0.7722	0.7907	0.7763	1.1871	0.7872	0.7847	1.1802	0	1.1558	0.779	0.7776	0.7846	0.8573	0.7772	0.7959	0.7735	0.8327	1.1636	1.4233	1.3555	1.4561	0.7753	2.0075	1.301	1.8129	1.4909	1.3242	1.0534	0.8617
  g	1.3649	1.0133	1.1781	0.7811	2.6467	0.7792	1.1097	1.1873	1.2977	0.7989	1.2776	0.8617	1.5598	0.8193	1.1784	1.1294	1.0609	1.1907	0.8725	0.7743	0.8192	0.7784	1.1809	0.9842	1.355	0.9709	1.2039	0.7724	0.7757	0.8438	0.7722	0.7963	1.0992	1.6793	1.2794	0.7748	0.907	1.1558	0	2.7301	0.7758	1.2131	0.9068	1.0043	1.2807	0.7748	0.7742	1.2324	1.6026	2.2404	0.7867	0.7739	0.8264	1.829	1.0348	0.7831	1.2549	0.7752	1.6397
  h	1.0929	0.7847	1.1651	0.772	0.7819	0.7763	0.7765	0.7769	1.2262	0.7772	0.9357	0.8889	0.777	0.7793	0.7698	2.3379	0.7734	1.5837	1.3351	0.7697	0.7731	0.7712	0.7816	0.7783	1.2247	1.6222	0.9388	0.7681	0.7703	1.162	0.7686	0.7779	0.7907	1.1768	0.8361	0.7698	0.7778	0.779	2.7301	0	0.77	1.5701	0.7732	0.7745	1.0281	0.7703	0.7695	2.5037	0.8925	0.8724	0.8224	0.7692	1.0567	0.7908	0.7729	0.7735	0.8714	0.7703	0.7819
  i	0.7709	0.8245	0.7737	0.7706	0.775	0.7703	0.7712	0.7716	0.7758	0.7768	0.773	0.7739	0.7688	1.1551	0.7677	0.7859	0.7697	0.7751	0.7751	0.7682	0.7689	0.7698	0.8451	0.7727	1.1424	0.774	0.7739	0.7668	0.769	0.7749	0.7673	0.771	0.7707	0.7772	0.7721	0.768	0.7746	0.7776	0.7758	0.77	0	0.7859	0.7703	0.7702	0.793	0.7685	0.7677	1.1531	1.6595	2.0522	0.7894	0.7679	0.8353	0.8191	0.7691	1.0518	1.1766	0.7683	0.7984
  j	1.6493	1.0507	1.3474	1.4353	0.8214	1.0011	0.9733	0.7794	0.7949	0.7845	0.7912	1.1792	0.7772	0.7889	0.7744	0.8083	0.9753	1.9751	1.0586	0.7736	1.94	0.7781	1.2343	0.7834	1.6493	1.1761	0.8009	0.7719	1.9582	1.278	0.772	1.2568	0.7797	0.8979	0.7848	0.7743	1.0015	0.7846	1.2131	1.5701	0.7859	0	1.8999	1.0014	0.7801	1.1805	0.7721	0.9328	5.3923	2.3657	0.7833	0.7724	0.8915	0.793	1.0347	1.2622	1.4012	1.0812	1.3916
  k	0.7737	1.5131	1.5609	2.0782	0.7757	0.7712	0.9193	0.7748	1.1008	1.5766	0.778	0.78	0.7719	0.7757	1.103	1.4982	0.7741	0.7839	0.7765	0.7705	0.7703	0.7707	2.9813	0.8152	0.7927	0.7762	1.1654	0.7679	0.77	0.8839	0.8685	0.7725	0.79	0.78	0.7741	1.3253	0.9089	0.8573	0.9068	0.7732	0.7703	1.8999	0	0.8773	0.781	0.7709	0.7705	1.0768	1.243	0.788	0.7849	0.7708	1.8488	0.8872	0.7878	0.9097	0.9272	0.7735	0.7916
  l	0.775	0.7887	1.1704	0.7736	1.0558	0.7723	0.7772	1.4926	1.0678	1.1621	0.7817	0.775	0.7746	0.8415	1.1104	1.246	0.7783	0.8645	0.7759	0.7695	0.7729	0.7724	0.873	0.835	0.8032	0.776	0.7746	0.7689	0.771	1.5338	0.7689	0.7731	1.0408	1.3247	1.0101	1.0639	0.9694	0.7772	1.0043	0.7745	0.7702	1.0014	0.8773	0	0.7746	0.7702	0.7695	1.1819	0.8285	0.8948	0.7815	0.7691	0.7762	0.8069	1.0015	0.7744	0.7873	0.7704	0.7769
  m	0.7741	1.5377	0.7792	0.7759	0.7842	0.772	0.7756	0.7801	0.8925	4.7452	0.7885	0.7768	0.7796	0.7792	0.9494	1.5582	1.0473	1.1573	0.8087	1.17	0.7725	0.7759	3.3224	0.7795	0.8255	1.7553	0.7924	0.7687	0.7726	1.104	3.0611	0.7887	0.8871	0.7843	1.4744	0.7709	0.9091	0.7959	1.2807	1.0281	0.793	0.7801	0.781	0.7746	0	0.819	0.9898	0.9841	1.1617	0.798	1.3533	1.4112	0.8058	1.369	0.7737	0.7813	1.935	0.7738	0.8545
  n	1.0032	0.7785	1.1833	0.7697	0.7923	0.77	1.1571	0.7715	0.7715	1.1573	0.7738	0.7735	0.7692	0.7736	0.7678	1.1203	0.7703	0.7772	0.7734	0.7681	0.7689	0.7692	1.1288	0.7724	0.7867	0.8106	0.7713	0.7665	0.7687	1.159	0.7675	0.7703	0.7697	0.8766	0.7711	0.7679	0.7732	0.7735	0.7748	0.7703	0.7685	1.1805	0.7709	0.7702	0.819	0	0.7678	0.7705	1.0394	1.3942	1.0162	0.7681	0.7731	1.5578	0.7696	1.0246	0.7777	0.8614	0.7742
  o	0.7695	0.9058	0.8083	0.7686	0.7704	0.7682	0.77	0.7721	0.7723	4.0891	0.7725	0.7704	0.7688	0.7723	1.0309	0.9957	0.7685	0.7742	0.7731	0.9815	0.7683	0.7715	0.7748	0.7718	0.7909	0.8672	0.803	0.7664	0.7678	0.7736	0.7689	0.8284	0.7696	0.7742	0.8564	0.7674	0.7743	0.8327	0.7742	0.7695	0.7677	0.7721	0.7705	0.7695	0.9898	0.7678	0	0.9047	0.775	0.7772	0.7858	0.8378	0.7718	1.7503	0.77	0.7749	0.9438	0.7693	0.7739
  p	2.4067	1.6058	0.9267	1.1629	1.8221	0.7724	0.7938	0.7948	2.9123	2.0203	1.7593	0.7783	0.7738	1.1622	1.518	1.5049	1.1985	1.211	0.9918	0.7732	2.9469	0.8582	1.1715	0.7816	2.1311	1.0585	1.2896	1.5497	0.7716	1.1392	0.7702	2.3219	0.8134	1.0654	1.4912	0.7702	0.7832	1.1636	1.2324	2.5037	1.1531	0.9328	1.0768	1.1819	0.9841	0.7705	0.9047	0	0.7849	1.6066	1.2617	1.1578	0.7768	1.455	0.7729	0.7751	2.7595	0.7859	0.7818
  q	0.8925	1.3937	0.7941	1.0969	1.049	1.1968	0.7936	0.8588	0.8585	1.962	1.3676	1.3185	0.781	2.6253	0.7756	2.4366	0.7991	1.0841	1.0118	0.8295	0.7779	0.7781	1.1369	1.2443	1.5182	0.9878	0.7849	0.7729	1.1961	1.5891	0.7732	0.7846	0.7814	0.8414	0.7897	0.7756	0.9232	1.4233	1.6026	0.8925	1.6595	5.3923	1.243	0.8285	1.1617	1.0394	0.775	0.7849	0	2.6391	1.1181	0.8323	1.3072	2.3631	0.7822	3.1994	0.8786	0.7765	1.0671
  r	1.723	1.7366	2.7569	1.5789	4.7365	2.0738	1.8898	0.806	2.2439	0.8014	0.9033	1.9878	0.9642	1.9348	0.8003	3.1389	0.9832	1.9165	1.3218	0.7785	2.0221	1.9051	1.7787	0.929	4.1252	3.4815	0.9496	1.1613	2.2975	3.5939	0.7744	0.9034	1.7864	3.9268	0.8039	1.0398	1.1611	1.3555	2.2404	0.8724	2.0522	2.3657	0.788	0.8948	0.798	1.3942	0.7772	1.6066	2.6391	0	1.9849	0.7767	2.1872	1.3255	0.7906	1.0967	4.2386	0.7831	3.0279
  s	0.7762	1.2268	0.8375	0.776	1.0153	0.775	0.7813	0.832	0.9254	5.6044	1.293	0.7818	0.7757	0.9347	0.7776	1.3337	0.8692	0.9708	0.8561	0.9092	0.7728	0.7759	1.4407	0.7817	1.2235	0.7982	0.9305	0.7704	1.0489	0.8168	0.9168	1.1607	0.7924	1.1977	0.781	0.7769	1.7989	1.4561	0.7867	0.8224	0.7894	0.7833	0.7849	0.7815	1.3533	1.0162	0.7858	1.2617	1.1181	1.9849	0	1.2741	1.1763	2.2939	1.0996	1.2868	0.8606	0.9943	0.9436
  t	0.7691	0.9479	0.7717	0.7688	0.7704	0.7678	0.7696	0.7714	0.7717	5.166	0.7769	0.7704	0.7686	0.7726	0.768	1.1574	0.7684	0.7796	0.7738	1.0609	0.7676	0.7975	1.5002	0.775	0.7818	1.1503	0.8065	0.7657	0.7681	0.7735	0.8139	0.7996	0.7695	0.7787	1.0254	0.7671	0.7726	0.7753	0.7739	0.7692	0.7679	0.7724	0.7708	0.7691	1.4112	0.7681	0.8378	1.1578	0.8323	0.7767	1.2741	0	0.7731	1.4812	0.7697	0.9262	1.3034	0.7706	0.9942
  u	0.7767	0.9555	0.7801	0.9865	1.8957	0.9259	0.9646	0.7985	0.7802	1.7097	0.7805	1.2085	0.7752	0.9996	0.777	1.2602	0.7998	0.7856	0.7818	0.7731	0.773	0.7737	1.4129	0.78	0.8892	0.9958	0.7981	0.7895	1.16	1.1135	0.7719	0.7735	0.7773	0.7871	0.7757	0.7722	0.8541	2.0075	0.8264	1.0567	0.8353	0.8915	1.8488	0.7762	0.8058	0.7731	0.7718	0.7768	1.3072	2.1872	1.1763	0.7731	0	1.0847	0.7764	0.8759	0.7958	0.7728	1.0061
  v	0.7853	2.8205	0.8018	0.7793	0.89	0.7832	0.8142	3.2606	1.2012	5.8755	1.0621	0.7886	0.7815	0.8094	2.0364	3.6148	0.7792	1.8813	0.7912	1.1441	0.7812	1.1579	1.096	1.9856	1.4987	1.484	0.8597	0.7742	0.7772	0.9201	0.9057	1.229	0.7882	1.548	1.4206	0.7914	1.3154	1.301	1.829	0.7908	0.8191	0.793	0.8872	0.8069	1.369	1.5578	1.7503	1.455	2.3631	1.3255	2.2939	1.4812	1.0847	0	0.8148	1.0348	1.3859	0.7794	1.4919
  w	0.7729	1.1785	0.9587	0.7709	0.788	0.7702	0.7731	0.838	0.875	0.9106	0.7752	0.7731	0.7708	0.9212	0.7704	0.8093	0.7711	0.9893	0.7751	0.77	0.774	0.7704	0.7791	0.7742	0.782	0.7739	1.0582	0.768	0.7885	1.1599	0.7684	0.7729	0.7715	1.1711	0.7762	0.776	0.7767	1.8129	1.0348	0.7729	0.7691	1.0347	0.7878	1.0015	0.7737	0.7696	0.77	0.7729	0.7822	0.7906	1.0996	0.7697	0.7764	0.8148	0	1.0455	1.1862	0.7705	0.7799
  x	0.7749	1.601	0.8167	0.7753	0.7788	0.7735	0.7754	0.9091	0.7781	3.8693	0.7792	0.7783	0.7719	0.7879	0.7709	0.8793	0.7747	0.7864	0.7843	0.8048	0.7718	0.774	0.9843	0.9034	0.958	1.1673	0.7768	0.7695	0.7733	0.8	0.7712	0.7745	0.7742	1.0398	1.062	0.7707	0.9144	1.4909	0.7831	0.7735	1.0518	1.2622	0.9097	0.7744	0.7813	1.0246	0.7749	0.7751	3.1994	1.0967	1.2868	0.9262	0.8759	1.0348	1.0455	0	0.9985	0.7734	0.7834
  y	0.981	1.2041	1.2621	0.9583	1.1528	0.897	1.8061	1.4518	2.1192	1.6142	1.1945	1.3104	0.798	1.0619	0.8949	1.9393	1.0271	0.9444	3.3255	0.7837	0.9929	1.3083	1.2748	1.0549	2.3574	1.2467	1.8581	0.7751	1.0956	1.2355	0.7753	1.6419	1.3434	1.3376	2.3483	1.1732	1.4849	1.3242	1.2549	0.8714	1.1766	1.4012	0.9272	0.7873	1.935	0.7777	0.9438	2.7595	0.8786	4.2386	0.8606	1.3034	0.7958	1.3859	1.1862	0.9985	0	1.1965	0.817
  z	0.8687	1.0452	0.7735	0.7704	0.7719	0.7859	1.1612	0.7723	0.9308	1.1024	0.7733	0.7726	0.7691	0.7733	0.7679	0.8776	0.7695	0.7756	0.7748	0.7733	0.7691	0.7698	1.1568	0.7758	0.7837	0.773	0.8078	0.767	0.7687	0.7742	0.7685	1.1983	0.7748	0.8029	0.8013	0.768	0.7731	1.0534	0.7752	0.7703	0.7683	1.0812	0.7735	0.7704	0.7738	0.8614	0.7693	0.7859	0.7765	0.7831	0.9943	0.7706	0.7728	0.7794	0.7705	0.7734	1.1965	0	0.7776
  {	0.896	1.2064	1.1897	1.1212	0.795	0.7773	0.7806	0.7796	0.8236	1.6411	0.9401	0.8602	1.0699	0.8048	0.7742	1.2814	0.7825	0.7909	1.1533	0.7753	0.7817	0.7762	1.2702	0.8092	1.4939	1.2783	1.2518	0.7712	1.1603	0.7887	0.7732	0.8344	1.1592	1.2713	0.7794	0.7733	1.1708	0.8617	1.6397	0.7819	0.7984	1.3916	0.7916	0.7769	0.8545	0.7742	0.7739	0.7818	1.0671	3.0279	0.9436	0.9942	1.0061	1.4919	0.7799	0.7834	0.817	0.7776	0

Actual rates from j->i (Q_ij):
	A	B	C	D	E	F	G	H	I	J	K	L	M	N	O	P	Q	R	S	T	U	V	W	X	Y	Z	[	\	]	^	_	`	a	b	c	d	e	f	g	h	i	j	k	l	m	n	o	p	q	r	s	t	u	v	w	x	y	z	{
  A	0	0.0151	0.0196	0.0147	0.0164	0.0147	0.0276	0.0149	0.0153	0.0148	0.0273	0.0209	0.0147	0.0205	0.0147	0.0203	0.0147	0.0149	0.0149	0.0147	0.0148	0.0173	0.0149	0.0376	0.0174	0.0164	0.0158	0.0146	0.0147	0.0201	0.0146	0.0149	0.0148	0.0213	0.0148	0.0147	0.0148	0.0154	0.026	0.0208	0.0147	0.0314	0.0147	0.0148	0.0147	0.0191	0.0147	0.0458	0.017	0.0328	0.0148	0.0147	0.0148	0.015	0.0147	0.0148	0.0187	0.0165	0.0171
  B	0.0141	0	0.0164	0.0264	0.0207	0.0139	0.0142	0.0251	0.019	0.0857	0.0198	0.0141	0.0147	0.0144	0.02	0.0325	0.0139	0.0151	0.0142	0.0336	0.0139	0.019	0.0262	0.0264	0.0296	0.0481	0.0165	0.0138	0.0139	0.0163	0.0139	0.015	0.0186	0.0146	0.0161	0.0138	0.0246	0.0375	0.018	0.014	0.0147	0.0187	0.0269	0.014	0.0273	0.0138	0.0161	0.0286	0.0248	0.0309	0.0218	0.0169	0.017	0.0502	0.021	0.0285	0.0214	0.0186	0.0215
  C	0.0172	0.0154	0	0.013	0.0143	0.013	0.0136	0.0132	0.0138	0.0147	0.0174	0.0145	0.013	0.0139	0.013	0.0329	0.013	0.0291	0.0153	0.0143	0.0141	0.0269	0.0206	0.0156	0.0387	0.0132	0.0132	0.0129	0.0133	0.0141	0.0129	0.015	0.013	0.0474	0.018	0.0148	0.0249	0.0287	0.0197	0.0195	0.0129	0.0225	0.0261	0.0195	0.013	0.0198	0.0135	0.0155	0.0133	0.046	0.014	0.0129	0.013	0.0134	0.016	0.0136	0.0211	0.0129	0.0199
  D	0.0143	0.0275	0.0144	0	0.0145	0.0143	0.0144	0.0143	0.0144	0.0144	0.0184	0.0157	0.0214	0.0144	0.0143	0.0157	0.0174	0.0161	0.015	0.0142	0.0143	0.0143	0.0225	0.0143	0.0149	0.0144	0.0143	0.0142	0.0147	0.0144	0.0188	0.0143	0.0154	0.0158	0.0143	0.0147	0.0144	0.0144	0.0145	0.0143	0.0143	0.0266	0.0385	0.0143	0.0144	0.0143	0.0142	0.0215	0.0203	0.0292	0.0144	0.0142	0.0183	0.0144	0.0143	0.0144	0.0177	0.0143	0.0208
  E	0.0148	0.02	0.0147	0.0135	0	0.0204	0.0139	0.0162	0.0145	0.0135	0.0144	0.0135	0.0673	0.0196	0.0136	0.0471	0.0134	0.0272	0.015	0.0133	0.0315	0.0134	0.0145	0.0139	0.0157	0.0153	0.0137	0.0132	0.0134	0.0313	0.0132	0.0136	0.0251	0.0365	0.0136	0.0135	0.0203	0.0136	0.0455	0.0135	0.0133	0.0141	0.0133	0.0182	0.0135	0.0136	0.0133	0.0313	0.018	0.0815	0.0175	0.0133	0.0326	0.0153	0.0136	0.0134	0.0198	0.0133	0.0137
  F	0.0134	0.0135	0.0135	0.0134	0.0205	0	0.0224	0.0134	0.0134	0.0134	0.0134	0.0228	0.0134	0.0135	0.0133	0.0258	0.0134	0.0144	0.0154	0.0133	0.0134	0.0134	0.0135	0.0134	0.0265	0.0134	0.0134	0.0133	0.0201	0.0181	0.0133	0.0134	0.0134	0.0265	0.0134	0.0133	0.0147	0.0136	0.0135	0.0134	0.0133	0.0173	0.0133	0.0134	0.0134	0.0133	0.0133	0.0134	0.0207	0.0359	0.0134	0.0133	0.016	0.0136	0.0133	0.0134	0.0155	0.0136	0.0135
  G	0.0257	0.0142	0.0145	0.0137	0.0144	0.0229	0	0.0174	0.0396	0.0144	0.0145	0.0147	0.0137	0.0142	0.0139	0.0276	0.014	0.021	0.0189	0.0136	0.0138	0.0175	0.0139	0.0138	0.0186	0.0139	0.0138	0.0136	0.0137	0.0216	0.0136	0.0138	0.0139	0.05	0.0138	0.0137	0.0138	0.0165	0.0197	0.0138	0.0137	0.0173	0.0163	0.0138	0.0138	0.0205	0.0137	0.0141	0.0141	0.0335	0.0139	0.0136	0.0171	0.0144	0.0137	0.0137	0.032	0.0206	0.0138
  H	0.0137	0.0247	0.0138	0.0135	0.0165	0.0135	0.0172	0	0.029	0.0202	0.0139	0.0136	0.0174	0.0244	0.0201	0.0638	0.0135	0.0365	0.0136	0.0143	0.0136	0.0135	0.0137	0.0318	0.0145	0.0204	0.0162	0.0179	0.0135	0.022	0.0134	0.0135	0.0136	0.0165	0.0155	0.0144	0.0138	0.0173	0.0207	0.0136	0.0135	0.0136	0.0135	0.0261	0.0136	0.0135	0.0135	0.0139	0.015	0.0141	0.0145	0.0135	0.0139	0.0569	0.0146	0.0159	0.0253	0.0135	0.0136
  I	0.0145	0.0194	0.0149	0.0141	0.0153	0.0141	0.0405	0.03	0	0.0191	0.0144	0.0184	0.0142	0.0157	0.014	0.0199	0.0153	0.0278	0.0164	0.014	0.0171	0.014	0.0161	0.0195	0.0205	0.0149	0.015	0.014	0.014	0.0142	0.0156	0.0212	0.0184	0.0154	0.0181	0.014	0.0152	0.0233	0.0235	0.0222	0.014	0.0144	0.0199	0.0193	0.0162	0.014	0.014	0.0527	0.0155	0.0406	0.0168	0.014	0.0141	0.0218	0.0158	0.0141	0.0384	0.0169	0.0149
  J	0.0085	0.0526	0.0096	0.0085	0.0086	0.0084	0.0089	0.0126	0.0115	0	0.0151	0.0085	0.0102	0.0096	0.0087	0.0119	0.0117	0.0153	0.0096	0.0541	0.0084	0.011	0.0173	0.0128	0.0131	0.0342	0.009	0.0084	0.014	0.0155	0.0357	0.0156	0.0085	0.0127	0.009	0.0086	0.0087	0.0209	0.0087	0.0085	0.0085	0.0086	0.0172	0.0127	0.0518	0.0126	0.0447	0.0221	0.0214	0.0088	0.0612	0.0564	0.0187	0.0642	0.0099	0.0423	0.0176	0.012	0.0179
  K	0.0257	0.02	0.0186	0.0178	0.015	0.0139	0.0147	0.0142	0.0142	0.0247	0	0.0158	0.0144	0.0162	0.0144	0.0347	0.0185	0.0285	0.0175	0.0138	0.0147	0.0139	0.0278	0.0234	0.023	0.0204	0.0145	0.0138	0.0139	0.0198	0.0138	0.0139	0.0141	0.0309	0.014	0.0138	0.014	0.014	0.0229	0.0168	0.0138	0.0142	0.0139	0.014	0.0141	0.0139	0.0138	0.0315	0.0245	0.0162	0.0232	0.0139	0.014	0.019	0.0139	0.014	0.0214	0.0138	0.0168
  L	0.0195	0.0141	0.0155	0.015	0.0139	0.0234	0.0147	0.0138	0.0181	0.0138	0.0157	0	0.0138	0.0186	0.0137	0.0345	0.0138	0.0142	0.019	0.0184	0.0137	0.0137	0.0235	0.0139	0.0228	0.0149	0.0205	0.0137	0.0137	0.014	0.0137	0.0138	0.0139	0.0339	0.0138	0.0137	0.0145	0.0139	0.0153	0.0158	0.0137	0.0209	0.0138	0.0138	0.0138	0.0137	0.0137	0.0138	0.0234	0.0353	0.0139	0.0137	0.0215	0.014	0.0137	0.0138	0.0233	0.0137	0.0153
  M	0.0139	0.0148	0.014	0.0208	0.0704	0.0139	0.0139	0.018	0.0142	0.0168	0.0144	0.0139	0	0.015	0.0139	0.033	0.0139	0.0255	0.0151	0.0138	0.0149	0.0139	0.0144	0.0162	0.0163	0.014	0.0161	0.0138	0.0139	0.0379	0.0138	0.0139	0.0143	0.0179	0.0139	0.0138	0.0182	0.0139	0.0281	0.014	0.0138	0.014	0.0139	0.0139	0.014	0.0138	0.0138	0.0139	0.0141	0.0174	0.014	0.0138	0.014	0.0141	0.0139	0.0139	0.0144	0.0138	0.0193
  N	0.0189	0.0142	0.0147	0.0136	0.02	0.0137	0.0141	0.0246	0.0153	0.0154	0.0159	0.0184	0.0146	0	0.0137	0.0348	0.0137	0.0268	0.0188	0.0136	0.0138	0.0136	0.0144	0.0236	0.0158	0.015	0.0158	0.0135	0.0204	0.0211	0.0135	0.0136	0.0155	0.0351	0.0205	0.0147	0.0157	0.0154	0.0144	0.0137	0.0203	0.0139	0.0136	0.0148	0.0137	0.0136	0.0136	0.0204	0.0461	0.034	0.0164	0.0136	0.0176	0.0142	0.0162	0.0138	0.0186	0.0136	0.0141
  O	0.0138	0.0201	0.0139	0.0138	0.0141	0.0137	0.014	0.0205	0.0138	0.0143	0.0144	0.0138	0.0138	0.0139	0	0.0216	0.0139	0.0139	0.0138	0.0137	0.0207	0.018	0.0205	0.0138	0.0143	0.014	0.0138	0.0137	0.0137	0.0305	0.0137	0.0138	0.0138	0.022	0.0138	0.0137	0.0168	0.0138	0.0211	0.0138	0.0137	0.0138	0.0197	0.0198	0.017	0.0137	0.0184	0.0271	0.0139	0.0143	0.0139	0.0137	0.0139	0.0364	0.0138	0.0138	0.016	0.0137	0.0138
  P	0.0126	0.0216	0.0232	0.01	0.0322	0.0176	0.0183	0.043	0.013	0.0128	0.0228	0.0229	0.0216	0.0233	0.0143	0	0.01	0.0469	0.0131	0.0092	0.0143	0.0095	0.0201	0.0411	0.0362	0.023	0.012	0.0092	0.0102	0.0811	0.0092	0.0093	0.0266	0.0383	0.0159	0.0163	0.0224	0.0096	0.0133	0.0275	0.0093	0.0095	0.0176	0.0147	0.0183	0.0132	0.0117	0.0177	0.0287	0.037	0.0157	0.0136	0.0148	0.0426	0.0095	0.0104	0.0228	0.0103	0.0151
  Q	0.0143	0.0144	0.0144	0.0174	0.0144	0.0142	0.0146	0.0143	0.0156	0.0197	0.019	0.0143	0.0143	0.0144	0.0144	0.0156	0	0.0188	0.0144	0.0142	0.0184	0.0143	0.0161	0.0143	0.0239	0.0144	0.0143	0.0142	0.0142	0.0215	0.0142	0.0143	0.0162	0.0253	0.0143	0.0142	0.0174	0.0209	0.0196	0.0143	0.0142	0.018	0.0143	0.0144	0.0193	0.0142	0.0142	0.0221	0.0148	0.0182	0.016	0.0142	0.0148	0.0144	0.0142	0.0143	0.019	0.0142	0.0144
  R	0.0125	0.0136	0.0278	0.0139	0.0252	0.0132	0.0189	0.0334	0.0245	0.0223	0.0254	0.0128	0.0226	0.0244	0.0124	0.0636	0.0162	0	0.0146	0.0156	0.0128	0.014	0.0233	0.0236	0.0289	0.0219	0.0148	0.0123	0.0193	0.0388	0.0123	0.0125	0.013	0.0434	0.0225	0.0124	0.0166	0.0125	0.019	0.0253	0.0124	0.0315	0.0125	0.0138	0.0185	0.0124	0.0124	0.0193	0.0173	0.0306	0.0155	0.0124	0.0125	0.03	0.0158	0.0125	0.0151	0.0124	0.0126
  S	0.0147	0.0151	0.0173	0.0153	0.0164	0.0168	0.0201	0.0147	0.0171	0.0166	0.0184	0.0202	0.0158	0.0202	0.0146	0.0209	0.0147	0.0173	0	0.0146	0.0147	0.0148	0.0175	0.0147	0.0226	0.022	0.0298	0.0145	0.0196	0.0149	0.0145	0.0154	0.0169	0.0221	0.0149	0.0221	0.0148	0.0166	0.0164	0.0252	0.0146	0.02	0.0146	0.0146	0.0152	0.0146	0.0146	0.0187	0.0191	0.0249	0.0161	0.0146	0.0147	0.0149	0.0146	0.0148	0.0627	0.0146	0.0217
  T	0.0126	0.031	0.014	0.0126	0.0127	0.0126	0.0126	0.0135	0.0127	0.0814	0.0127	0.017	0.0126	0.0127	0.0126	0.0129	0.0126	0.0161	0.0127	0	0.0126	0.0128	0.0127	0.0127	0.0214	0.0225	0.0127	0.0126	0.0126	0.0127	0.0126	0.0127	0.0126	0.0127	0.013	0.0126	0.0127	0.0127	0.0127	0.0126	0.0126	0.0127	0.0127	0.0126	0.0192	0.0126	0.0161	0.0127	0.0136	0.0128	0.0149	0.0174	0.0127	0.0188	0.0127	0.0132	0.0129	0.0127	0.0127
  U	0.0131	0.0131	0.0142	0.013	0.0309	0.013	0.0131	0.0131	0.0159	0.013	0.0138	0.013	0.014	0.0132	0.0195	0.0205	0.0168	0.0135	0.0131	0.0129	0	0.0204	0.0131	0.0131	0.0133	0.038	0.013	0.0129	0.013	0.0138	0.0129	0.0131	0.0166	0.036	0.013	0.013	0.013	0.013	0.0138	0.013	0.013	0.0327	0.013	0.013	0.013	0.013	0.0129	0.0497	0.0131	0.0341	0.013	0.0129	0.013	0.0132	0.013	0.013	0.0167	0.013	0.0132
  V	0.0167	0.0196	0.0296	0.0142	0.0143	0.0142	0.0181	0.0142	0.0142	0.0184	0.0143	0.0142	0.0142	0.0143	0.0185	0.0148	0.0142	0.0161	0.0144	0.0142	0.0222	0	0.0145	0.015	0.0182	0.0184	0.0151	0.0141	0.0141	0.0212	0.0141	0.0151	0.0142	0.0281	0.0202	0.0141	0.0186	0.0142	0.0143	0.0142	0.0141	0.0143	0.0142	0.0142	0.0142	0.0141	0.0142	0.0158	0.0143	0.035	0.0142	0.0146	0.0142	0.0213	0.0141	0.0142	0.024	0.0141	0.0143
  W	0.0134	0.0252	0.0212	0.0208	0.0144	0.0133	0.0134	0.0134	0.0153	0.0272	0.0266	0.0226	0.0137	0.014	0.0197	0.0293	0.015	0.025	0.0159	0.0133	0.0133	0.0135	0	0.015	0.0272	0.0176	0.0135	0.0132	0.0133	0.0224	0.0354	0.0134	0.0135	0.021	0.0142	0.0158	0.0168	0.0266	0.0202	0.0134	0.0145	0.0211	0.0511	0.015	0.0569	0.0193	0.0133	0.0201	0.0195	0.0305	0.0247	0.0257	0.0242	0.0188	0.0134	0.0169	0.0218	0.0198	0.0218
  X	0.0328	0.0247	0.0155	0.0128	0.0134	0.0129	0.0129	0.0303	0.0178	0.0194	0.0217	0.013	0.015	0.0224	0.0128	0.058	0.0128	0.0246	0.013	0.0128	0.0129	0.0136	0.0145	0	0.0192	0.0274	0.0194	0.0192	0.0128	0.0193	0.0128	0.0128	0.0133	0.0161	0.0203	0.0143	0.013	0.013	0.0163	0.0129	0.0128	0.013	0.0135	0.0139	0.0129	0.0128	0.0128	0.013	0.0207	0.0154	0.013	0.0129	0.0129	0.033	0.0129	0.015	0.0175	0.0129	0.0134
  Y	0.014	0.0255	0.0355	0.0124	0.014	0.0234	0.016	0.0127	0.0173	0.0184	0.0197	0.0197	0.0138	0.0138	0.0123	0.0471	0.0198	0.0278	0.0184	0.0199	0.0121	0.0152	0.0243	0.0177	0	0.0208	0.0189	0.0169	0.0137	0.0385	0.0119	0.0125	0.0122	0.0398	0.0272	0.0119	0.052	0.0123	0.0208	0.0188	0.0175	0.0253	0.0121	0.0123	0.0126	0.0121	0.0121	0.0326	0.0233	0.0632	0.0187	0.012	0.0136	0.023	0.012	0.0147	0.0361	0.012	0.0229
  Z	0.0128	0.0402	0.0117	0.0115	0.0132	0.0115	0.0116	0.0174	0.0122	0.0464	0.0169	0.0125	0.0115	0.0127	0.0116	0.0289	0.0116	0.0204	0.0173	0.0203	0.0335	0.0149	0.0153	0.0245	0.0202	0	0.032	0.0114	0.0115	0.013	0.0114	0.0124	0.0157	0.0195	0.0122	0.0114	0.0146	0.0116	0.0144	0.0241	0.0115	0.0174	0.0115	0.0115	0.026	0.012	0.0129	0.0157	0.0147	0.0516	0.0118	0.0171	0.0148	0.022	0.0115	0.0173	0.0185	0.0115	0.019
  [	0.0151	0.0169	0.0145	0.0141	0.0146	0.0141	0.0142	0.0169	0.0152	0.015	0.0147	0.0211	0.0163	0.0164	0.0141	0.0185	0.0141	0.017	0.0288	0.0141	0.0141	0.015	0.0144	0.0213	0.0225	0.0393	0	0.0141	0.0141	0.0144	0.014	0.0186	0.0143	0.023	0.0167	0.0141	0.0189	0.0226	0.022	0.0171	0.0141	0.0146	0.0213	0.0141	0.0145	0.0141	0.0147	0.0235	0.0143	0.0173	0.017	0.0147	0.0146	0.0157	0.0193	0.0142	0.0339	0.0147	0.0228
  \	0.0144	0.0145	0.0144	0.0143	0.0144	0.0143	0.0144	0.0191	0.0144	0.0144	0.0144	0.0144	0.0143	0.0144	0.0143	0.0145	0.0143	0.0144	0.0144	0.0143	0.0143	0.0143	0.0144	0.0216	0.0205	0.0144	0.0144	0	0.0143	0.0144	0.0143	0.0143	0.0143	0.0144	0.0144	0.0143	0.016	0.0184	0.0144	0.0143	0.0143	0.0144	0.0143	0.0144	0.0144	0.0143	0.0143	0.0289	0.0144	0.0217	0.0144	0.0143	0.0147	0.0145	0.0143	0.0144	0.0145	0.0143	0.0144
  ]	0.0145	0.0147	0.015	0.0149	0.0147	0.0218	0.0145	0.0145	0.0145	0.0241	0.0145	0.0146	0.0145	0.0218	0.0144	0.0163	0.0145	0.0228	0.0196	0.0145	0.0145	0.0145	0.0146	0.0145	0.0168	0.0146	0.0145	0.0144	0	0.0283	0.0144	0.0145	0.0156	0.0146	0.0145	0.0144	0.0191	0.0146	0.0146	0.0145	0.0145	0.0368	0.0145	0.0145	0.0145	0.0145	0.0144	0.0145	0.0225	0.0432	0.0197	0.0144	0.0218	0.0146	0.0148	0.0145	0.0206	0.0145	0.0218
  ^	0.013	0.0113	0.0104	0.0096	0.0224	0.0129	0.015	0.0155	0.0097	0.0174	0.0136	0.0097	0.0259	0.0148	0.021	0.0849	0.0143	0.03	0.0097	0.0095	0.0101	0.0143	0.0161	0.0143	0.031	0.0108	0.0097	0.0095	0.0186	0	0.0095	0.0156	0.0098	0.0181	0.0106	0.0096	0.0244	0.0097	0.0104	0.0143	0.0095	0.0157	0.0109	0.0189	0.0136	0.0143	0.0095	0.014	0.0196	0.0443	0.0101	0.0095	0.0137	0.0113	0.0143	0.0099	0.0152	0.0095	0.0097
  _	0.0133	0.0135	0.0133	0.0175	0.0133	0.0133	0.0133	0.0133	0.0149	0.0566	0.0134	0.0133	0.0133	0.0133	0.0133	0.0135	0.0133	0.0134	0.0134	0.0133	0.0133	0.0133	0.0358	0.0133	0.0134	0.0134	0.0133	0.0133	0.0133	0.0134	0	0.0133	0.0133	0.0134	0.0133	0.0133	0.0133	0.0134	0.0134	0.0133	0.0133	0.0134	0.015	0.0133	0.053	0.0133	0.0133	0.0133	0.0134	0.0134	0.0159	0.0141	0.0134	0.0157	0.0133	0.0134	0.0134	0.0133	0.0134
  `	0.0142	0.0154	0.0163	0.0141	0.0144	0.0141	0.0142	0.0141	0.0213	0.0261	0.0142	0.0142	0.0141	0.0141	0.014	0.0144	0.0141	0.0142	0.0149	0.0141	0.0141	0.015	0.0142	0.0141	0.0149	0.0152	0.0186	0.014	0.0141	0.0231	0.014	0	0.0141	0.0213	0.0188	0.014	0.0152	0.0144	0.0145	0.0142	0.0141	0.0229	0.0141	0.0141	0.0144	0.014	0.0151	0.0423	0.0143	0.0165	0.0212	0.0146	0.0141	0.0224	0.0141	0.0141	0.0299	0.0218	0.0152
  a	0.0141	0.019	0.0142	0.0151	0.0266	0.0141	0.0143	0.0141	0.0185	0.0141	0.0144	0.0142	0.0145	0.0161	0.0141	0.0411	0.016	0.0148	0.0163	0.014	0.0179	0.0141	0.0144	0.0146	0.0145	0.0192	0.0142	0.014	0.0151	0.0145	0.014	0.0141	0	0.0143	0.0141	0.0142	0.0176	0.0141	0.02	0.0144	0.014	0.0142	0.0144	0.0189	0.0161	0.014	0.014	0.0148	0.0142	0.0325	0.0144	0.014	0.0141	0.0143	0.014	0.0141	0.0244	0.0141	0.0211
  b	0.0164	0.0121	0.0417	0.0125	0.0311	0.0224	0.0414	0.0139	0.0125	0.0171	0.0253	0.028	0.0146	0.0294	0.018	0.0478	0.0201	0.0399	0.0172	0.0114	0.0313	0.0225	0.018	0.0142	0.0381	0.0192	0.0185	0.0113	0.0114	0.0215	0.0113	0.0171	0.0115	0	0.0141	0.0132	0.0153	0.0174	0.0246	0.0173	0.0114	0.0132	0.0114	0.0194	0.0115	0.0129	0.0114	0.0156	0.0123	0.0576	0.0176	0.0114	0.0116	0.0227	0.0172	0.0153	0.0196	0.0118	0.0187
  c	0.0148	0.0172	0.0205	0.0147	0.015	0.0147	0.0148	0.0169	0.019	0.0156	0.0148	0.0148	0.0147	0.0222	0.0147	0.0256	0.0147	0.0268	0.015	0.015	0.0147	0.0209	0.0158	0.0232	0.0338	0.0157	0.0174	0.0146	0.0147	0.0163	0.0146	0.0196	0.0147	0.0183	0	0.0146	0.0248	0.015	0.0243	0.0159	0.0147	0.0149	0.0147	0.0192	0.028	0.0146	0.0163	0.0283	0.015	0.0153	0.0148	0.0195	0.0147	0.027	0.0147	0.0202	0.0446	0.0152	0.0148
