{
  "generated_by": {
    "program": "augur",
    "version": "7.0.2"
  },
  "models": {
    "country": {
      "alphabet": [
        "Alaska",
        "Arizona",
        "California",
        "Connecticut",
        "Florida",
        "Georgia",
        "Idaho",
        "Illinois",
        "Iowa",
        "Louisiana",
        "Maryland",
        "Massachusetts",
        "Michigan",
        "Minnesota",
        "Missouri",
        "Nebraska",
        "New Jersey",
        "New Mexico",
        "New York",
        "North Carolina",
        "Ohio",
        "Oregon",
        "Pennsylvania",
        "South Carolina",
        "Texas",
        "Utah",
        "Virginia",
        "Washington",
        "Wisconsin",
        "Wyoming",
        "?"
      ],
      "equilibrium_probabilities": [
        0.03934297765508177,
        0.03754966745539624,
        0.022734879727973802,
        0.03337476336301449,
        0.0313757037683337,
        0.04068922718409808,
        0.029182124831771843,
        0.03200948389851452,
        0.03560089797313628,
        0.027585332338498067,
        0.03334261717318534,
        0.033797826655133506,
        0.026209019223375162,
        0.037532865388148484,
        0.03503918471697265,
        0.03957563667626357,
        0.03452575634592289,
        0.03859943074536351,
        0.027530262988459092,
        0.03928499022121288,
        0.03742856896844884,
        0.030447504026911962,
        0.025689328145183436,
        0.034989077535772184,
        0.036191943621113117,
        0.03644772025184556,
        0.02492171409705463,
        0.025196090342964043,
        0.033980462894079036,
        0.03982494178677149
      ],
      "rate": 317.44966316429424,
      "transition_matrix": [
        [
          0.0,
          0.7018129306388816,
          0.9121090614365386,
          0.6605791199175616,
          1.0029553595943976,
          0.5149438542689496,
          1.3683731328502324,
          0.6007087592120994,
          0.521078383358848,
          0.646051958972392,
          0.7172936006476517,
          0.9906817545080298,
          0.8293524031094386,
          0.5673070498934181,
          0.6375798665496389,
          0.51812820791155,
          0.6821150467631922,
          0.5190081615345683,
          1.0167205134348667,
          0.5206434906045679,
          0.5135921979994357,
          0.7992316497960715,
          0.8092005125564915,
          0.5149883665112936,
          0.5516539185283829,
          0.9463382362929261,
          1.4128832847422375,
          0.5236698399350695,
          1.1041619810121521,
          0.5179892603560569
        ],
        [
          0.7018129306388816,
          0.0,
          1.6781797414240274,
          1.0188182103055154,
          2.350959502451693,
          0.7317035085120316,
          0.5167687604251349,
          1.049376401044072,
          0.6276235554576384,
          4.1157042611628185,
          0.9026498947543202,
          0.6075682053812992,
          0.5874157956128727,
          1.0182322461203233,
          1.045816054065689,
          0.5204202320386268,
          0.5838330606021881,
          0.5327621272870326,
          1.2070050939647137,
          0.7178465388709327,
          0.5167616771814847,
          0.5606791678808967,
          1.3629222990027148,
          0.5139333743719944,
          0.7957627253767373,
          0.8011982179931135,
          1.4228015835389949,
          2.8468221439189385,
          0.8748157234231732,
          0.5269290993947394
        ],
        [
          0.9121090614365386,
          1.6781797414240274,
          0.0,
          2.303441572818269,
          2.716411510594115,
          0.7018098918182248,
          0.5247223814528132,
          2.5540474914573705,
          1.0284249710171995,
          1.1355306511604577,
          3.0544367448813445,
          1.4884130277921492,
          3.3578433508954526,
          1.9179383205322407,
          1.8774043750204894,
          1.0680869821845487,
          1.4044213539334116,
          1.320928841713812,
          3.0551673079259465,
          0.7951839962638126,
          1.1121969836911443,
          2.303378344971622,
          1.9718985261195507,
          0.5892467090845788,
          1.7542190880706758,
          4.036169392865957,
          3.7915228083575307,
          2.1442519880990547,
          2.8861099307795617,
          0.9937390957201
        ],
        [
          0.6605791199175616,
          1.0188182103055154,
          2.303441572818269,
          0.0,
          1.117382151964695,
          0.5355568015887957,
          0.7828501757162176,
          0.7776359791099163,
          0.5171760280165031,
          0.5417120956065518,
          1.6265050499086466,
          1.2262729215555894,
          3.7897913919916437,
          0.7688500966156645,
          0.5185675278641343,
          0.6985381519522286,
          0.7156289967888955,
          0.8013754208406517,
          4.8891564574645345,
          0.6603271799414321,
          1.3162448882443027,
          1.1606746349521722,
          1.1859640966641694,
          0.5143709600780093,
          1.0634188977592212,
          0.5788774050931466,
          1.8579543624969084,
          1.7526399489912061,
          0.8613805360166505,
          0.6573114041382554
        ],
        [
          1.0029553595943976,
          2.350959502451693,
          2.716411510594115,
          1.117382151964695,
          0.0,
          0.842882960473316,
          0.7826502425353232,
          1.8921197300775796,
          0.5701416269368601,
          1.942865891686622,
          1.4954960265202646,
          1.1897165249465382,
          1.9724297351917206,
          2.1643565893643877,
          0.5521960584694541,
          0.9297487128606674,
          0.791578719694008,
          0.6028783819415507,
          3.9578263860140224,
          1.9057285755035422,
          0.9969581469105386,
          1.230687769578439,
          2.53309253783335,
          0.7673258203639027,
          0.6497323779061285,
          1.2645989096905947,
          3.3919118509169457,
          1.375233528269071,
          1.2195653285575736,
          1.1683388058426127
        ],
        [
          0.5149438542689496,
          0.7317035085120316,
          0.7018098918182248,
          0.5355568015887957,
          0.842882960473316,
          0.0,
          0.5111991383632645,
          1.2665770337826212,
          0.5120329015157842,
          0.7683915227605516,
          1.011563889640585,
          0.8204370806902687,
          0.5450980536931418,
          0.5537103311972984,
          0.5127707788867102,
          0.6629197995631909,
          0.5211371523986456,
          0.6701919133574673,
          0.6145304111746399,
          0.5270365375197451,
          0.5130485585473925,
          0.5593893349441723,
          0.837153766314404,
          1.9590267516399222,
          0.542312447092895,
          0.5234477919293665,
          1.5067483213969142,
          0.8962809888005361,
          0.6991049507026366,
          0.5260767969515804
        ],
        [
          1.3683731328502324,
          0.5167687604251349,
          0.5247223814528132,
          0.7828501757162176,
          0.7826502425353232,
          0.5111991383632645,
          0.0,
          1.1652525764396928,
          0.5120221817973967,
          1.482176826246558,
          0.774708782012936,
          0.9273546855401225,
          1.0257147229698407,
          0.5867890118776079,
          1.0243108845735034,
          0.511733087342884,
          0.5160894165934381,
          0.5115643732615706,
          0.5755814223888378,
          0.9348233310527873,
          0.5098756312896304,
          1.2891061320760477,
          0.5172083615337014,
          0.5128072593520064,
          0.8540587786361288,
          1.6873170396715846,
          0.7794081453474268,
          1.0333543998261288,
          0.8251801786473484,
          0.5116607208272419
        ],
        [
          0.6007087592120994,
          1.049376401044072,
          2.5540474914573705,
          0.7776359791099163,
          1.8921197300775796,
          1.2665770337826212,
          1.1652525764396928,
          0.0,
          1.191104671515329,
          0.8110715318026331,
          1.2105558791785562,
          1.389460972036923,
          1.1395185422049736,
          1.9902915752848171,
          0.7739840950771197,
          1.2599603335030782,
          0.7561727221054668,
          0.8847897117952572,
          1.351527028108606,
          1.7229076071906204,
          0.517436150588326,
          0.6514313619674865,
          1.3431891043620012,
          1.8516862289467697,
          2.3673380455343325,
          1.4514574584604751,
          1.1932274324309957,
          1.983328887208722,
          5.437112284396561,
          0.6927642938291729
        ],
        [
          0.521078383358848,
          0.6276235554576384,
          1.0284249710171995,
          0.5171760280165031,
          0.5701416269368601,
          0.5120329015157842,
          0.5120221817973967,
          1.191104671515329,
          0.0,
          0.5124101471432754,
          0.5222719340759212,
          0.7050701385058066,
          0.8577072130466087,
          0.5169348426262914,
          0.6196341280766808,
          0.5126234184924824,
          0.5149152291835944,
          0.5123799660706695,
          0.5217165840236134,
          0.5186342881050202,
          0.5101669107492318,
          0.5535604596538186,
          0.5178524974234918,
          0.5106583043664937,
          0.5219447957308059,
          1.0590659041854114,
          0.7778563701392397,
          0.5181373239734541,
          1.0626980869438625,
          0.5119792839757779
        ],
        [
          0.646051958972392,
          4.1157042611628185,
          1.1355306511604577,
          0.5417120956065518,
          1.942865891686622,
          0.7683915227605516,
          1.482176826246558,
          0.8110715318026331,
          0.5124101471432754,
          0.0,
          0.7846526703316201,
          0.5196274748466645,
          0.6602343864317147,
          1.0408984950413127,
          0.512251732968502,
          0.5137619200771883,
          0.5853584482074637,
          0.5126864763797162,
          0.5801437300759048,
          0.6510280296703377,
          0.5094707534489038,
          0.7807147716756264,
          0.6441573296056466,
          0.5096796640998392,
          3.8245031509223546,
          2.4383943748035106,
          0.9099527611156776,
          0.5240299820636175,
          0.6690356143468504,
          0.5121179719352994
        ],
        [
          0.7172936006476517,
          0.9026498947543202,
          3.0544367448813445,
          1.6265050499086466,
          1.4954960265202646,
          1.011563889640585,
          0.774708782012936,
          1.2105558791785562,
          0.5222719340759212,
          0.7846526703316201,
          0.0,
          1.6572228215265083,
          2.6577294442423423,
          1.8172992895586668,
          0.522092623253322,
          0.8380076405144802,
          0.6678501322452303,
          0.5930736822290372,
          2.7893450251009972,
          0.8998127011671909,
          0.9033170566385305,
          1.0170165336052372,
          2.8886015272218133,
          0.6265253487639082,
          2.2016696664788853,
          0.7209117735073083,
          4.470543932423639,
          0.5820470955920016,
          0.8275353994333039,
          0.5651865724078116
        ],
        [
          0.9906817545080298,
          0.6075682053812992,
          1.4884130277921492,
          1.2262729215555894,
          1.1897165249465382,
          0.8204370806902687,
          0.9273546855401225,
          1.389460972036923,
          0.7050701385058066,
          0.5196274748466645,
          1.6572228215265083,
          0.0,
          0.630428344030984,
          0.5402682229350492,
          0.6870674414994107,
          0.6955695857284143,
          0.9837318673435609,
          0.5246498399161732,
          0.9698621047349891,
          2.4957671012280307,
          0.5834662313231617,
          0.8097654052987867,
          1.0083875058080725,
          0.5164500706160541,
          1.1171478930737386,
          1.6031959479430034,
          4.486027387724937,
          1.28026091904162,
          1.1225634937294073,
          0.6892867076407863
        ],
        [
          0.8293524031094386,
          0.5874157956128727,
          3.3578433508954526,
          3.7897913919916437,
          1.9724297351917206,
          0.5450980536931418,
          1.0257147229698407,
          1.1395185422049736,
          0.8577072130466087,
          0.6602343864317147,
          2.6577294442423423,
          0.630428344030984,
          0.0,
          2.366528067436161,
          0.6332663747263463,
          0.726479895324589,
          0.8692329732200208,
          1.2285176675746194,
          5.028220306334404,
          1.467807685789546,
          0.5389974952635341,
          1.5340922817525864,
          2.2604492956876174,
          0.9233340311853486,
          1.275347025580466,
          1.5167682042400523,
          1.6357705216856462,
          1.1442106733112076,
          1.1851464343724398,
          1.2940596942277638
        ],
        [
          0.5673070498934181,
          1.0182322461203233,
          1.9179383205322407,
          0.7688500966156645,
          2.1643565893643877,
          0.5537103311972984,
          0.5867890118776079,
          1.9902915752848171,
          0.5169348426262914,
          1.0408984950413127,
          1.8172992895586668,
          0.5402682229350492,
          2.366528067436161,
          0.0,
          0.5208083588298366,
          0.6443497514715331,
          0.8649522050973829,
          1.023259165920624,
          1.6069116969611867,
          0.5916031062139526,
          0.5354726922981602,
          1.242036412520676,
          1.7049368227708441,
          0.6275241171614069,
          1.4362500008587875,
          0.9826017750857577,
          0.8796818089198483,
          1.744192078569925,
          2.059954262108578,
          0.8941703327114738
        ],
        [
          0.6375798665496389,
          1.045816054065689,
          1.8774043750204894,
          0.5185675278641343,
          0.5521960584694541,
          0.5127707788867102,
          1.0243108845735034,
          0.7739840950771197,
          0.6196341280766808,
          0.512251732968502,
          0.522092623253322,
          0.6870674414994107,
          0.6332663747263463,
          0.5208083588298366,
          0.0,
          0.516601885361672,
          0.5708656975591347,
          0.517387373669442,
          0.7340645742775878,
          0.5302510734419289,
          0.5104262169290229,
          0.9251457078546129,
          1.2408116437857246,
          0.5097541880475515,
          0.525886169515623,
          0.7534992561529847,
          1.2604363263847391,
          0.7746197784194473,
          0.520274468876358,
          0.67766788103285
        ],
        [
          0.51812820791155,
          0.5204202320386268,
          1.0680869821845487,
          0.6985381519522286,
          0.9297487128606674,
          0.6629197995631909,
          0.511733087342884,
          1.2599603335030782,
          0.5126234184924824,
          0.5137619200771883,
          0.8380076405144802,
          0.6955695857284143,
          0.726479895324589,
          0.6443497514715331,
          0.516601885361672,
          0.0,
          0.7103344266837239,
          0.6553517903639644,
          0.6271907800957603,
          0.5229374839691863,
          0.5125940952162201,
          0.5263413362556505,
          1.231767417469973,
          0.5124627731583702,
          0.671554051216584,
          0.5565278414172904,
          1.1669895172996427,
          0.5222746972868735,
          0.5991828597157899,
          0.7033739319744158
        ],
        [
          0.6821150467631922,
          0.5838330606021881,
          1.4044213539334116,
          0.7156289967888955,
          0.791578719694008,
          0.5211371523986456,
          0.5160894165934381,
          0.7561727221054668,
          0.5149152291835944,
          0.5853584482074637,
          0.6678501322452303,
          0.9837318673435609,
          0.8692329732200208,
          0.8649522050973829,
          0.5708656975591347,
          0.7103344266837239,
          0.0,
          0.70195430721332,
          5.464507949106548,
          0.5629571119056194,
          0.544125342518504,
          0.6999153931154092,
          1.0896650299303339,
          0.512986753494792,
          0.7008737567162736,
          0.93357043020273,
          1.563458962006564,
          0.8593245506122802,
          1.6114950723251762,
          0.5841620081709161
        ],
        [
          0.5190081615345683,
          0.5327621272870326,
          1.320928841713812,
          0.8013754208406517,
          0.6028783819415507,
          0.6701919133574673,
          0.5115643732615706,
          0.8847897117952572,
          0.5123799660706695,
          0.5126864763797162,
          0.5930736822290372,
          0.5246498399161732,
          1.2285176675746194,
          1.023259165920624,
          0.517387373669442,
          0.6553517903639644,
          0.70195430721332,
          0.0,
          1.2702906579615587,
          0.6712300100605747,
          0.5163640435407352,
          0.5250207352138215,
          2.869864387500702,
          0.5120563337551359,
          0.6388078564895625,
          0.5402997928773561,
          0.7920100886318685,
          0.5906366729651348,
          0.9308482569626093,
          0.6526627270789291
        ],
        [
          1.0167205134348667,
          1.2070050939647137,
          3.0551673079259465,
          4.8891564574645345,
          3.9578263860140224,
          0.6145304111746399,
          0.5755814223888378,
          1.351527028108606,
          0.5217165840236134,
          0.5801437300759048,
          2.7893450251009972,
          0.9698621047349891,
          5.028220306334404,
          1.6069116969611867,
          0.7340645742775878,
          0.6271907800957603,
          5.464507949106548,
          1.2702906579615587,
          0.0,
          1.1412582779070017,
          1.6218442129577535,
          1.868235597064165,
          2.2956021465161083,
          0.5749128777614987,
          1.4470736744407053,
          1.0005567566427063,
          4.307846647930165,
          1.5572935957910536,
          1.624902879009514,
          1.1208301948226311
        ],
        [
          0.5206434906045679,
          0.7178465388709327,
          0.7951839962638126,
          0.6603271799414321,
          1.9057285755035422,
          0.5270365375197451,
          0.9348233310527873,
          1.7229076071906204,
          0.5186342881050202,
          0.6510280296703377,
          0.8998127011671909,
          2.4957671012280307,
          1.467807685789546,
          0.5916031062139526,
          0.5302510734419289,
          0.5229374839691863,
          0.5629571119056194,
          0.6712300100605747,
          1.1412582779070017,
          0.0,
          0.5238193817002764,
          0.5272369340001154,
          2.253946449844376,
          0.5770088478980345,
          0.5307899538067806,
          0.6077655907702675,
          1.138282180940281,
          1.40273598147464,
          1.078191181680349,
          0.7035920042610561
        ],
        [
          0.5135921979994357,
          0.5167616771814847,
          1.1121969836911443,
          1.3162448882443027,
          0.9969581469105386,
          0.5130485585473925,
          0.5098756312896304,
          0.517436150588326,
          0.5101669107492318,
          0.5094707534489038,
          0.9033170566385305,
          0.5834662313231617,
          0.5389974952635341,
          0.5354726922981602,
          0.5104262169290229,
          0.5125940952162201,
          0.544125342518504,
          0.5163640435407352,
          1.6218442129577535,
          0.5238193817002764,
          0.0,
          0.7018763847276703,
          0.5264166317523356,
          0.509531309754937,
          0.514923585784232,
          0.5181582135949072,
          0.8560167823101846,
          0.7245187908929995,
          0.5173502616102337,
          0.5215729646271354
        ],
        [
          0.7992316497960715,
          0.5606791678808967,
          2.303378344971622,
          1.1606746349521722,
          1.230687769578439,
          0.5593893349441723,
          1.2891061320760477,
          0.6514313619674865,
          0.5535604596538186,
          0.7807147716756264,
          1.0170165336052372,
          0.8097654052987867,
          1.5340922817525864,
          1.242036412520676,
          0.9251457078546129,
          0.5263413362556505,
          0.6999153931154092,
          0.5250207352138215,
          1.868235597064165,
          0.5272369340001154,
          0.7018763847276703,
          0.0,
          1.127234747842725,
          0.5137713381307395,
          0.8160704953875052,
          1.5252020317203656,
          2.621700410932188,
          5.12614609597574,
          0.9089433076635561,
          0.5475300846354754
        ],
        [
          0.8092005125564915,
          1.3629222990027148,
          1.9718985261195507,
          1.1859640966641694,
          2.53309253783335,
          0.837153766314404,
          0.5172083615337014,
          1.3431891043620012,
          0.5178524974234918,
          0.6441573296056466,
          2.8886015272218133,
          1.0083875058080725,
          2.2604492956876174,
          1.7049368227708441,
          1.2408116437857246,
          1.231767417469973,
          1.0896650299303339,
          2.869864387500702,
          2.2956021465161083,
          2.253946449844376,
          0.5264166317523356,
          1.127234747842725,
          0.0,
          0.6205258073559005,
          1.120326076081238,
          1.3427407767300557,
          3.2225916931071863,
          1.0370841098523391,
          1.215034459887893,
          2.0109165489517333
        ],
        [
          0.5149883665112936,
          0.5139333743719944,
          0.5892467090845788,
          0.5143709600780093,
          0.7673258203639027,
          1.9590267516399222,
          0.5128072593520064,
          1.8516862289467697,
          0.5106583043664937,
          0.5096796640998392,
          0.6265253487639082,
          0.5164500706160541,
          0.9233340311853486,
          0.6275241171614069,
          0.5097541880475515,
          0.5124627731583702,
          0.512986753494792,
          0.5120563337551359,
          0.5749128777614987,
          0.5770088478980345,
          0.509531309754937,
          0.5137713381307395,
          0.6205258073559005,
          0.0,
          0.7751801197359764,
          0.5749743129476544,
          0.7742526698624969,
          0.5146197493095477,
          0.716113335964097,
          0.5115336345725721
        ],
        [
          0.5516539185283829,
          0.7957627253767373,
          1.7542190880706758,
          1.0634188977592212,
          0.6497323779061285,
          0.542312447092895,
          0.8540587786361288,
          2.3673380455343325,
          0.5219447957308059,
          3.8245031509223546,
          2.2016696664788853,
          1.1171478930737386,
          1.275347025580466,
          1.4362500008587875,
          0.525886169515623,
          0.671554051216584,
          0.7008737567162736,
          0.6388078564895625,
          1.4470736744407053,
          0.5307899538067806,
          0.514923585784232,
          0.8160704953875052,
          1.120326076081238,
          0.7751801197359764,
          0.0,
          1.3619639423396779,
          1.6718077895719154,
          0.8872991960163567,
          1.068070893951825,
          0.6356264595355524
        ],
        [
          0.9463382362929261,
          0.8011982179931135,
          4.036169392865957,
          0.5788774050931466,
          1.2645989096905947,
          0.5234477919293665,
          1.6873170396715846,
          1.4514574584604751,
          1.0590659041854114,
          2.4383943748035106,
          0.7209117735073083,
          1.6031959479430034,
          1.5167682042400523,
          0.9826017750857577,
          0.7534992561529847,
          0.5565278414172904,
          0.93357043020273,
          0.5402997928773561,
          1.0005567566427063,
          0.6077655907702675,
          0.5181582135949072,
          1.5252020317203656,
          1.3427407767300557,
          0.5749743129476544,
          1.3619639423396779,
          0.0,
          1.159814616297173,
          2.0647467396524277,
          1.4829335103475514,
          0.5400202419109456
        ],
        [
          1.4128832847422375,
          1.4228015835389949,
          3.7915228083575307,
          1.8579543624969084,
          3.3919118509169457,
          1.5067483213969142,
          0.7794081453474268,
          1.1932274324309957,
          0.7778563701392397,
          0.9099527611156776,
          4.470543932423639,
          4.486027387724937,
          1.6357705216856462,
          0.8796818089198483,
          1.2604363263847391,
          1.1669895172996427,
          1.563458962006564,
          0.7920100886318685,
          4.307846647930165,
          1.138282180940281,
          0.8560167823101846,
          2.621700410932188,
          3.2225916931071863,
          0.7742526698624969,
          1.6718077895719154,
          1.159814616297173,
          0.0,
          2.750794787364763,
          1.4307900882483695,
          0.7658790513689337
        ],
        [
          0.5236698399350695,
          2.8468221439189385,
          2.1442519880990547,
          1.7526399489912061,
          1.375233528269071,
          0.8962809888005361,
          1.0333543998261288,
          1.983328887208722,
          0.5181373239734541,
          0.5240299820636175,
          0.5820470955920016,
          1.28026091904162,
          1.1442106733112076,
          1.744192078569925,
          0.7746197784194473,
          0.5222746972868735,
          0.8593245506122802,
          0.5906366729651348,
          1.5572935957910536,
          1.40273598147464,
          0.7245187908929995,
          5.12614609597574,
          1.0370841098523391,
          0.5146197493095477,
          0.8872991960163567,
          2.0647467396524277,
          2.750794787364763,
          0.0,
          1.0138356736415643,
          1.2508318836074792
        ],
        [
          1.1041619810121521,
          0.8748157234231732,
          2.8861099307795617,
          0.8613805360166505,
          1.2195653285575736,
          0.6991049507026366,
          0.8251801786473484,
          5.437112284396561,
          1.0626980869438625,
          0.6690356143468504,
          0.8275353994333039,
          1.1225634937294073,
          1.1851464343724398,
          2.059954262108578,
          0.520274468876358,
          0.5991828597157899,
          1.6114950723251762,
          0.9308482569626093,
          1.624902879009514,
          1.078191181680349,
          0.5173502616102337,
          0.9089433076635561,
          1.215034459887893,
          0.716113335964097,
          1.068070893951825,
          1.4829335103475514,
          1.4307900882483695,
          1.0138356736415643,
          0.0,
          0.5389413454749972
        ],
        [
          0.5179892603560569,
          0.5269290993947394,
          0.9937390957201,
          0.6573114041382554,
          1.1683388058426127,
          0.5260767969515804,
          0.5116607208272419,
          0.6927642938291729,
          0.5119792839757779,
          0.5121179719352994,
          0.5651865724078116,
          0.6892867076407863,
          1.2940596942277638,
          0.8941703327114738,
          0.67766788103285,
          0.7033739319744158,
          0.5841620081709161,
          0.6526627270789291,
          1.1208301948226311,
          0.7035920042610561,
          0.5215729646271354,
          0.5475300846354754,
          2.0109165489517333,
          0.5115336345725721,
          0.6356264595355524,
          0.5400202419109456,
          0.7658790513689337,
          1.2508318836074792,
          0.5389413454749972,
          0.0
        ]
      ]
    }
  },
  "nodes": {
    "EPI_ISL_404253": {
      "country": "Illinois",
      "country_confidence": {
        "Illinois": 1.0
      },
      "country_entropy": -1.000088900581841e-12
    },
    "EPI_ISL_404895": {
      "country": "Washington",
      "country_confidence": {
        "Washington": 1.0
      },
      "country_entropy": -1.000088900581841e-12
    },
    "EPI_ISL_406223": {
      "country": "Arizona",
      "country_confidence": {
        "Arizona": 1.0
      },
      "country_entropy": -1.000088900581841e-12
    },
    "EPI_ISL_408009": {
      "country": "California",
      "country_confidence": {
        "California": 1.0
      },
      "country_entropy": -1.000088900581841e-12
    },
    "EPI_ISL_408670": {
      "country": "Wisconsin",
      "country_confidence": {
        "Wisconsin": 0.9999999999999999
      },
      "country_entropy": -9.99866855976916e-13
    },
    "EPI_ISL_409067": {
      "country": "Massachusetts",
      "country_confidence": {
        "Massachusetts": 0.9999999999999999
      },
      "country_entropy": -9.99866855976916e-13
    },
    "EPI_ISL_410045": {
      "country": "Illinois",
      "country_confidence": {
        "Illinois": 1.0
      },
      "country_entropy": -1.000088900581841e-12
    },
    "EPI_ISL_411954": {
      "country": "California",
      "country_confidence": {
        "California": 1.0
      },
      "country_entropy": -1.000088900581841e-12
    },
    "EPI_ISL_411956": {
      "country": "Texas",
      "country_confidence": {
        "Texas": 1.0
      },
      "country_entropy": -1.000088900581841e-12
    },
    "EPI_ISL_414476": {
      "country": "New York",
      "country_confidence": {
        "New York": 1.0
      },
      "country_entropy": -1.000088900581841e-12
    },
    "EPI_ISL_414622": {
      "country": "Washington",
      "country_confidence": {
        "Washington": 1.0
      },
      "country_entropy": -1.000088900581841e-12
    },
    "EPI_ISL_415542": {
      "country": "Utah",
      "country_confidence": {
        "Utah": 1.0
      },
      "country_entropy": -1.000088900581841e-12
    },
    "EPI_ISL_415544": {
      "country": "Utah",
      "country_confidence": {
        "Utah": 1.0
      },
      "country_entropy": -1.000088900581841e-12
    },
    "EPI_ISL_416417": {
      "country": "Connecticut",
      "country_confidence": {
        "Connecticut": 1.0
      },
      "country_entropy": -1.000088900581841e-12
    },
    "EPI_ISL_416423": {
      "country": "Connecticut",
      "country_confidence": {
        "Connecticut": 1.0
      },
      "country_entropy": -1.000088900581841e-12
    },
    "EPI_ISL_416462": {
      "country": "Washington",
      "country_confidence": {
        "Washington": 1.0
      },
      "country_entropy": -1.000088900581841e-12
    },
    "EPI_ISL_416643": {
      "country": "Washington",
      "country_confidence": {
        "Washington": 1.0
      },
      "country_entropy": -1.000088900581841e-12
    },
    "EPI_ISL_416673": {
      "country": "Oregon",
      "country_confidence": {
        "Oregon": 1.0
      },
      "country_entropy": -1.000088900581841e-12
    },
    "EPI_ISL_416728": {
      "country": "Washington",
      "country_confidence": {
        "Washington": 1.0
      },
      "country_entropy": -1.000088900581841e-12
    },
    "EPI_ISL_416831": {
      "country": "New York",
      "country_confidence": {
        "New York": 1.0
      },
      "country_entropy": -1.000088900581841e-12
    },
    "EPI_ISL_417026": {
      "country": "Utah",
      "country_confidence": {
        "Utah": 0.9999999999999999
      },
      "country_entropy": -9.99866855976916e-13
    },
    "EPI_ISL_417028": {
      "country": "Utah",
      "country_confidence": {
        "Utah": 1.0
      },
      "country_entropy": -1.000088900581841e-12
    },
    "EPI_ISL_417095": {
      "country": "Washington",
      "country_confidence": {
        "Washington": 1.0
      },
      "country_entropy": -1.000088900581841e-12
    },
    "EPI_ISL_417096": {
      "country": "Washington",
      "country_confidence": {
        "Washington": 1.0
      },
      "country_entropy": -1.000088900581841e-12
    },
    "EPI_ISL_417098": {
      "country": "Washington",
      "country_confidence": {
        "Washington": 1.0
      },
      "country_entropy": -1.000088900581841e-12
    },
    "EPI_ISL_417108": {
      "country": "Washington",
      "country_confidence": {
        "Washington": 1.0
      },
      "country_entropy": -1.000088900581841e-12
    },
    "EPI_ISL_417135": {
      "country": "Washington",
      "country_confidence": {
        "Washington": 1.0
      },
      "country_entropy": -1.000088900581841e-12
    },
    "EPI_ISL_417142": {
      "country": "Washington",
      "country_confidence": {
        "Washington": 1.0
      },
      "country_entropy": -1.000088900581841e-12
    },
    "EPI_ISL_417148": {
      "country": "Washington",
      "country_confidence": {
        "Washington": 0.9999999999999999
      },
      "country_entropy": -9.99866855976916e-13
    },
    "EPI_ISL_417150": {
      "country": "Washington",
      "country_confidence": {
        "Washington": 0.9999999999999999
      },
      "country_entropy": -9.99866855976916e-13
    },
    "EPI_ISL_417151": {
      "country": "Washington",
      "country_confidence": {
        "Washington": 1.0
      },
      "country_entropy": -1.000088900581841e-12
    },
    "EPI_ISL_417156": {
      "country": "Washington",
      "country_confidence": {
        "Washington": 1.0
      },
      "country_entropy": -1.000088900581841e-12
    },
    "EPI_ISL_417159": {
      "country": "Washington",
      "country_confidence": {
        "Washington": 1.0
      },
      "country_entropy": -1.000088900581841e-12
    },
    "EPI_ISL_417160": {
      "country": "Washington",
      "country_confidence": {
        "Washington": 1.0
      },
      "country_entropy": -1.000088900581841e-12
    },
    "EPI_ISL_417194": {
      "country": "Minnesota",
      "country_confidence": {
        "Minnesota": 1.0
      },
      "country_entropy": -1.000088900581841e-12
    },
    "EPI_ISL_417196": {
      "country": "Minnesota",
      "country_confidence": {
        "Minnesota": 1.0
      },
      "country_entropy": -1.000088900581841e-12
    },
    "EPI_ISL_417200": {
      "country": "Wisconsin",
      "country_confidence": {
        "Wisconsin": 1.0
      },
      "country_entropy": -1.000088900581841e-12
    },
    "EPI_ISL_417350": {
      "country": "Washington",
      "country_confidence": {
        "Washington": 1.0
      },
      "country_entropy": -1.000088900581841e-12
    },
    "EPI_ISL_417469": {
      "country": "Minnesota",
      "country_confidence": {
        "Minnesota": 0.9999999999999999
      },
      "country_entropy": -9.99866855976916e-13
    },
    "EPI_ISL_417475": {
      "country": "Minnesota",
      "country_confidence": {
        "Minnesota": 1.0
      },
      "country_entropy": -1.000088900581841e-12
    },
    "EPI_ISL_417513": {
      "country": "Wisconsin",
      "country_confidence": {
        "Wisconsin": 1.0
      },
      "country_entropy": -1.000088900581841e-12
    },
    "EPI_ISL_417517": {
      "country": "Wisconsin",
      "country_confidence": {
        "Wisconsin": 0.9999999999999999
      },
      "country_entropy": -9.99866855976916e-13
    },
    "EPI_ISL_417935": {
      "country": "California",
      "country_confidence": {
        "California": 1.0
      },
      "country_entropy": -1.000088900581841e-12
    },
    "EPI_ISL_417958": {
      "country": "Utah",
      "country_confidence": {
        "Utah": 0.9999999999999999
      },
      "country_entropy": -9.99866855976916e-13
    },
    "EPI_ISL_417959": {
      "country": "Utah",
      "country_confidence": {
        "Utah": 1.0
      },
      "country_entropy": -1.000088900581841e-12
    },
    "EPI_ISL_417960": {
      "country": "Utah",
      "country_confidence": {
        "Utah": 1.0
      },
      "country_entropy": -1.000088900581841e-12
    },
    "EPI_ISL_417976": {
      "country": "Utah",
      "country_confidence": {
        "Utah": 1.0
      },
      "country_entropy": -1.000088900581841e-12
    },
    "EPI_ISL_418049": {
      "country": "Minnesota",
      "country_confidence": {
        "Minnesota": 1.0
      },
      "country_entropy": -1.000088900581841e-12
    },
    "EPI_ISL_418058": {
      "country": "Connecticut",
      "country_confidence": {
        "Connecticut": 1.0
      },
      "country_entropy": -1.000088900581841e-12
    },
    "EPI_ISL_418080": {
      "country": "Washington",
      "country_confidence": {
        "Washington": 1.0
      },
      "country_entropy": -1.000088900581841e-12
    },
    "EPI_ISL_418871": {
      "country": "Connecticut",
      "country_confidence": {
        "Connecticut": 0.9999999999999999
      },
      "country_entropy": -9.99866855976916e-13
    },
    "EPI_ISL_418895": {
      "country": "Connecticut",
      "country_confidence": {
        "Connecticut": 1.0
      },
      "country_entropy": -1.000088900581841e-12
    },
    "EPI_ISL_418898": {
      "country": "Connecticut",
      "country_confidence": {
        "Connecticut": 1.0
      },
      "country_entropy": -1.000088900581841e-12
    },
    "EPI_ISL_418905": {
      "country": "Washington",
      "country_confidence": {
        "Washington": 1.0
      },
      "country_entropy": -1.000088900581841e-12
    },
    "EPI_ISL_418915": {
      "country": "Illinois",
      "country_confidence": {
        "Illinois": 1.0
      },
      "country_entropy": -1.000088900581841e-12
    },
    "EPI_ISL_418916": {
      "country": "Illinois",
      "country_confidence": {
        "Illinois": 1.0
      },
      "country_entropy": -1.000088900581841e-12
    },
    "EPI_ISL_418917": {
      "country": "Illinois",
      "country_confidence": {
        "Illinois": 1.0
      },
      "country_entropy": -1.000088900581841e-12
    },
    "EPI_ISL_418918": {
      "country": "Illinois",
      "country_confidence": {
        "Illinois": 1.0
      },
      "country_entropy": -1.000088900581841e-12
    },
    "EPI_ISL_418962": {
      "country": "Utah",
      "country_confidence": {
        "Utah": 1.0
      },
      "country_entropy": -1.000088900581841e-12
    },
    "EPI_ISL_418963": {
      "country": "Utah",
      "country_confidence": {
        "Utah": 1.0
      },
      "country_entropy": -1.000088900581841e-12
    },
    "EPI_ISL_418964": {
      "country": "Utah",
      "country_confidence": {
        "Utah": 1.0
      },
      "country_entropy": -1.000088900581841e-12
    },
    "EPI_ISL_419260": {
      "country": "Virginia",
      "country_confidence": {
        "Virginia": 1.0
      },
      "country_entropy": -1.000088900581841e-12
    },
    "EPI_ISL_419512": {
      "country": "Connecticut",
      "country_confidence": {
        "Connecticut": 0.9999999999999999
      },
      "country_entropy": -9.99866855976916e-13
    },
    "EPI_ISL_419521": {
      "country": "Connecticut",
      "country_confidence": {
        "Connecticut": 1.0
      },
      "country_entropy": -1.000088900581841e-12
    },
    "EPI_ISL_419554": {
      "country": "California",
      "country_confidence": {
