{
  "generated_by": {
    "program": "augur",
    "version": "7.0.2"
  },
  "models": {
    "country": {
      "alphabet": [
        "Alaska",
        "Arizona",
        "California",
        "Connecticut",
        "Florida",
        "Georgia",
        "Idaho",
        "Illinois",
        "Iowa",
        "Louisiana",
        "Maryland",
        "Massachusetts",
        "Michigan",
        "Minnesota",
        "Missouri",
        "Nebraska",
        "New Jersey",
        "New Mexico",
        "New York",
        "North Carolina",
        "Ohio",
        "Oregon",
        "Pennsylvania",
        "South Carolina",
        "Texas",
        "Utah",
        "Virginia",
        "Washington",
        "Wisconsin",
        "Wyoming",
        "?"
      ],
      "equilibrium_probabilities": [
        0.038884730862392754,
        0.0395813391652362,
        0.021110633678528914,
        0.031059159100633234,
        0.033896774829796895,
        0.04026355580049488,
        0.027593643010244827,
        0.03111687624400563,
        0.035037890331162336,
        0.024481046062512484,
        0.033490051673536865,
        0.035252430620719005,
        0.02921506006488087,
        0.037154859745178126,
        0.036977664117461985,
        0.036942922766744296,
        0.03242334805402552,
        0.037757984982684414,
        0.01799909553551604,
        0.03940118917601801,
        0.03734423595426179,
        0.03287259435299896,
        0.031057674387409768,
        0.03995909203442416,
        0.038479147077385825,
        0.0272213756021674,
        0.034127538033504254,
        0.028516770123262005,
        0.03154978379291486,
        0.03923153281989777
      ],
      "rate": 291.4651694831922,
      "transition_matrix": [
        [
          0.0,
          0.8935662141806503,
          1.017368242124593,
          0.5394891004656073,
          0.77726178770111,
          0.5310478833749567,
          1.1793626618964714,
          0.5400339835949961,
          0.5321053070007974,
          0.6875233713116586,
          0.5741433725173799,
          1.0722988767651425,
          0.7606761061424443,
          0.5594073565240009,
          0.5665655841465811,
          0.6983992774504905,
          0.7146475797345008,
          0.5320968013675471,
          1.5748415736921104,
          0.7087719654654316,
          0.5300469317721045,
          1.094864088109827,
          0.5512680381492705,
          0.5287119963784721,
          0.5374643460896577,
          1.1439218164242433,
          0.5717164443792482,
          0.582645217651381,
          0.552172068698858,
          0.5315552205714081
        ],
        [
          0.8935662141806503,
          0.0,
          2.185781154775071,
          1.0283975120919708,
          1.5727319019612096,
          0.734787045308692,
          0.5357721866162286,
          1.3457110958241745,
          1.0878103658165137,
          3.624016837800142,
          0.9459923037571178,
          0.5548501882277581,
          0.5821434966154757,
          0.8125879881739052,
          0.7134232634543595,
          0.5350887816652704,
          0.9022597136763354,
          0.5512790390402835,
          1.5034220970324512,
          0.972462505919948,
          0.5335346840063663,
          1.1617431597683123,
          0.7502767817654061,
          0.5306613537831836,
          0.735451023423417,
          1.474351211668324,
          0.6772295964461733,
          2.7903874580422925,
          0.6021213930167364,
          0.5353395002238779
        ],
        [
          1.017368242124593,
          2.185781154775071,
          0.0,
          1.874676742064802,
          4.382755149078044,
          1.411908572486939,
          0.6451739427242472,
          2.883054111781971,
          1.3905852445513245,
          1.035083788536566,
          3.062363555202817,
          2.1221274703976563,
          1.7036366568888217,
          1.4421568975881793,
          1.4873334356328825,
          1.4380262317384556,
          1.4905309631629295,
          1.092301541854275,
          7.4602742387192285,
          1.0841460474454907,
          0.9311531627362882,
          4.2276094150025285,
          1.227221786803922,
          0.7855331614154024,
          1.4067995334168484,
          3.4162044231041993,
          3.0957481319050983,
          2.653120364771052,
          3.3825157331940083,
          0.8960184325667419
        ],
        [
          0.5394891004656073,
          1.0283975120919708,
          1.874676742064802,
          0.0,
          0.6994734245782868,
          0.58658055723267,
          2.0463098344309234,
          0.8115653629018773,
          0.5398807547653979,
          0.6764653299234985,
          1.1784006435881407,
          0.7388259832187766,
          2.547339761130948,
          1.7099014615487078,
          0.5452009011535485,
          0.5422408045948032,
          1.1194840620865234,
          0.821866937255744,
          6.242392289187175,
          0.7387437071960523,
          1.1364983786699694,
          0.8351093086926868,
          1.1102787536483798,
          0.5327151447793523,
          0.6872281263741441,
          1.6150460187157347,
          0.9319968968250811,
          2.2021171930014005,
          0.8351173884013903,
          0.7145826441772744
        ],
        [
          0.77726178770111,
          1.5727319019612096,
          4.382755149078044,
          0.6994734245782868,
          0.0,
          0.8990058431531905,
          0.8060555318155357,
          2.5152593770737712,
          0.9716100847153548,
          1.88855887377045,
          0.9919629129019316,
          1.001721722692407,
          1.9536920424852282,
          1.1888375842526828,
          0.8272242130401777,
          0.5486581460221494,
          0.6622967424009997,
          0.6695132052254062,
          4.637644643215199,
          0.6813509091107237,
          0.9923968653064393,
          1.3855656346679162,
          1.391353879746129,
          0.616910208121544,
          0.6609248521463372,
          1.2332183203833174,
          2.0982798861622043,
          1.804796541544531,
          1.5659927337953885,
          0.6195779120562148
        ],
        [
          0.5310478833749567,
          0.734787045308692,
          1.411908572486939,
          0.58658055723267,
          0.8990058431531905,
          0.0,
          0.5287833774381034,
          1.788824377751977,
          0.5305986455905415,
          0.796187359478281,
          0.7933667215861554,
          0.7113973227309526,
          1.11146116570605,
          0.809285995702345,
          0.5310865204671888,
          0.5317729946679637,
          0.5355977535050821,
          0.6059091670506043,
          0.6816155320535933,
          0.5530869184405609,
          0.5299548428768279,
          0.5418577272660594,
          0.680312880227514,
          1.9247333393135675,
          0.5375368164610599,
          0.5436766107755542,
          1.1472945274836057,
          0.6913874648157615,
          0.6913488889470318,
          0.5344001817501571
        ],
        [
          1.1793626618964714,
          0.5357721866162286,
          0.6451739427242472,
          2.0463098344309234,
          0.8060555318155357,
          0.5287833774381034,
          0.0,
          0.8014821821274182,
          0.5311705769583213,
          1.2548178899176776,
          0.8018303293332532,
          0.7623455003315698,
          1.0906149599750419,
          0.7379720848152886,
          1.0698786485962548,
          0.5293388982396127,
          0.5300695019452182,
          0.5289908545551214,
          0.812303964698273,
          0.9021946205902637,
          0.5283584082374913,
          1.59599298365097,
          0.5342057182695494,
          0.5273671905205597,
          0.8107216663384229,
          2.091605727913275,
          0.5362606306807176,
          1.349717570748795,
          1.0696504764437882,
          0.5351664786692263
        ],
        [
          0.5400339835949961,
          1.3457110958241745,
          2.883054111781971,
          0.8115653629018773,
          2.5152593770737712,
          1.788824377751977,
          0.8014821821274182,
          0.0,
          0.6948293903492248,
          1.050745906527994,
          1.3638680965708425,
          1.8049843981854052,
          1.7511494160420908,
          1.0287780598351033,
          0.5780500834687073,
          0.7429352419880726,
          0.8111807308486234,
          0.54350936996661,
          1.7473840337041604,
          1.1235174467312352,
          0.5358040577806885,
          0.8993729303214933,
          1.0077942566431601,
          1.1479664677252928,
          1.3093278680696308,
          1.0043432405851784,
          1.3969314301308993,
          1.7150046188208445,
          6.207208258860848,
          0.6672045517135011
        ],
        [
          0.5321053070007974,
          1.0878103658165137,
          1.3905852445513245,
          0.5398807547653979,
          0.9716100847153548,
          0.5305986455905415,
          0.5311705769583213,
          0.6948293903492248,
          0.0,
          0.5290807930966375,
          0.5634148930840278,
          0.8391465858130842,
          0.6173828963377372,
          0.5341472162179123,
          0.5581756675829991,
          0.5300501320023615,
          0.5324334059390907,
          0.5311290074477965,
          0.6280168695229202,
          0.5583615847348465,
          0.5289900265014094,
          0.5383199518378152,
          0.5364795328243801,
          0.5341966590841526,
          0.5330575699093753,
          1.1419820626634232,
          0.5601946542236219,
          0.535460987651368,
          0.8204780571809326,
          0.5320372725752375
        ],
        [
          0.6875233713116586,
          3.624016837800142,
          1.035083788536566,
          0.6764653299234985,
          1.88855887377045,
          0.796187359478281,
          1.2548178899176776,
          1.050745906527994,
          0.5290807930966375,
          0.0,
          0.8085081583557525,
          0.5568890656997647,
          0.6825519979556705,
          1.4826987807499223,
          0.5324129958564832,
          0.5379285919565567,
          0.532484584454177,
          0.530560136054417,
          1.3368487399675788,
          0.5373746151416837,
          0.527853448803529,
          0.8048174073040972,
          0.9585806013959629,
          0.7901103651961353,
          4.645646678079054,
          2.9517084004270178,
          0.8212125009165515,
          0.6874528952293757,
          0.5526309893095407,
          0.5307194420850523
        ],
        [
          0.5741433725173799,
          0.9459923037571178,
          3.062363555202817,
          1.1784006435881407,
          0.9919629129019316,
          0.7933667215861554,
          0.8018303293332532,
          1.3638680965708425,
          0.5634148930840278,
          0.8085081583557525,
          0.0,
          1.1942467318762242,
          2.3973825382516267,
          1.9563739113296454,
          0.5403772345031123,
          0.6838957615831588,
          1.1881827291217963,
          1.5866489476490322,
          3.6507336739093565,
          1.0657476916742832,
          1.1566509392494635,
          1.2949310389941429,
          2.4254660444549545,
          0.765476479925303,
          1.9762870519392117,
          1.3407398630494634,
          3.4198903353782097,
          0.6539547383660338,
          0.6741177514052263,
          1.1516486182089636
        ],
        [
          1.0722988767651425,
          0.5548501882277581,
          2.1221274703976563,
          0.7388259832187766,
          1.001721722692407,
          0.7113973227309526,
          0.7623455003315698,
          1.8049843981854052,
          0.8391465858130842,
          0.5568890656997647,
          1.1942467318762242,
          0.0,
          0.9844265837547036,
          0.60048324237559,
          0.8848477859128345,
          1.0021167356327825,
          1.0507423741122273,
          0.5438821552788576,
          1.8796881821274865,
          1.697725622543133,
          0.5765325726968898,
          0.6177188111989881,
          1.3294785679698207,
          0.5324905006608078,
          1.7506399889564783,
          1.8435990905995279,
          2.7517116455360227,
          0.6331806232881144,
          1.0084903325201091,
          0.6344492359110606
        ],
        [
          0.7606761061424443,
          0.5821434966154757,
          1.7036366568888217,
          2.547339761130948,
          1.9536920424852282,
          1.11146116570605,
          1.0906149599750419,
          1.7511494160420908,
          0.6173828963377372,
          0.6825519979556705,
          2.3973825382516267,
          0.9844265837547036,
          0.0,
          3.456193294584895,
          0.8459655857032892,
          0.7513127119390075,
          1.3412395007740268,
          2.093190750622929,
          3.8716535553793374,
          1.3905093773501875,
          0.5791873942990899,
          1.1454049808169788,
          1.2773118830958572,
          0.986688877233575,
          0.9535246082692129,
          2.731635870068388,
          3.244813643844225,
          1.0566387362487646,
          1.5914728093027177,
          2.8668064565398725
        ],
        [
          0.5594073565240009,
          0.8125879881739052,
          1.4421568975881793,
          1.7099014615487078,
          1.1888375842526828,
          0.809285995702345,
          0.7379720848152886,
          1.0287780598351033,
          0.5341472162179123,
          1.4826987807499223,
          1.9563739113296454,
          0.60048324237559,
          3.456193294584895,
          0.0,
          0.5555374699137726,
          0.7716299958864455,
          0.7376987552205846,
          0.5452204505756426,
          2.160970848489189,
          1.44080874231015,
          0.77137491424156,
          0.7209539561034847,
          0.9529875635857978,
          0.5926354333829071,
          2.0505334941074143,
          1.9124329811997316,
          1.3012251044910332,
          1.6988597720107717,
          2.0638912079789207,
          0.7035701484496559
        ],
        [
          0.5665655841465811,
          0.7134232634543595,
          1.4873334356328825,
          0.5452009011535485,
          0.8272242130401777,
          0.5310865204671888,
          1.0698786485962548,
          0.5780500834687073,
          0.5581756675829991,
          0.5324129958564832,
          0.5403772345031123,
          0.8848477859128345,
          0.8459655857032892,
          0.5555374699137726,
          0.0,
          0.5307383875677637,
          0.6766895602364621,
          0.5308891286935051,
          1.1016115297420608,
          0.5482119817964005,
          0.5295501616152563,
          0.5486312793241723,
          0.5619515797801525,
          0.5288810109516532,
          0.593320396980343,
          1.1710444948588152,
          0.5461068547983695,
          0.9661575685792084,
          0.5607977337976662,
          0.5392160861777622
        ],
        [
          0.6983992774504905,
          0.5350887816652704,
          1.4380262317384556,
          0.5422408045948032,
          0.5486581460221494,
          0.5317729946679637,
          0.5293388982396127,
          0.7429352419880726,
          0.5300501320023615,
          0.5379285919565567,
          0.6838957615831588,
          1.0021167356327825,
          0.7513127119390075,
          0.7716299958864455,
          0.5307383875677637,
          0.0,
          0.5361009061889929,
          0.9734102844007595,
          1.2458033880765658,
          0.5349931833782411,
          0.5310807159829916,
          0.5947007828636052,
          0.5424794173552786,
          0.5285610944025807,
          0.5360561929220851,
          0.7479267001381139,
          0.5780312512736216,
          0.5357398928721325,
          0.6864672608413236,
          0.5345425810391904
        ],
        [
          0.7146475797345008,
          0.9022597136763354,
          1.4905309631629295,
          1.1194840620865234,
          0.6622967424009997,
          0.5355977535050821,
          0.5300695019452182,
          0.8111807308486234,
          0.5324334059390907,
          0.532484584454177,
          1.1881827291217963,
          1.0507423741122273,
          1.3412395007740268,
          0.7376987552205846,
          0.6766895602364621,
          0.5361009061889929,
          0.0,
          0.5592622457016162,
          5.581491976959169,
          0.5643104364444688,
          0.585451888569138,
          0.8451381494522034,
          0.8866563562889062,
          0.582354159180105,
          0.557740072465877,
          0.80774278049756,
          0.6821052208109554,
          0.5948527380763798,
          1.1530821273588399,
          0.5476187386858963
        ],
        [
          0.5320968013675471,
          0.5512790390402835,
          1.092301541854275,
          0.821866937255744,
          0.6695132052254062,
          0.6059091670506043,
          0.5289908545551214,
          0.54350936996661,
          0.5311290074477965,
          0.530560136054417,
          1.5866489476490322,
          0.5438821552788576,
          2.093190750622929,
          0.5452204505756426,
          0.5308891286935051,
          0.9734102844007595,
          0.5592622457016162,
          0.0,
          1.4714626457857414,
          0.5370116874806145,
          0.5312547217737669,
          0.7262761349378217,
          0.9050013454815719,
          0.5292270837731432,
          0.535280184447855,
          0.9485304870220211,
          0.6890440430221743,
          0.6139799956768851,
          0.8781454735254255,
          1.0729588917456379
        ],
        [
          1.5748415736921104,
          1.5034220970324512,
          7.4602742387192285,
          6.242392289187175,
          4.637644643215199,
          0.6816155320535933,
          0.812303964698273,
          1.7473840337041604,
          0.6280168695229202,
          1.3368487399675788,
          3.6507336739093565,
          1.8796881821274865,
          3.8716535553793374,
          2.160970848489189,
          1.1016115297420608,
          1.2458033880765658,
          5.581491976959169,
          1.4714626457857414,
          0.0,
          2.1018694413434216,
          1.8839759499098911,
          2.2961334104694244,
          5.994487497237418,
          0.6869640142256724,
          1.9313887586280756,
          1.9981942362649194,
          4.2727291708693915,
          1.8819157324421425,
          3.031707287977526,
          1.6721144178493557
        ],
        [
          0.7087719654654316,
          0.972462505919948,
          1.0841460474454907,
          0.7387437071960523,
          0.6813509091107237,
          0.5530869184405609,
          0.9021946205902637,
          1.1235174467312352,
          0.5583615847348465,
          0.5373746151416837,
          1.0657476916742832,
          1.697725622543133,
          1.3905093773501875,
          1.44080874231015,
          0.5482119817964005,
          0.5349931833782411,
          0.5643104364444688,
          0.5370116874806145,
          2.1018694413434216,
          0.0,
          0.5329128883368576,
          0.5441031456619179,
          1.216459678349417,
          0.5302414393635148,
          0.5920908078167787,
          1.19283772996827,
          1.1014833611728194,
          1.0630818283712313,
          0.7807527900696883,
          0.5924816545986888
        ],
        [
          0.5300469317721045,
          0.5335346840063663,
          0.9311531627362882,
          1.1364983786699694,
          0.9923968653064393,
          0.5299548428768279,
          0.5283584082374913,
          0.5358040577806885,
          0.5289900265014094,
          0.527853448803529,
          1.1566509392494635,
          0.5765325726968898,
          0.5791873942990899,
          0.77137491424156,
          0.5295501616152563,
          0.5310807159829916,
          0.585451888569138,
          0.5312547217737669,
          1.8839759499098911,
          0.5329128883368576,
          0.0,
          0.7214946575126754,
          0.5529533571521394,
          0.5274794538383525,
          0.5324832220300619,
          0.7883745157169574,
          0.548374609139808,
          0.5819130796484393,
          0.539946881042393,
          0.5300106804740594
        ],
        [
          1.094864088109827,
          1.1617431597683123,
          4.2276094150025285,
          0.8351093086926868,
          1.3855656346679162,
          0.5418577272660594,
          1.59599298365097,
          0.8993729303214933,
          0.5383199518378152,
          0.8048174073040972,
          1.2949310389941429,
          0.6177188111989881,
          1.1454049808169788,
          0.7209539561034847,
          0.5486312793241723,
          0.5947007828636052,
          0.8451381494522034,
          0.7262761349378217,
          2.2961334104694244,
          0.5441031456619179,
          0.7214946575126754,
          0.0,
          0.8642940266367802,
          0.5294106587177142,
          0.7004550577800754,
          0.7301583189869125,
          0.6425275483744743,
          4.510030263760877,
          1.1925917377764597,
          0.5359097127363358
        ],
        [
          0.5512680381492705,
          0.7502767817654061,
          1.227221786803922,
          1.1102787536483798,
          1.391353879746129,
          0.680312880227514,
          0.5342057182695494,
          1.0077942566431601,
          0.5364795328243801,
          0.9585806013959629,
          2.4254660444549545,
          1.3294785679698207,
          1.2773118830958572,
          0.9529875635857978,
          0.5619515797801525,
          0.5424794173552786,
          0.8866563562889062,
          0.9050013454815719,
          5.994487497237418,
          1.216459678349417,
          0.5529533571521394,
          0.8642940266367802,
          0.0,
          0.5332435201673571,
          1.0467595010841333,
          1.9096822437670034,
          2.123117759701956,
          1.1510475303549905,
          1.1451888233998022,
          1.270523935141996
        ],
        [
          0.5287119963784721,
          0.5306613537831836,
          0.7855331614154024,
          0.5327151447793523,
          0.616910208121544,
          1.9247333393135675,
          0.5273671905205597,
          1.1479664677252928,
          0.5341966590841526,
          0.7901103651961353,
          0.765476479925303,
          0.5324905006608078,
          0.986688877233575,
          0.5926354333829071,
          0.5288810109516532,
          0.5285610944025807,
          0.582354159180105,
          0.5292270837731432,
          0.6869640142256724,
          0.5302414393635148,
          0.5274794538383525,
          0.5294106587177142,
          0.5332435201673571,
          0.0,
          0.5347306689076464,
          0.8028894308810174,
          0.5759127161437212,
          0.529935969542439,
          0.579197577735748,
          0.5400039099660334
        ],
        [
          0.5374643460896577,
          0.735451023423417,
          1.4067995334168484,
          0.6872281263741441,
          0.6609248521463372,
          0.5375368164610599,
          0.8107216663384229,
          1.3093278680696308,
          0.5330575699093753,
          4.645646678079054,
          1.9762870519392117,
          1.7506399889564783,
          0.9535246082692129,
          2.0505334941074143,
          0.593320396980343,
          0.5360561929220851,
          0.557740072465877,
          0.535280184447855,
          1.9313887586280756,
          0.5920908078167787,
          0.5324832220300619,
          0.7004550577800754,
          1.0467595010841333,
          0.5347306689076464,
          0.0,
          1.6001881720396585,
          1.1016394513650019,
          1.3278380873481304,
          1.1645078986532216,
          0.744049651912569
        ],
        [
          1.1439218164242433,
          1.474351211668324,
          3.4162044231041993,
          1.6150460187157347,
          1.2332183203833174,
          0.5436766107755542,
          2.091605727913275,
          1.0043432405851784,
          1.1419820626634232,
          2.9517084004270178,
          1.3407398630494634,
          1.8435990905995279,
          2.731635870068388,
          1.9124329811997316,
          1.1710444948588152,
          0.7479267001381139,
          0.80774278049756,
          0.9485304870220211,
          1.9981942362649194,
          1.19283772996827,
          0.7883745157169574,
          0.7301583189869125,
          1.9096822437670034,
          0.8028894308810174,
          1.6001881720396585,
          0.0,
          1.9056650299287867,
          1.8719807730142646,
          2.5636436385685646,
          0.8138456288626371
        ],
        [
          0.5717164443792482,
          0.6772295964461733,
          3.0957481319050983,
          0.9319968968250811,
          2.0982798861622043,
          1.1472945274836057,
          0.5362606306807176,
          1.3969314301308993,
          0.5601946542236219,
          0.8212125009165515,
          3.4198903353782097,
          2.7517116455360227,
          3.244813643844225,
          1.3012251044910332,
          0.5461068547983695,
          0.5780312512736216,
          0.6821052208109554,
          0.6890440430221743,
          4.2727291708693915,
          1.1014833611728194,
          0.548374609139808,
          0.6425275483744743,
          2.123117759701956,
          0.5759127161437212,
          1.1016394513650019,
          1.9056650299287867,
          0.0,
          1.5251293524691125,
          2.114951044010407,
          0.7711143248042542
        ],
        [
          0.582645217651381,
          2.7903874580422925,
          2.653120364771052,
          2.2021171930014005,
          1.804796541544531,
          0.6913874648157615,
          1.349717570748795,
          1.7150046188208445,
          0.535460987651368,
          0.6874528952293757,
          0.6539547383660338,
          0.6331806232881144,
          1.0566387362487646,
          1.6988597720107717,
          0.9661575685792084,
          0.5357398928721325,
          0.5948527380763798,
          0.6139799956768851,
          1.8819157324421425,
          1.0630818283712313,
          0.5819130796484393,
          4.510030263760877,
          1.1510475303549905,
          0.529935969542439,
          1.3278380873481304,
          1.8719807730142646,
          1.5251293524691125,
          0.0,
          0.803827829145339,
          1.0786172619186778
        ],
        [
          0.552172068698858,
          0.6021213930167364,
          3.3825157331940083,
          0.8351173884013903,
          1.5659927337953885,
          0.6913488889470318,
          1.0696504764437882,
          6.207208258860848,
          0.8204780571809326,
          0.5526309893095407,
          0.6741177514052263,
          1.0084903325201091,
          1.5914728093027177,
          2.0638912079789207,
          0.5607977337976662,
          0.6864672608413236,
          1.1530821273588399,
          0.8781454735254255,
          3.031707287977526,
          0.7807527900696883,
          0.539946881042393,
          1.1925917377764597,
          1.1451888233998022,
          0.579197577735748,
          1.1645078986532216,
          2.5636436385685646,
          2.114951044010407,
          0.803827829145339,
          0.0,
          0.6813182522011744
        ],
        [
          0.5315552205714081,
          0.5353395002238779,
          0.8960184325667419,
          0.7145826441772744,
          0.6195779120562148,
          0.5344001817501571,
          0.5351664786692263,
          0.6672045517135011,
          0.5320372725752375,
          0.5307194420850523,
          1.1516486182089636,
          0.6344492359110606,
          2.8668064565398725,
          0.7035701484496559,
          0.5392160861777622,
          0.5345425810391904,
          0.5476187386858963,
          1.0729588917456379,
          1.6721144178493557,
          0.5924816545986888,
          0.5300106804740594,
          0.5359097127363358,
          1.270523935141996,
          0.5400039099660334,
          0.744049651912569,
          0.8138456288626371,
          0.7711143248042542,
          1.0786172619186778,
          0.6813182522011744,
          0.0
        ]
      ]
    }
  },
  "nodes": {
    "EPI_ISL_404253": {
      "country": "Illinois",
      "country_confidence": {
        "Illinois": 1.0
      },
      "country_entropy": -1.000088900581841e-12
    },
    "EPI_ISL_404895": {
      "country": "Washington",
      "country_confidence": {
        "Washington": 1.0
      },
      "country_entropy": -1.000088900581841e-12
    },
    "EPI_ISL_406223": {
      "country": "Arizona",
      "country_confidence": {
        "Arizona": 1.0
      },
      "country_entropy": -1.000088900581841e-12
    },
    "EPI_ISL_408009": {
      "country": "California",
      "country_confidence": {
        "California": 1.0
      },
      "country_entropy": -1.000088900581841e-12
    },
    "EPI_ISL_408670": {
      "country": "Wisconsin",
      "country_confidence": {
        "Wisconsin": 1.0
      },
      "country_entropy": -1.000088900581841e-12
    },
    "EPI_ISL_409067": {
      "country": "Massachusetts",
      "country_confidence": {
        "Massachusetts": 1.0
      },
      "country_entropy": -1.000088900581841e-12
    },
    "EPI_ISL_410045": {
      "country": "Illinois",
      "country_confidence": {
        "Illinois": 1.0
      },
      "country_entropy": -1.000088900581841e-12
    },
    "EPI_ISL_411954": {
      "country": "California",
      "country_confidence": {
        "California": 1.0
      },
      "country_entropy": -1.000088900581841e-12
    },
    "EPI_ISL_411956": {
      "country": "Texas",
      "country_confidence": {
        "Texas": 1.0
      },
      "country_entropy": -1.000088900581841e-12
    },
    "EPI_ISL_414476": {
      "country": "New York",
      "country_confidence": {
        "New York": 0.9999999999999999
      },
      "country_entropy": -9.99866855976916e-13
    },
    "EPI_ISL_414622": {
      "country": "Washington",
      "country_confidence": {
        "Washington": 1.0
      },
      "country_entropy": -1.000088900581841e-12
    },
    "EPI_ISL_415542": {
      "country": "Utah",
      "country_confidence": {
        "Utah": 1.0
      },
      "country_entropy": -1.000088900581841e-12
    },
    "EPI_ISL_415544": {
      "country": "Utah",
      "country_confidence": {
        "Utah": 1.0
      },
      "country_entropy": -1.000088900581841e-12
    },
    "EPI_ISL_416417": {
      "country": "Connecticut",
      "country_confidence": {
        "Connecticut": 1.0
      },
      "country_entropy": -1.000088900581841e-12
    },
    "EPI_ISL_416423": {
      "country": "Connecticut",
      "country_confidence": {
        "Connecticut": 1.0
      },
      "country_entropy": -1.000088900581841e-12
    },
    "EPI_ISL_416462": {
      "country": "Washington",
      "country_confidence": {
        "Washington": 1.0
      },
      "country_entropy": -1.000088900581841e-12
    },
    "EPI_ISL_416643": {
      "country": "Washington",
      "country_confidence": {
        "Washington": 1.0
      },
      "country_entropy": -1.000088900581841e-12
    },
    "EPI_ISL_416673": {
      "country": "Oregon",
      "country_confidence": {
        "Oregon": 1.0
      },
      "country_entropy": -1.000088900581841e-12
    },
    "EPI_ISL_416728": {
      "country": "Washington",
      "country_confidence": {
        "Washington": 1.0
      },
      "country_entropy": -1.000088900581841e-12
    },
    "EPI_ISL_416831": {
      "country": "New York",
      "country_confidence": {
        "New York": 0.9999999999999999
      },
      "country_entropy": -9.99866855976916e-13
    },
    "EPI_ISL_417026": {
      "country": "Utah",
      "country_confidence": {
        "Utah": 1.0
      },
      "country_entropy": -1.000088900581841e-12
    },
    "EPI_ISL_417028": {
      "country": "Utah",
      "country_confidence": {
        "Utah": 1.0
      },
      "country_entropy": -1.000088900581841e-12
    },
    "EPI_ISL_417095": {
      "country": "Washington",
      "country_confidence": {
        "Washington": 1.0
      },
      "country_entropy": -1.000088900581841e-12
    },
    "EPI_ISL_417096": {
      "country": "Washington",
      "country_confidence": {
        "Washington": 1.0
      },
      "country_entropy": -1.000088900581841e-12
    },
    "EPI_ISL_417098": {
      "country": "Washington",
      "country_confidence": {
        "Washington": 1.0
      },
      "country_entropy": -1.000088900581841e-12
    },
    "EPI_ISL_417108": {
      "country": "Washington",
      "country_confidence": {
        "Washington": 1.0
      },
      "country_entropy": -1.000088900581841e-12
    },
    "EPI_ISL_417135": {
      "country": "Washington",
      "country_confidence": {
        "Washington": 1.0
      },
      "country_entropy": -1.000088900581841e-12
    },
    "EPI_ISL_417142": {
      "country": "Washington",
      "country_confidence": {
        "Washington": 1.0
      },
      "country_entropy": -1.000088900581841e-12
    },
    "EPI_ISL_417148": {
      "country": "Washington",
      "country_confidence": {
        "Washington": 1.0
      },
      "country_entropy": -1.000088900581841e-12
    },
    "EPI_ISL_417150": {
      "country": "Washington",
      "country_confidence": {
        "Washington": 1.0
      },
      "country_entropy": -1.000088900581841e-12
    },
    "EPI_ISL_417151": {
      "country": "Washington",
      "country_confidence": {
        "Washington": 1.0
      },
      "country_entropy": -1.000088900581841e-12
    },
    "EPI_ISL_417156": {
      "country": "Washington",
      "country_confidence": {
        "Washington": 1.0
      },
      "country_entropy": -1.000088900581841e-12
    },
    "EPI_ISL_417159": {
      "country": "Washington",
      "country_confidence": {
        "Washington": 1.0
      },
      "country_entropy": -1.000088900581841e-12
    },
    "EPI_ISL_417160": {
      "country": "Washington",
      "country_confidence": {
        "Washington": 1.0
      },
      "country_entropy": -1.000088900581841e-12
    },
    "EPI_ISL_417194": {
      "country": "Minnesota",
      "country_confidence": {
        "Minnesota": 1.0
      },
      "country_entropy": -1.000088900581841e-12
    },
    "EPI_ISL_417196": {
      "country": "Minnesota",
      "country_confidence": {
        "Minnesota": 1.0
      },
      "country_entropy": -1.000088900581841e-12
    },
    "EPI_ISL_417200": {
      "country": "Wisconsin",
      "country_confidence": {
        "Wisconsin": 0.9999999999999999
      },
      "country_entropy": -9.99866855976916e-13
    },
    "EPI_ISL_417350": {
      "country": "Washington",
      "country_confidence": {
        "Washington": 1.0
      },
      "country_entropy": -1.000088900581841e-12
    },
    "EPI_ISL_417469": {
      "country": "Minnesota",
      "country_confidence": {
        "Minnesota": 1.0
      },
      "country_entropy": -1.000088900581841e-12
    },
    "EPI_ISL_417475": {
      "country": "Minnesota",
      "country_confidence": {
        "Minnesota": 1.0
      },
      "country_entropy": -1.000088900581841e-12
    },
    "EPI_ISL_417513": {
      "country": "Wisconsin",
      "country_confidence": {
        "Wisconsin": 0.9999999999999999
      },
      "country_entropy": -9.99866855976916e-13
    },
    "EPI_ISL_417517": {
      "country": "Wisconsin",
      "country_confidence": {
        "Wisconsin": 1.0
      },
      "country_entropy": -1.000088900581841e-12
    },
    "EPI_ISL_417935": {
      "country": "California",
      "country_confidence": {
        "California": 0.9999999999999999
      },
      "country_entropy": -9.99866855976916e-13
    },
    "EPI_ISL_417958": {
      "country": "Utah",
      "country_confidence": {
        "Utah": 1.0
      },
      "country_entropy": -1.000088900581841e-12
    },
    "EPI_ISL_417959": {
      "country": "Utah",
      "country_confidence": {
        "Utah": 1.0
      },
      "country_entropy": -1.000088900581841e-12
    },
    "EPI_ISL_417960": {
      "country": "Utah",
      "country_confidence": {
        "Utah": 1.0
      },
      "country_entropy": -1.000088900581841e-12
    },
    "EPI_ISL_417976": {
      "country": "Utah",
      "country_confidence": {
        "Utah": 1.0
      },
      "country_entropy": -1.000088900581841e-12
    },
    "EPI_ISL_418049": {
      "country": "Minnesota",
      "country_confidence": {
        "Minnesota": 1.0
      },
      "country_entropy": -1.000088900581841e-12
    },
    "EPI_ISL_418058": {
      "country": "Connecticut",
      "country_confidence": {
        "Connecticut": 0.9999999999999999
      },
      "country_entropy": -9.99866855976916e-13
    },
    "EPI_ISL_418080": {
      "country": "Washington",
      "country_confidence": {
        "Washington": 1.0
      },
      "country_entropy": -1.000088900581841e-12
    },
    "EPI_ISL_418871": {
      "country": "Connecticut",
      "country_confidence": {
        "Connecticut": 0.9999999999999999
      },
      "country_entropy": -9.99866855976916e-13
    },
    "EPI_ISL_418895": {
      "country": "Connecticut",
      "country_confidence": {
        "Connecticut": 1.0
      },
      "country_entropy": -1.000088900581841e-12
    },
    "EPI_ISL_418898": {
      "country": "Connecticut",
      "country_confidence": {
        "Connecticut": 1.0
      },
      "country_entropy": -1.000088900581841e-12
    },
    "EPI_ISL_418905": {
      "country": "Washington",
      "country_confidence": {
        "Washington": 1.0
      },
      "country_entropy": -1.000088900581841e-12
    },
    "EPI_ISL_418915": {
      "country": "Illinois",
      "country_confidence": {
        "Illinois": 1.0
      },
      "country_entropy": -1.000088900581841e-12
    },
    "EPI_ISL_418916": {
      "country": "Illinois",
      "country_confidence": {
        "Illinois": 1.0
      },
      "country_entropy": -1.000088900581841e-12
    },
    "EPI_ISL_418917": {
      "country": "Illinois",
      "country_confidence": {
        "Illinois": 1.0
      },
      "country_entropy": -1.000088900581841e-12
    },
    "EPI_ISL_418918": {
      "country": "Illinois",
      "country_confidence": {
        "Illinois": 1.0
      },
      "country_entropy": -1.000088900581841e-12
    },
    "EPI_ISL_418962": {
      "country": "Utah",
      "country_confidence": {
        "Utah": 1.0
      },
      "country_entropy": -1.000088900581841e-12
    },
    "EPI_ISL_418963": {
      "country": "Utah",
      "country_confidence": {
        "Utah": 1.0
      },
      "country_entropy": -1.000088900581841e-12
    },
    "EPI_ISL_418964": {
      "country": "Utah",
      "country_confidence": {
        "Utah": 1.0
      },
      "country_entropy": -1.000088900581841e-12
    },
    "EPI_ISL_419260": {
      "country": "Virginia",
      "country_confidence": {
        "Virginia": 0.9999999999999999
      },
      "country_entropy": -9.99866855976916e-13
    },
    "EPI_ISL_419512": {
      "country": "Connecticut",
      "country_confidence": {
        "Connecticut": 1.0
      },
      "country_entropy": -1.000088900581841e-12
    },
    "EPI_ISL_419521": {
      "country": "Connecticut",
      "country_confidence": {
        "Connecticut": 1.0
      },
      "country_entropy": -1.000088900581841e-12
    },
    "EPI_ISL_419554": {
      "country": "California",
      "country_confidence": {
        "California": 1.0
      },
