{
  "generated_by": {
    "program": "augur",
    "version": "7.0.2"
  },
  "models": {
    "country": {
      "alphabet": [
        "Australia",
        "Austria",
        "Belgium",
        "Brazil",
        "Canada",
        "China",
        "Czech Republic",
        "Democratic Republic of the Congo",
        "England",
        "Finland",
        "France",
        "Georgia",
        "Germany",
        "Hong Kong",
        "Iceland",
        "India",
        "Ireland",
        "Italy",
        "Japan",
        "Luxembourg",
        "Mexico",
        "Netherlands",
        "Norway",
        "Portugal",
        "Scotland",
        "Senegal",
        "Singapore",
        "South Korea",
        "Spain",
        "Switzerland",
        "Taiwan",
        "USA",
        "Wales",
        "?"
      ],
      "equilibrium_probabilities": [
        0.030718536814516556,
        0.039973697725384824,
        0.023256969319242496,
        0.03572310011941764,
        0.037602451971733834,
        0.019067705125322427,
        0.03342910615369246,
        0.03009218381962693,
        0.02243976437418967,
        0.03321316380062117,
        0.02029179884339258,
        0.03766043330003534,
        0.017011749650779485,
        0.031924817458860784,
        0.03228436030123277,
        0.03327771748365416,
        0.034189373137836335,
        0.034755846936976226,
        0.030208345040818436,
        0.027684888240832126,
        0.0372738717744666,
        0.01527185773718096,
        0.03286006087139643,
        0.020744917347490854,
        0.0281375736621349,
        0.032324812023382575,
        0.03763581668287506,
        0.03545492977308314,
        0.022106707357627618,
        0.028183691617547142,
        0.03550767664884728,
        0.03251357727975663,
        0.037178497606044685
      ],
      "rate": 375.28843824619264,
      "transition_matrix": [
        [
          0.0,
          0.6135636550081182,
          1.6662995399572025,
          0.6073273915729834,
          2.494878930172833,
          1.511069043955804,
          0.6079437912059609,
          0.6101863156420071,
          6.555611219540943,
          0.6063049341997948,
          5.086594800071004,
          0.6077288663911092,
          2.7852315098623537,
          0.6065785735055724,
          1.0551492748435423,
          2.124857663519394,
          0.6077641324900362,
          0.6103729347613207,
          1.2120766997609353,
          0.614146861602426,
          0.6119533982228692,
          1.968463494000263,
          0.6785176815294677,
          1.2894111479095873,
          2.5549060480195473,
          0.6074112854881363,
          0.9993041885809278,
          0.7321280276931605,
          1.0730031356731318,
          0.9139325471964235,
          1.211068743933898,
          4.689324903237291,
          0.8577959509889387
        ],
        [
          0.6135636550081182,
          0.0,
          0.9045486509537443,
          0.6053035331356109,
          0.6938288851890656,
          0.6059380743976267,
          0.6446876062758531,
          0.6060798487911945,
          0.642089774848153,
          0.6048559642321135,
          0.8835806047413747,
          0.6050090104955251,
          2.7325509246823967,
          0.6045697165261891,
          0.6055256086067926,
          0.6052287328396454,
          0.605244672127519,
          0.6051025440111795,
          0.6066991437287345,
          0.9075700158819483,
          0.6075326790699722,
          0.8320530723806066,
          0.6054057701190916,
          0.7293432779403308,
          0.701389269554231,
          0.6051580384163684,
          0.6049758081124205,
          0.6050038561698567,
          2.117987838743572,
          0.907067917937282,
          0.6065012019469785,
          0.605489058997018,
          0.6057143964103573
        ],
        [
          1.6662995399572025,
          0.9045486509537443,
          0.0,
          1.3452860249031395,
          0.6258685076380583,
          0.735426330941049,
          1.051234903560901,
          0.677498839090067,
          6.8224228093180885,
          0.7178588203891189,
          3.649966270895968,
          0.6103587130292102,
          2.2065450872236654,
          0.9078165437185958,
          1.4575420416439937,
          1.3302757781643815,
          1.360876914345922,
          2.646817216235137,
          0.9091672590103592,
          1.9893945735954954,
          0.6086860236623632,
          7.268872266804798,
          0.9834228279084777,
          3.9922717596647472,
          2.7249618673662854,
          0.6064615073180555,
          0.6066182445667108,
          0.6067354961293477,
          1.396326615146155,
          2.5147115940429168,
          1.227378360363447,
          0.6105410841932808,
          0.6113833568201116
        ],
        [
          0.6073273915729834,
          0.6053035331356109,
          1.3452860249031395,
          0.0,
          0.606101621888133,
          0.6052504973700388,
          0.6056530305929954,
          0.6075721936692863,
          1.290607960503437,
          0.605206580701428,
          0.8967578526962515,
          0.6053665762997863,
          0.9368610232932332,
          0.6047901674696942,
          0.6077498694372284,
          0.6060350645867796,
          0.605883004507015,
          0.6064147202795283,
          0.6050734714361443,
          0.6063579906305356,
          0.6062595336509666,
          1.6653135563313854,
          0.6058193823257688,
          1.9403933559865254,
          0.7457871831736778,
          0.6053104125456196,
          0.6052053833498615,
          0.6051562675092321,
          0.9094496740981044,
          0.6380749559848011,
          0.606224265789903,
          0.6049640913125454,
          0.605350471638751
        ],
        [
          2.494878930172833,
          0.6938288851890656,
          0.6258685076380583,
          0.606101621888133,
          0.0,
          1.8404516489274592,
          0.8399718609197487,
          0.6086846338141662,
          0.997833593246115,
          0.6051659707970409,
          3.7222598774794093,
          0.8889018095323781,
          4.640705905790996,
          0.6048828181460817,
          1.1352874290795587,
          0.901954944092308,
          0.6052589280308714,
          0.6065918546462667,
          2.0069087149480507,
          2.7300497379266977,
          1.0711128928539673,
          2.1396245657156636,
          0.907567294732309,
          3.7833674507985053,
          0.6137783053211554,
          0.6071582524490601,
          0.7418013468496488,
          0.6062504934774057,
          0.6116698675378668,
          0.6085443690546328,
          1.2328399129870538,
          6.7841012759232635,
          0.6101266911101272
        ],
        [
          1.511069043955804,
          0.6059380743976267,
          0.735426330941049,
          0.6052504973700388,
          1.8404516489274592,
          0.0,
          0.6047976289394614,
          0.6059107269914046,
          1.8563405644832593,
          1.2131654514687094,
          0.6157692363971926,
          0.6043492111556849,
          1.475837797539929,
          3.039789030665905,
          1.2170210730706397,
          0.9081815500819106,
          0.9071041959231364,
          0.6064056118515148,
          3.5394759534559994,
          0.6099635632340873,
          0.6090711893505669,
          1.3395700266660675,
          0.9082026418124937,
          0.6171684567982034,
          5.956798518985508,
          1.1648775421476405,
          4.507373539378782,
          6.168892674525785,
          1.3743349024795106,
          0.6068911548282334,
          2.1339023348959567,
          1.698047437252117,
          0.6052690634792324
        ],
        [
          0.6079437912059609,
          0.6446876062758531,
          1.051234903560901,
          0.6056530305929954,
          0.8399718609197487,
          0.6047976289394614,
          0.0,
          0.6061145901014517,
          1.6358557307051125,
          0.6054824352235513,
          1.0071556231259478,
          0.6052725832754299,
          0.6074223224413263,
          0.6047810724524945,
          0.9086100452535919,
          0.6057030249752398,
          0.6057606501293292,
          0.6058706063018987,
          0.6522346122818178,
          0.7986654144073724,
          0.6057646881441395,
          1.0380345688788988,
          0.6059129443334825,
          0.9242366926733732,
          0.9063180190117702,
          0.6054417763519855,
          0.6052646364153557,
          0.6051279716245048,
          0.6062915121692153,
          0.6671332024545459,
          0.6069612953376717,
          0.6066302489605587,
          0.6052977308403447
        ],
        [
          0.6101863156420071,
          0.6060798487911945,
          0.677498839090067,
          0.6075721936692863,
          0.6086846338141662,
          0.6059107269914046,
          0.6061145901014517,
          0.0,
          3.327942387979295,
          0.6056709189065037,
          2.52918824512983,
          0.6068761606780015,
          0.7396337081332715,
          0.6050024123050289,
          0.8582598522221099,
          0.6064593942175174,
          0.6062954119868708,
          0.7096980000755363,
          0.6059736651336031,
          1.2458732415988036,
          0.6060361151199664,
          1.4194819159431724,
          0.6575393377659059,
          0.6087239900020089,
          1.420617828516598,
          0.6061768595188283,
          0.6053475486682968,
          0.6052557337218865,
          0.6074767524073428,
          0.9094689701419589,
          0.6582258444408992,
          0.6070001027435676,
          0.6056315060383176
        ],
        [
          6.555611219540943,
          0.642089774848153,
          6.8224228093180885,
          1.290607960503437,
          0.997833593246115,
          1.8563405644832593,
          1.6358557307051125,
          3.327942387979295,
          0.0,
          1.8010519766151933,
          3.6119766759773038,
          0.6934674935285684,
          5.281014839144291,
          0.6328905314118565,
          4.073701899002937,
          1.6664433399554308,
          1.4086575998467685,
          3.0794726361262375,
          1.6842299416615234,
          2.7369135624763343,
          0.9319961646131507,
          12.35399792853582,
          1.4889617056187259,
          7.887922427090566,
          9.079077222370818,
          0.9056386288491323,
          0.6346829469468533,
          0.6056477737542552,
          4.78340026104883,
          2.90977572203904,
          1.3852696659039092,
          3.301362025565511,
          0.8624707591845315
        ],
        [
          0.6063049341997948,
          0.6048559642321135,
          0.7178588203891189,
          0.605206580701428,
          0.6051659707970409,
          1.2131654514687094,
          0.6054824352235513,
          0.6056709189065037,
          1.8010519766151933,
          0.0,
          3.32861962699856,
          0.6048706141550558,
          0.6056396912438342,
          0.6046655904017466,
          0.8609180846448207,
          0.6050750899759003,
          0.605349537789016,
          0.6163112069852389,
          0.6055586543098818,
          0.8888282310258651,
          0.6059317245954999,
          1.721658611277233,
          0.945885179202419,
          1.210278978670555,
          1.232152207653351,
          0.6053323899511565,
          0.6051890684779302,
          0.6055067018353237,
          1.2113703697953513,
          0.6057320162310098,
          0.6062726490480532,
          0.6047068644046729,
          0.6049418299614918
        ],
        [
          5.086594800071004,
          0.8835806047413747,
          3.649966270895968,
          0.8967578526962515,
          3.7222598774794093,
          0.6157692363971926,
          1.0071556231259478,
          2.52918824512983,
          3.6119766759773038,
          3.32861962699856,
          0.0,
          1.5088395207220706,
          5.678291932520807,
          0.9156270976120713,
          1.952199976373779,
          0.6077813594242352,
          0.6062287189240693,
          0.9460465931474539,
          1.0096450888277682,
          6.65441666239276,
          0.609709947861357,
          5.3823190378046,
          2.298024076198825,
          1.8924318992831022,
          1.808438845109083,
          2.3161515721912433,
          0.910753630001291,
          0.6054452629508915,
          1.199041518272284,
          0.6102243256735091,
          4.995179577301509,
          6.107588241816285,
          0.6053318601880698
        ],
        [
          0.6077288663911092,
          0.6050090104955251,
          0.6103587130292102,
          0.6053665762997863,
          0.8889018095323781,
          0.6043492111556849,
          0.6052725832754299,
          0.6068761606780015,
          0.6934674935285684,
          0.6048706141550558,
          1.5088395207220706,
          0.0,
          0.6181210266261469,
          0.604613399430126,
          0.6053969674550642,
          0.9076571061713179,
          0.6052000750375615,
          0.6052173280206684,
          0.6050635625943721,
          0.6056698199187929,
          0.6059942372307553,
          1.1524894768042198,
          0.8660964978658314,
          0.9072688491474213,
          0.6085031908228006,
          0.6051865924769416,
          0.605027840782445,
          0.6050129184247308,
          1.2096556093849153,
          0.6055293692350053,
          0.6066073283265158,
          0.6052171219112542,
          0.6050783358591437
        ],
        [
          2.7852315098623537,
          2.7325509246823967,
          2.2065450872236654,
          0.9368610232932332,
          4.640705905790996,
          1.475837797539929,
          0.6074223224413263,
          0.7396337081332715,
          5.281014839144291,
          0.6056396912438342,
          5.678291932520807,
          0.6181210266261469,
          0.0,
          0.906996696577242,
          3.0661052709571504,
          0.6068995866694419,
          0.6064466916527855,
          0.6071907872269934,
          1.1940742993450184,
          1.5212845543956615,
          0.6728709512115055,
          3.0076520553336734,
          0.607465530887394,
          1.8161659362919809,
          1.6593543367318155,
          1.211333893056791,
          0.6067673697060316,
          0.605563723720733,
          0.7560690566558205,
          0.6480795621182719,
          0.6445468585661156,
          4.313373492114445,
          1.2328666660069576
        ],
        [
          0.6065785735055724,
          0.6045697165261891,
          0.9078165437185958,
          0.6047901674696942,
          0.6048828181460817,
          3.039789030665905,
          0.6047810724524945,
          0.6050024123050289,
          0.6328905314118565,
          0.6046655904017466,
          0.9156270976120713,
          0.604613399430126,
          0.906996696577242,
          0.0,
          0.6047906159286808,
          0.6047437935108136,
          0.6048305810879997,
          0.6048262339437429,
          1.2093712676021797,
          0.6047782629600578,
          0.6051613609615026,
          0.6054920746059631,
          0.8666500476172772,
          0.604435030566372,
          0.6061062286655415,
          0.6047466315566111,
          1.8156236466285438,
          1.8190354202420125,
          0.6059574483842722,
          0.6050352245114841,
          0.9078132467234834,
          0.6047076562272645,
          0.6046769958183082
        ],
        [
          1.0551492748435423,
          0.6055256086067926,
          1.4575420416439937,
          0.6077498694372284,
          1.1352874290795587,
          1.2170210730706397,
          0.9086100452535919,
          0.8582598522221099,
          4.073701899002937,
          0.8609180846448207,
          1.952199976373779,
          0.6053969674550642,
          3.0661052709571504,
          0.6047906159286808,
          0.0,
          0.6084497512511476,
          0.6068282443184031,
          0.8843884027332182,
          0.6089086957948675,
          1.021286226644528,
          0.6089584330706488,
          3.7867779019173002,
          1.8653472532862556,
          2.1116884422377207,
          1.3895921900408346,
          0.6059062804059319,
          0.6055886877909241,
          0.6053171186149626,
          1.477701550168289,
          0.7832036545601149,
          0.8612661034441185,
          0.911613702941094,
          0.6139407815954947
        ],
        [
          2.124857663519394,
          0.6052287328396454,
          1.3302757781643815,
          0.6060350645867796,
          0.901954944092308,
          0.9081815500819106,
          0.6057030249752398,
          0.6064593942175174,
          1.6664433399554308,
          0.6050750899759003,
          0.6077813594242352,
          0.9076571061713179,
          0.6068995866694419,
          0.6047437935108136,
          0.6084497512511476,
          0.0,
          0.6057987179640717,
          0.9202851337085384,
          0.6054289301263057,
          0.6075771003285252,
          0.6057670196875117,
          3.221012529506776,
          0.6134314598208639,
          1.2160872775033846,
          0.6117961081820554,
          0.6052512829480555,
          0.6054075191009286,
          0.605520346886221,
          0.6066064649692544,
          0.7574878370564101,
          0.6065402985246081,
          0.6071095329692651,
          0.6052665481647459
        ],
        [
          0.6077641324900362,
          0.605244672127519,
          1.360876914345922,
          0.605883004507015,
          0.6052589280308714,
          0.9071041959231364,
          0.6057606501293292,
          0.6062954119868708,
          1.4086575998467685,
          0.605349537789016,
          0.6062287189240693,
          0.6052000750375615,
          0.6064466916527855,
          0.6048305810879997,
          0.6068282443184031,
          0.6057987179640717,
          0.0,
          0.6064194993197827,
          0.6049761150120376,
          0.6059401921395475,
          0.6057512283245291,
          1.6993568580683542,
          0.6056835737569691,
          0.6083079964856046,
          0.7159423758005591,
          0.6052658881315796,
          0.6052027698059318,
          0.6052187446346797,
          0.6067285112728529,
          0.6073096456254964,
          0.6061116025995029,
          0.6051974874382446,
          0.6053215627130032
        ],
        [
          0.6103729347613207,
          0.6051025440111795,
          2.646817216235137,
          0.6064147202795283,
          0.6065918546462667,
          0.6064056118515148,
          0.6058706063018987,
          0.7096980000755363,
          3.0794726361262375,
          0.6163112069852389,
          0.9460465931474539,
          0.6052173280206684,
          0.6071907872269934,
          0.6048262339437429,
          0.8843884027332182,
          0.9202851337085384,
          0.6064194993197827,
          0.0,
          0.6053605409238669,
          1.69431596293404,
          0.6062566285994504,
          2.6261072736077455,
          0.9074214185248731,
          1.5180877747866377,
          0.6170072635288197,
          0.605591470416479,
          0.6051183320334461,
          0.6051151354035171,
          0.9124030210458088,
          0.610832632575228,
          0.669363180294377,
          0.6062966834212443,
          0.6051939394734329
        ],
        [
          1.2120766997609353,
          0.6066991437287345,
          0.9091672590103592,
          0.6050734714361443,
          2.0069087149480507,
          3.5394759534559994,
          0.6522346122818178,
          0.6059736651336031,
          1.6842299416615234,
          0.6055586543098818,
          1.0096450888277682,
          0.6050635625943721,
          1.1940742993450184,
          1.2093712676021797,
          0.6089086957948675,
          0.6054289301263057,
          0.6049761150120376,
          0.6053605409238669,
          0.0,
          0.6080175947093777,
          0.6060284224326086,
          1.8673694588361684,
          0.6055735617738387,
          1.3630587627304176,
          0.6146379099129737,
          0.6050709075093803,
          1.3402894087415587,
          0.606351377178693,
          0.7531892428419154,
          0.6062121775142723,
          0.6134446758309129,
          0.7964715463608973,
          0.6045944580056377
        ],
        [
          0.614146861602426,
          0.9075700158819483,
          1.9893945735954954,
          0.6063579906305356,
          2.7300497379266977,
          0.6099635632340873,
          0.7986654144073724,
          1.2458732415988036,
          2.7369135624763343,
          0.8888282310258651,
          6.65441666239276,
          0.6056698199187929,
          1.5212845543956615,
          0.6047782629600578,
          1.021286226644528,
          0.6075771003285252,
          0.6059401921395475,
          1.69431596293404,
          0.6080175947093777,
          0.0,
          0.611533408728013,
          2.8934752250247073,
          0.6097888259047709,
          0.6117861325703695,
          1.5846556193327725,
          0.7399300133420571,
          0.6052952867515436,
          0.6049803024375766,
          1.5093524643908571,
          1.2133576575451581,
          0.804797183281804,
          0.9109308781410239,
          0.6056238244429081
        ],
        [
          0.6119533982228692,
          0.6075326790699722,
          0.6086860236623632,
          0.6062595336509666,
          1.0711128928539673,
          0.6090711893505669,
          0.6057646881441395,
          0.6060361151199664,
          0.9319961646131507,
          0.6059317245954999,
          0.609709947861357,
          0.6059942372307553,
          0.6728709512115055,
          0.6051613609615026,
          0.6089584330706488,
          0.6057670196875117,
          0.6057512283245291,
          0.6062566285994504,
          0.6060284224326086,
          0.611533408728013,
          0.0,
          0.6086000921488348,
          0.6061590720141957,
          1.0494233661260726,
          0.7392429647807011,
          0.6081188838715765,
          0.605652278988208,
          0.605566930996413,
          2.106665813712868,
          0.6065295258131402,
          0.7759264653526786,
          1.0775872569018978,
          0.6057542289189486
        ],
        [
          1.968463494000263,
          0.8320530723806066,
          7.268872266804798,
          1.6653135563313854,
          2.1396245657156636,
          1.3395700266660675,
          1.0380345688788988,
          1.4194819159431724,
          12.35399792853582,
          1.721658611277233,
          5.3823190378046,
          1.1524894768042198,
          3.0076520553336734,
          0.6054920746059631,
          3.7867779019173002,
          3.221012529506776,
          1.6993568580683542,
          2.6261072736077455,
          1.8673694588361684,
          2.8934752250247073,
          0.6086000921488348,
          0.0,
          0.8900191692852041,
          4.467844523005644,
          6.279850300935189,
          1.8193527069883078,
          1.0804897787030243,
          0.6052489234471179,
          1.8637795442269138,
          2.943961005393117,
          1.1019998608346346,
          1.096403000710494,
          1.4585127376010347
        ],
        [
          0.6785176815294677,
          0.6054057701190916,
          0.9834228279084777,
          0.6058193823257688,
          0.907567294732309,
          0.9082026418124937,
          0.6059129443334825,
          0.6575393377659059,
          1.4889617056187259,
          0.945885179202419,
          2.298024076198825,
          0.8660964978658314,
          0.607465530887394,
          0.8666500476172772,
          1.8653472532862556,
          0.6134314598208639,
          0.6056835737569691,
          0.9074214185248731,
          0.6055735617738387,
          0.6097888259047709,
          0.6061590720141957,
          0.8900191692852041,
          0.0,
          0.6304804002511463,
          0.8091146795168308,
          0.6057248578203631,
          0.605384943835462,
          0.6052714968095398,
          0.955740724608995,
          0.6371371071744457,
          0.6084336993455522,
          0.8706390556660375,
          0.6053892563821424
        ],
        [
          1.2894111479095873,
          0.7293432779403308,
          3.9922717596647472,
          1.9403933559865254,
          3.7833674507985053,
          0.6171684567982034,
          0.9242366926733732,
          0.6087239900020089,
          7.887922427090566,
          1.210278978670555,
          1.8924318992831022,
          0.9072688491474213,
          1.8161659362919809,
          0.604435030566372,
          2.1116884422377207,
          1.2160872775033846,
          0.6083079964856046,
          1.5180877747866377,
          1.3630587627304176,
          0.6117861325703695,
          1.0494233661260726,
          4.467844523005644,
          0.6304804002511463,
          0.0,
          0.7360213117348737,
          0.6054341801694023,
          0.6057238363518014,
          0.6047211366307302,
          5.144245795900704,
          2.4888005380520437,
          2.0155774636586097,
          0.9866346725204869,
          0.9083896415646832
        ],
        [
          2.5549060480195473,
          0.701389269554231,
          2.7249618673662854,
          0.7457871831736778,
          0.6137783053211554,
          5.956798518985508,
          0.9063180190117702,
          1.420617828516598,
          9.079077222370818,
          1.232152207653351,
          1.808438845109083,
          0.6085031908228006,
          1.6593543367318155,
          0.6061062286655415,
          1.3895921900408346,
          0.6117961081820554,
          0.7159423758005591,
          0.6170072635288197,
          0.6146379099129737,
          1.5846556193327725,
          0.7392429647807011,
          6.279850300935189,
          0.8091146795168308,
          0.7360213117348737,
          0.0,
          0.612892325998411,
          0.7086740000325301,
          0.6110791383647248,
          2.645565151794086,
          0.613830233602525,
          0.7373190408691326,
          0.7200984159609247,
          0.6979781371866587
        ],
        [
          0.6074112854881363,
          0.6051580384163684,
          0.6064615073180555,
          0.6053104125456196,
          0.6071582524490601,
          1.1648775421476405,
          0.6054417763519855,
          0.6061768595188283,
          0.9056386288491323,
          0.6053323899511565,
          2.3161515721912433,
          0.6051865924769416,
          1.211333893056791,
          0.6047466315566111,
          0.6059062804059319,
          0.6052512829480555,
          0.6052658881315796,
          0.605591470416479,
          0.6050709075093803,
          0.7399300133420571,
          0.6081188838715765,
          1.8193527069883078,
          0.6057248578203631,
          0.6054341801694023,
          0.612892325998411,
          0.0,
          0.6335746566281664,
          0.605180120746417,
          0.894424537494024,
          0.6055009875185536,
          0.6066521613619414,
          0.6953071225291376,
          0.6051554247266879
        ],
        [
          0.9993041885809278,
          0.6049758081124205,
          0.6066182445667108,
          0.6052053833498615,
          0.7418013468496488,
          4.507373539378782,
          0.6052646364153557,
          0.6053475486682968,
          0.6346829469468533,
          0.6051890684779302,
          0.910753630001291,
          0.605027840782445,
          0.6067673697060316,
          1.8156236466285438,
          0.6055886877909241,
          0.6054075191009286,
          0.6052027698059318,
          0.6051183320334461,
          1.3402894087415587,
          0.6052952867515436,
          0.605652278988208,
          1.0804897787030243,
          0.605384943835462,
          0.6057238363518014,
          0.7086740000325301,
          0.6335746566281664,
          0.0,
          0.609015110600742,
          0.606655332875447,
          0.6053898681250852,
          0.6083348524966812,
          0.6465511076822891,
          0.6050909065699682
        ],
        [
          0.7321280276931605,
          0.6050038561698567,
          0.6067354961293477,
          0.6051562675092321,
          0.6062504934774057,
          6.168892674525785,
          0.6051279716245048,
          0.6052557337218865,
          0.6056477737542552,
          0.6055067018353237,
          0.6054452629508915,
          0.6050129184247308,
          0.605563723720733,
          1.8190354202420125,
          0.6053171186149626,
          0.605520346886221,
          0.6052187446346797,
          0.6051151354035171,
          0.606351377178693,
          0.6049803024375766,
          0.605566930996413,
          0.6052489234471179,
          0.6052714968095398,
          0.6047211366307302,
          0.6110791383647248,
          0.605180120746417,
          0.609015110600742,
          0.0,
          0.6069271190670412,
          0.6053040585491608,
          0.6113360648357905,
          0.8885661208529028,
          0.6051260221496897
        ],
        [
          1.0730031356731318,
          2.117987838743572,
          1.396326615146155,
          0.9094496740981044,
          0.6116698675378668,
          1.3743349024795106,
          0.6062915121692153,
          0.6074767524073428,
          4.78340026104883,
          1.2113703697953513,
          1.199041518272284,
          1.2096556093849153,
          0.7560690566558205,
          0.6059574483842722,
          1.477701550168289,
          0.6066064649692544,
          0.6067285112728529,
          0.9124030210458088,
          0.7531892428419154,
          1.5093524643908571,
          2.106665813712868,
          1.8637795442269138,
          0.955740724608995,
          5.144245795900704,
          2.645565151794086,
          0.894424537494024,
          0.606655332875447,
          0.6069271190670412,
          0.0,
          1.2172700815677187,
          1.096569332643808,
          0.912725264141062,
          0.6053053334350721
        ],
        [
          0.9139325471964235,
          0.907067917937282,
          2.5147115940429168,
          0.6380749559848011,
          0.6085443690546328,
          0.6068911548282334,
          0.6671332024545459,
          0.9094689701419589,
          2.90977572203904,
          0.6057320162310098,
          0.6102243256735091,
          0.6055293692350053,
          0.6480795621182719,
          0.6050352245114841,
          0.7832036545601149,
          0.7574878370564101,
          0.6073096456254964,
          0.610832632575228,
          0.6062121775142723,
          1.2133576575451581,
          0.6065295258131402,
          2.943961005393117,
          0.6371371071744457,
          2.4888005380520437,
          0.613830233602525,
          0.6055009875185536,
          0.6053898681250852,
          0.6053040585491608,
          1.2172700815677187,
          0.0,
          0.6079133039514822,
          0.9076276181657544,
          0.9020631864696788
        ],
        [
          1.211068743933898,
          0.6065012019469785,
          1.227378360363447,
          0.606224265789903,
          1.2328399129870538,
          2.1339023348959567,
          0.6069612953376717,
          0.6582258444408992,
          1.3852696659039092,
          0.6062726490480532,
          4.995179577301509,
          0.6066073283265158,
          0.6445468585661156,
          0.9078132467234834,
          0.8612661034441185,
          0.6065402985246081,
          0.6061116025995029,
          0.669363180294377,
          0.6134446758309129,
          0.804797183281804,
          0.7759264653526786,
          1.1019998608346346,
          0.6084336993455522,
          2.0155774636586097,
          0.7373190408691326,
          0.6066521613619414,
          0.6083348524966812,
          0.6113360648357905,
          1.096569332643808,
          0.6079133039514822,
          0.0,
          0.6137478121457949,
          0.6057411700056775
        ],
        [
          4.689324903237291,
          0.605489058997018,
          0.6105410841932808,
          0.6049640913125454,
          6.7841012759232635,
          1.698047437252117,
          0.6066302489605587,
          0.6070001027435676,
          3.301362025565511,
          0.6047068644046729,
          6.107588241816285,
          0.6052171219112542,
          4.313373492114445,
          0.6047076562272645,
          0.911613702941094,
          0.6071095329692651,
          0.6051974874382446,
          0.6062966834212443,
          0.7964715463608973,
          0.9109308781410239,
          1.0775872569018978,
          1.096403000710494,
          0.8706390556660375,
          0.9866346725204869,
          0.7200984159609247,
          0.6953071225291376,
          0.6465511076822891,
          0.8885661208529028,
          0.912725264141062,
          0.9076276181657544,
          0.6137478121457949,
          0.0,
          0.6294728508383605
        ],
        [
          0.8577959509889387,
          0.6057143964103573,
          0.6113833568201116,
          0.605350471638751,
          0.6101266911101272,
          0.6052690634792324,
          0.6052977308403447,
          0.6056315060383176,
          0.8624707591845315,
          0.6049418299614918,
          0.6053318601880698,
          0.6050783358591437,
          1.2328666660069576,
          0.6046769958183082,
          0.6139407815954947,
          0.6052665481647459,
          0.6053215627130032,
          0.6051939394734329,
          0.6045944580056377,
          0.6056238244429081,
          0.6057542289189486,
          1.4585127376010347,
          0.6053892563821424,
          0.9083896415646832,
          0.6979781371866587,
          0.6051554247266879,
          0.6050909065699682,
          0.6051260221496897,
          0.6053053334350721,
          0.9020631864696788,
          0.6057411700056775,
          0.6294728508383605,
          0.0
        ]
      ]
    }
  },
  "nodes": {
    "EPI_ISL_402120": {
      "country": "China",
      "country_confidence": {
        "China": 1.0
      },
      "country_entropy": -1.000088900581841e-12
    },
    "EPI_ISL_402121": {
      "country": "China",
      "country_confidence": {
        "China": 1.0
      },
      "country_entropy": -1.000088900581841e-12
    },
    "EPI_ISL_402125": {
      "country": "China",
      "country_confidence": {
        "China": 1.0
      },
      "country_entropy": -1.000088900581841e-12
    },
    "EPI_ISL_402132": {
      "country": "China",
      "country_confidence": {
        "China": 1.0
      },
      "country_entropy": -1.000088900581841e-12
    },
    "EPI_ISL_403929": {
      "country": "China",
      "country_confidence": {
        "China": 1.0
      },
      "country_entropy": -1.000088900581841e-12
    },
    "EPI_ISL_403932": {
      "country": "China",
      "country_confidence": {
        "China": 1.0
      },
      "country_entropy": -1.000088900581841e-12
    },
    "EPI_ISL_404227": {
      "country": "China",
      "country_confidence": {
        "China": 1.0
      },
      "country_entropy": -1.000088900581841e-12
    },
    "EPI_ISL_404228": {
      "country": "China",
      "country_confidence": {
        "China": 1.0
      },
      "country_entropy": -1.000088900581841e-12
    },
    "EPI_ISL_406031": {
      "country": "Taiwan",
      "country_confidence": {
        "Taiwan": 1.0
      },
      "country_entropy": -1.000088900581841e-12
    },
    "EPI_ISL_406538": {
      "country": "China",
      "country_confidence": {
        "China": 1.0
      },
      "country_entropy": -1.000088900581841e-12
    },
    "EPI_ISL_406593": {
      "country": "China",
      "country_confidence": {
        "China": 1.0
      },
      "country_entropy": -1.000088900581841e-12
    },
    "EPI_ISL_406594": {
      "country": "China",
      "country_confidence": {
        "China": 1.0
      },
      "country_entropy": -1.000088900581841e-12
    },
    "EPI_ISL_406716": {
      "country": "China",
      "country_confidence": {
        "China": 1.0
      },
      "country_entropy": -1.000088900581841e-12
    },
    "EPI_ISL_406862": {
      "country": "Germany",
      "country_confidence": {
        "Germany": 1.0
      },
      "country_entropy": -1.000088900581841e-12
    },
    "EPI_ISL_406973": {
      "country": "Singapore",
      "country_confidence": {
        "Singapore": 1.0
      },
      "country_entropy": -1.000088900581841e-12
    },
    "EPI_ISL_407079": {
      "country": "Finland",
      "country_confidence": {
        "Finland": 1.0
      },
      "country_entropy": -1.000088900581841e-12
    },
    "EPI_ISL_407193": {
      "country": "South Korea",
      "country_confidence": {
        "South Korea": 1.0
      },
      "country_entropy": -1.000088900581841e-12
    },
    "EPI_ISL_407976": {
      "country": "Belgium",
      "country_confidence": {
        "Belgium": 1.0
      },
      "country_entropy": -1.000088900581841e-12
    },
    "EPI_ISL_407987": {
      "country": "Singapore",
      "country_confidence": {
        "Singapore": 1.0
      },
      "country_entropy": -1.000088900581841e-12
    },
    "EPI_ISL_407988": {
      "country": "Singapore",
      "country_confidence": {
        "Singapore": 1.0
      },
      "country_entropy": -1.000088900581841e-12
    },
    "EPI_ISL_408430": {
      "country": "France",
      "country_confidence": {
        "France": 1.0
      },
      "country_entropy": -1.000088900581841e-12
    },
    "EPI_ISL_408479": {
      "country": "China",
      "country_confidence": {
        "China": 1.0
      },
      "country_entropy": -1.000088900581841e-12
    },
    "EPI_ISL_408480": {
      "country": "China",
      "country_confidence": {
        "China": 1.0
      },
      "country_entropy": -1.000088900581841e-12
    },
    "EPI_ISL_408486": {
      "country": "China",
      "country_confidence": {
        "China": 1.0
      },
      "country_entropy": -1.000088900581841e-12
    },
    "EPI_ISL_408489": {
      "country": "Taiwan",
      "country_confidence": {
        "Taiwan": 1.0
      },
      "country_entropy": -1.000088900581841e-12
    },
    "EPI_ISL_408514": {
      "country": "China",
      "country_confidence": {
        "China": 1.0
      },
      "country_entropy": -1.000088900581841e-12
    },
    "EPI_ISL_408515": {
      "country": "China",
      "country_confidence": {
        "China": 1.0
      },
      "country_entropy": -1.000088900581841e-12
    },
    "EPI_ISL_408665": {
      "country": "Japan",
      "country_confidence": {
        "Japan": 0.9999999999999999
      },
      "country_entropy": -9.99866855976916e-13
    },
    "EPI_ISL_408666": {
      "country": "Japan",
      "country_confidence": {
        "Japan": 1.0
      },
      "country_entropy": -1.000088900581841e-12
    },
    "EPI_ISL_408667": {
      "country": "Japan",
      "country_confidence": {
        "Japan": 1.0
      },
      "country_entropy": -1.000088900581841e-12
    },
    "EPI_ISL_408669": {
      "country": "Japan",
      "country_confidence": {
        "Japan": 1.0
      },
      "country_entropy": -1.000088900581841e-12
    },
    "EPI_ISL_410218": {
      "country": "Taiwan",
      "country_confidence": {
        "Taiwan": 1.0
      },
      "country_entropy": -1.000088900581841e-12
    },
    "EPI_ISL_410531": {
      "country": "Japan",
      "country_confidence": {
        "Japan": 1.0
      },
