Map from character to field name
A:	Argentina
B:	Australia
C:	Austria
D:	Bangladesh
E:	Belgium
F:	Bosnia and Herzegovina
G:	Brazil
H:	Canada
I:	Chile
J:	China
K:	Colombia
L:	Czech Republic
M:	Democratic Republic of the Congo
N:	Denmark
O:	Finland
P:	France
Q:	Georgia
R:	Germany
S:	Greece
T:	Hong Kong
U:	Hungary
V:	Iceland
W:	India
X:	Israel
Y:	Italy
Z:	Japan
[:	Jordan
\:	Kazakhstan
]:	Latvia
^:	Luxembourg
_:	Malaysia
`:	Mexico
a:	Morocco
b:	Netherlands
c:	New Zealand
d:	Nigeria
e:	Norway
f:	Oman
g:	Poland
h:	Portugal
i:	Romania
j:	Russia
k:	Saudi Arabia
l:	Senegal
m:	Singapore
n:	South Africa
o:	South Korea
p:	Spain
q:	Sweden
r:	Switzerland
s:	Taiwan
t:	Thailand
u:	Turkey
v:	USA
w:	Uganda
x:	United Arab Emirates
y:	United Kingdom
z:	Uruguay
{:	Vietnam
|:	?


Substitution rate (mu): 339.722492

Equilibrium frequencies (pi_i):
  A: 0.0194
  B: 0.0169
  C: 0.0186
  D: 0.018
  E: 0.0165
  F: 0.0181
  G: 0.0178
  H: 0.0179
  I: 0.0161
  J: 0.0104
  K: 0.0171
  L: 0.0185
  M: 0.0187
  N: 0.0178
  O: 0.0184
  P: 0.0118
  Q: 0.0185
  R: 0.0163
  S: 0.018
  T: 0.0164
  U: 0.0186
  V: 0.0184
  W: 0.0169
  X: 0.0167
  Y: 0.009
  Z: 0.0152
  [: 0.018
  \: 0.0188
  ]: 0.0181
  ^: 0.0171
  _: 0.0176
  `: 0.0178
  a: 0.0174
  b: 0.0156
  c: 0.0194
  d: 0.0191
  e: 0.0167
  f: 0.017
  g: 0.0155
  h: 0.0155
  i: 0.0187
  j: 0.0131
  k: 0.0166
  l: 0.0178
  m: 0.0167
  n: 0.0182
  o: 0.0161
  p: 0.0157
  q: 0.0164
  r: 0.0172
  s: 0.0149
  t: 0.0164
  u: 0.0184
  v: 0.0148
  w: 0.0181
  x: 0.0171
  y: 0.0163
  z: 0.0192
  {: 0.0189

Symmetrized rates from j->i (W_ij):
	A	B	C	D	E	F	G	H	I	J	K	L	M	N	O	P	Q	R	S	T	U	V	W	X	Y	Z	[	\	]	^	_	`	a	b	c	d	e	f	g	h	i	j	k	l	m	n	o	p	q	r	s	t	u	v	w	x	y	z	{
  A	0	0.7949	0.8134	0.7792	0.7905	0.7789	1.6954	0.9886	1.1092	0.7889	0.7964	0.7867	0.778	0.7838	0.7775	0.8775	0.7799	0.8114	0.7857	0.7778	1.0301	0.7813	1.1659	1.838	1.4166	0.7948	0.9728	0.7763	0.7805	0.7864	0.7759	0.7833	1.0728	1.6127	0.7835	0.7772	0.7824	0.8622	1.5865	1.3172	0.7783	2.0237	0.782	0.7782	0.7803	1.0084	0.7762	2.2016	0.9986	0.7914	0.7822	0.7781	0.7811	0.7936	0.7799	0.7814	1.2204	0.8712	0.7878
  B	0.7949	0	0.8777	1.1799	2.1597	0.7961	1.1969	0.9622	1.3605	6.0198	1.5295	0.8205	0.8069	0.8952	0.7887	2.5886	0.7897	1.5433	1.4005	1.972	0.81	1.2677	1.8878	0.8131	2.4821	1.8567	1.3486	0.7817	0.7909	0.8957	1.0119	1.379	0.8026	0.8283	0.8993	0.786	1.0069	1.8287	1.1866	1.3863	1.0653	0.8604	0.8005	0.785	1.4752	1.0294	1.0128	1.2018	1.3587	0.8195	1.0753	1.4824	1.1106	2.537	0.8007	1.8365	1.3408	0.8226	0.8338
  C	0.8134	0.8777	0	0.8949	0.8221	1.0755	0.9102	0.9275	0.9876	0.9609	0.8573	1.3628	0.7869	1.5969	0.7833	1.8072	0.8151	1.7488	0.9157	0.7996	1.1539	1.0715	0.8002	0.9438	2.9541	0.8174	0.7989	0.7805	1.1865	0.8255	0.7806	0.8088	0.7906	2.3222	0.8117	0.7811	1.3605	0.9143	1.6797	2.2918	0.7844	2.4731	1.7021	0.8018	0.8089	0.7876	0.7812	1.0396	0.922	1.4063	1.0943	0.8286	0.7949	1.4519	0.919	0.7926	1.0027	0.7834	1.0966
  D	0.7792	1.1799	0.8949	0	0.7916	0.7772	1.1416	0.7797	0.782	0.8212	0.7809	0.7824	0.7763	0.7816	0.7754	1.0978	0.9981	0.8137	0.785	0.7776	0.7774	0.7793	0.784	0.7769	1.3479	0.784	0.7833	0.775	0.7985	0.781	0.816	0.7795	0.991	1.0685	0.7821	0.7762	1.0335	0.7879	0.7863	0.7816	0.7774	1.5443	1.6214	0.7771	0.7799	0.7782	0.7759	1.1533	1.4043	1.1828	0.782	0.8606	0.7803	1.1796	0.778	0.7814	0.7923	0.7767	0.7818
  E	0.7905	2.1597	0.8221	0.7916	0	1.1528	0.7962	1.1679	1.8586	0.8633	1.1895	0.8029	2.9013	1.1624	0.7812	2.0707	0.7855	1.0087	0.8021	0.7861	2.3225	1.2299	2.2377	0.851	4.0357	0.8846	0.8021	0.779	0.8009	1.4876	0.7799	0.8003	0.8966	1.3761	0.8085	0.7798	0.9215	1.145	2.1853	0.8111	0.8283	1.2373	0.8685	1.1728	1.0042	0.7857	0.7802	1.1613	0.9766	2.0158	1.0822	0.7839	2.0945	1.4964	0.7881	0.7895	1.1302	0.7819	1.4451
  F	0.7789	0.7961	1.0755	0.7772	1.1528	0	0.9336	0.7807	0.8392	1.0037	0.781	1.0347	0.778	0.8047	0.7761	1.5903	0.7783	0.9431	0.7844	0.7784	0.7787	0.7811	1.0283	0.7815	2.1989	0.7831	0.7841	0.7758	1.021	0.7839	0.7764	0.78	0.7799	1.1947	0.782	0.7762	0.7909	0.9075	0.7887	0.7836	0.7776	1.1451	0.7804	0.7772	0.781	0.7791	0.7767	0.7821	1.177	0.7882	0.783	0.7786	0.781	0.7862	0.9188	0.7806	0.8882	0.7778	0.7809
  G	1.6954	1.1969	0.9102	1.1416	0.7962	0.9336	0	0.8158	2.3166	1.1818	0.7846	1.3591	0.7802	0.8231	0.7776	0.9432	0.7838	1.1958	1.1521	0.7816	0.7804	0.8166	0.7894	0.8368	1.9941	0.7948	0.7907	0.7772	0.7823	0.7862	0.7819	0.7847	0.7852	2.0473	1.0477	0.7785	1.0507	0.7877	1.2657	0.7895	0.7799	0.8167	1.8833	0.7789	0.7846	1.0595	0.7789	0.8041	1.2013	1.0615	0.791	0.8156	0.8598	0.9711	0.9325	0.7845	1.4165	0.7985	0.8207
  H	0.9886	0.9622	0.9275	0.7797	1.1679	0.7807	0.8158	0	0.7869	1.4079	1.6302	1.0894	1.1867	0.7963	0.7939	2.2274	1.0622	1.8947	0.8174	0.8136	0.7816	0.783	1.0724	1.94	1.378	1.0352	0.7928	0.7769	1.1475	0.7933	0.7835	0.7837	1.0771	0.7914	0.8199	0.7796	1.0671	0.8925	0.8157	0.7889	0.7788	0.8032	1.0581	0.7793	1.0392	0.7802	0.7805	0.7867	0.7885	0.7942	0.7896	0.7808	0.7872	4.2966	0.7811	1.1151	1.0015	0.7795	0.8445
  I	1.1092	1.3605	0.9876	0.782	1.8586	0.8392	2.3166	0.7869	0	1.737	0.7943	0.8005	1.0064	1.1854	0.7797	2.115	1.1172	1.1211	1.1363	0.7838	1.2157	1.1858	0.7942	0.8435	3.1999	0.8013	1.1276	0.7791	0.7845	0.7905	0.7804	1.3871	1.1738	1.1998	0.9637	0.7794	0.7919	1.1599	1.8852	1.2806	0.8709	1.6378	0.7866	0.7805	0.8615	0.7861	0.78	1.945	0.8214	0.8628	0.8577	0.7841	0.7929	1.3972	0.9151	0.7863	1.409	1.157	0.805
  J	0.7889	6.0198	0.9609	0.8212	0.8633	1.0037	1.1818	1.4079	1.737	0	1.2346	0.7981	0.9959	0.8754	0.8761	1.4427	1.2214	3.104	0.8445	4.6435	0.7898	0.9022	1.3118	1.2093	1.8692	1.8705	0.9539	0.7823	1.8248	1.0558	2.9529	0.9798	0.8234	2.6379	1.3134	0.7829	1.0128	3.0405	1.3126	0.8	0.7862	0.8138	1.3066	1.1854	5.215	1.179	4.3039	2.4322	1.0758	0.8044	6.5655	5.5686	1.5159	7.4434	1.1045	3.2744	1.2895	0.81	1.748
  K	0.7964	1.5295	0.8573	0.7809	1.1895	0.781	0.7846	1.6302	0.7943	1.2346	0	0.7885	0.7821	1.2908	1.1961	1.5134	0.8529	1.1954	1.0144	1.0136	0.7866	0.8197	1.9919	0.8106	0.8534	1.2649	1.0023	0.7775	0.7834	1.0422	1.1639	0.8216	0.7876	0.8186	1.1722	0.78	0.885	0.7854	1.1296	1.7041	0.7805	1.2494	1.6822	0.7808	0.7885	0.7818	0.7802	0.7886	0.7934	1.1836	1.4834	0.7825	0.7935	1.6191	0.7826	0.7872	1.2146	1.0481	1.1918
  L	0.7867	0.8205	1.3628	0.7824	0.8029	1.0347	1.3591	1.0894	0.8005	0.7981	0.7885	0	0.7823	1.1375	0.78	1.2007	0.7825	1.036	0.8216	0.7816	0.7825	0.7866	0.9122	0.7859	2.0633	0.8385	1.214	0.7786	0.8622	0.8016	0.7789	0.7841	0.8063	1.2126	0.7869	0.7798	0.7959	0.7862	1.1527	1.1115	0.7846	1.8318	0.8622	0.7808	0.7844	0.848	0.7788	0.787	0.8231	1.0672	0.7876	0.7845	1.1332	0.8392	0.834	0.8428	0.9685	0.7816	0.8559
  M	0.778	0.8069	0.7869	0.7763	2.9013	0.778	0.7802	1.1867	1.0064	0.9959	0.7821	0.7823	0	0.7821	0.777	1.5352	0.7776	0.9754	0.7808	0.7776	0.7798	0.7805	0.831	0.7903	1.3225	0.7861	0.7851	0.7747	0.7838	2.4607	0.7756	0.779	0.7798	0.7924	0.7802	0.7753	0.7819	0.781	1.4274	0.8922	0.7777	0.7919	0.7794	0.7773	0.7805	0.7776	0.7763	0.7836	0.7828	1.969	0.7825	0.7775	0.7814	1.0343	0.7785	0.7803	0.7908	0.7765	0.7823
  N	0.7838	0.8952	1.5969	0.7816	1.1624	0.8047	0.8231	0.7963	1.1854	0.8754	1.2908	1.1375	0.7821	0	0.7826	3.1978	0.782	1.3069	0.7913	0.7832	0.8791	0.7885	1.0725	1.0614	1.7564	0.7956	0.7914	0.779	1.2671	0.8123	0.7793	0.7857	0.7892	1.1926	1.5758	1.1722	1.1909	0.7884	0.9133	0.7938	0.7843	0.8249	0.8341	0.7816	0.7909	0.8234	0.7824	0.8624	2.0303	0.8276	0.9087	0.7824	0.7935	1.1176	1.1154	0.8168	1.3776	0.7811	0.7875
  O	0.7775	0.7887	0.7833	0.7754	0.7812	0.7761	0.7776	0.7939	0.7797	0.8761	1.1961	0.78	0.777	0.7826	0	2.0802	0.7765	0.7924	0.7795	0.7767	0.7764	0.7789	1.1869	0.7793	1.3694	0.7815	0.7844	0.7739	0.7773	1.2213	0.7747	0.7778	0.7775	1.1682	0.7788	0.7752	0.9867	0.7787	1.1731	1.1537	0.776	0.7869	0.7793	0.7761	0.7905	0.7766	0.7761	0.7793	0.7836	0.7823	0.7811	0.7761	0.7777	1.4987	0.7766	0.7868	0.7848	0.7759	0.779
  P	0.8775	2.5886	1.8072	1.0978	2.0707	1.5903	0.9432	2.2274	2.115	1.4427	1.5134	1.2007	1.5352	3.1978	2.0802	0	0.9234	2.4252	0.7975	1.0001	1.4304	1.4766	0.8644	3.6525	2.3315	0.9395	1.1076	0.7825	1.476	3.2052	0.7853	0.997	2.0049	2.494	1.2453	1.1728	2.6593	1.0853	1.437	1.485	0.9735	1.7466	1.1483	2.6794	1.7662	0.8058	1.0011	1.2876	3.2093	3.1115	2.0835	0.8013	1.5561	4.2029	0.789	1.6044	1.464	0.7851	1.1658
  Q	0.7799	0.7897	0.8151	0.9981	0.7855	0.7783	0.7838	1.0622	1.1172	1.2214	0.8529	0.7825	0.7776	0.782	0.7765	0.9234	0	0.7892	0.7839	0.7793	0.7797	0.7914	0.7938	0.8358	1.5877	0.8549	0.7867	0.7759	0.7793	0.7838	0.818	0.7861	0.998	0.8355	1.0337	0.776	0.7823	1.1704	0.8286	0.7871	0.7775	1.2438	0.7827	0.7771	0.7812	0.7791	0.7768	1.5478	0.7834	0.8155	0.7836	0.8629	0.7794	1.0888	0.7791	0.7814	0.8093	0.7783	1.064
  R	0.8114	1.5433	1.7488	0.8137	1.0087	0.9431	1.1958	1.8947	1.1211	3.104	1.1954	1.036	0.9754	1.3069	0.7924	2.4252	0.7892	0	1.1579	0.8496	1.0442	1.0692	1.7523	1.7089	6.0774	1.2145	0.8993	0.7821	1.1589	1.5175	0.7885	0.7933	0.9138	1.1984	0.7978	0.783	1.411	0.9099	1.251	1.0611	0.8003	1.1469	0.7936	1.18	0.9261	0.7894	0.817	0.8008	1.2205	1.8388	1.4514	0.7918	0.8654	1.3792	0.8319	1.0448	0.9801	0.7853	0.8157
  S	0.7857	1.4005	0.9157	0.785	0.8021	0.7844	1.1521	0.8174	1.1363	0.8445	1.0144	0.8216	0.7808	0.7913	0.7795	0.7975	0.7839	1.1579	0	0.7844	0.7832	1.0577	0.794	0.9808	1.9827	1.465	0.8327	0.7788	1.08	0.7909	0.7795	0.8322	0.8631	1.0291	0.8105	1.0327	0.8443	0.7943	0.9433	0.9946	0.7877	1.8546	0.8155	0.7806	0.8085	0.7838	0.7803	1.0789	0.7916	0.8285	0.7897	0.7837	0.8052	1.1314	0.7991	0.7853	3.775	0.7825	1.4911
  T	0.7778	1.972	0.7996	0.7776	0.7861	0.7784	0.7816	0.8136	0.7838	4.6435	1.0136	0.7816	0.7776	0.7832	0.7767	1.0001	0.7793	0.8496	0.7844	0	0.7783	0.7816	1.0169	0.7876	1.5741	1.2132	0.8014	0.7752	0.7803	0.7824	0.783	1.0693	0.7795	0.8018	0.7954	0.776	1.0262	0.7834	0.7874	0.7826	0.7774	1.1752	0.782	0.7774	1.2289	0.7791	0.7827	0.7842	0.7838	0.7837	0.9214	0.9213	0.788	1.2224	0.7802	1.094	0.8599	0.7836	0.7824
  U	1.0301	0.81	1.1539	0.7774	2.3225	0.7787	0.7804	0.7816	1.2157	0.7898	0.7866	0.7825	0.7798	0.8791	0.7764	1.4304	0.7797	1.0442	0.7832	0.7783	0	0.791	0.8386	0.8393	1.0227	2.0416	0.7847	0.7759	0.7791	0.7825	0.7769	0.7887	1.0729	0.788	1.0433	0.7762	0.7846	0.7813	0.8899	0.7845	0.7781	0.7997	0.7801	0.7774	1.0629	0.7781	0.7765	2.3025	0.7831	1.0986	0.7837	0.7779	0.7957	0.9653	0.7786	0.7807	0.8891	0.7775	0.7879
  V	0.7813	1.2677	1.0715	0.7793	1.2299	0.7811	0.8166	0.783	1.1858	0.9022	0.8197	0.7866	0.7805	0.7885	0.7789	1.4766	0.7914	1.0692	1.0577	0.7816	0.791	0	0.785	0.782	1.6942	0.7887	0.7885	0.777	0.782	0.8052	0.7775	0.8143	0.7856	0.8103	1.2303	0.7781	0.8202	0.7865	0.8031	0.7883	0.7798	1.6006	0.7811	0.7793	0.7938	0.7804	0.7784	0.9382	0.7886	1.1909	0.8298	0.7856	0.7828	0.8064	0.7823	0.7836	1.3834	0.7801	0.7838
  W	1.1659	1.8878	0.8002	0.784	2.2377	1.0283	0.7894	1.0724	0.7942	1.3118	1.9919	0.9122	0.831	1.0725	1.1869	0.8644	0.7938	1.7523	0.794	1.0169	0.8386	0.785	0	1.6023	3.3454	1.1211	1.3238	0.7782	1.0626	0.8023	1.9891	0.7869	1.4797	1.3033	0.7928	1.3033	0.8037	1.5769	1.2622	1.5745	0.8223	0.891	2.1738	0.887	2.5608	1.1918	1.1704	1.1806	0.7909	0.7999	1.878	1.1768	0.816	1.0175	1.1774	0.804	1.2045	0.783	0.8042
  X	1.838	0.8131	0.9438	0.7769	0.851	0.7815	0.8368	1.94	0.8435	1.2093	0.8106	0.7859	0.7903	1.0614	0.7793	3.6525	0.8358	1.7089	0.9808	0.7876	0.8393	0.782	1.6023	0	1.1151	1.3267	0.7877	1.1646	0.7801	0.923	0.7762	1.0124	0.7799	0.8041	1.1862	0.7766	0.8729	0.7817	0.7866	0.7865	0.7772	0.788	0.7808	0.9129	1.1121	0.7778	0.777	0.7829	0.7839	0.8454	0.7844	0.7779	0.7796	1.7447	0.7785	0.781	1.1464	0.7774	0.8955
  Y	1.4166	2.4821	2.9541	1.3479	4.0357	2.1989	1.9941	1.378	3.1999	1.8692	0.8534	2.0633	1.3225	1.7564	1.3694	2.3315	1.5877	6.0774	1.9827	1.5741	1.0227	1.6942	3.3454	1.1151	0	3.8413	1.3494	1.2458	0.9476	3.6316	0.7941	2.1289	1.7104	4.7591	1.146	0.7919	2.9232	1.6211	3.9104	2.6269	1.1805	4.3325	1.2353	1.4173	1.0722	1.6118	0.7931	1.9727	3.1771	4.3166	2.2263	0.8422	1.0334	2.0719	2.2636	1.5972	5.6263	0.8726	1.1673
  Z	0.7948	1.8567	0.8174	0.784	0.8846	0.7831	0.7948	1.0352	0.8013	1.8705	1.2649	0.8385	0.7861	0.7956	0.7815	0.9395	0.8549	1.2145	1.465	1.2132	2.0416	0.7887	1.1211	1.3267	3.8413	0	1.0819	0.7788	0.7853	0.8043	1.1881	0.7883	1.0811	1.6495	0.8206	0.7799	1.5048	0.789	1.0723	2.2197	0.7833	2.3813	0.7898	0.782	1.4454	0.7853	0.7898	0.983	0.9975	1.4669	2.5689	0.8219	0.9172	1.2122	0.7855	1.3241	1.3179	0.7822	1.2056
  [	0.9728	1.3486	0.7989	0.7833	0.8021	0.7841	0.7907	0.7928	1.1276	0.9539	1.0023	1.214	0.7851	0.7914	0.7844	1.1076	0.7867	0.8993	0.8327	0.8014	0.7847	0.7885	1.3238	0.7877	1.3494	1.0819	0	0.7797	0.7863	0.9933	0.7827	0.8671	1.1569	2.3226	0.9241	1.0004	0.792	0.7903	1.2211	1.1915	0.7838	1.0683	0.7883	0.7825	0.8437	0.7857	0.7866	0.8216	0.9105	1.77	0.9	0.7874	0.886	1.662	1.0774	0.7898	2.2924	1.0356	0.9139
  \	0.7763	0.7817	0.7805	0.775	0.779	0.7758	0.7772	0.7769	0.7791	0.7823	0.7775	0.7786	0.7747	0.779	0.7739	0.7825	0.7759	0.7821	0.7788	0.7752	0.7759	0.777	0.7782	1.1646	1.2458	0.7788	0.7797	0	0.8179	0.7777	0.7738	0.7776	0.7764	0.7796	0.7774	0.7739	0.7782	1.2223	0.7973	0.7784	0.7754	0.7959	0.7771	0.7745	0.7763	0.7786	0.7741	1.6349	1.0933	0.7828	0.7772	0.7753	0.777	0.7808	0.776	0.7774	0.7843	0.7756	0.7771
  ]	0.7805	0.7909	1.1865	0.7985	0.8009	1.021	0.7823	1.1475	0.7845	1.8248	0.7834	0.8622	0.7838	1.2671	0.7773	1.476	0.7793	1.1589	1.08	0.7803	0.7791	0.782	1.0626	0.7801	0.9476	0.7853	0.7863	0.8179	0	0.7905	0.7775	0.7809	0.8996	0.7886	0.7819	0.7772	0.786	1.0701	0.924	0.7852	0.9168	1.9759	0.7992	0.7781	0.7826	0.7825	0.7778	0.7843	1.0102	1.1173	0.7872	0.7803	1.489	0.7904	0.7807	0.785	0.9669	0.7786	0.7833
  ^	0.7864	0.8957	0.8255	0.781	1.4876	0.7839	0.7862	0.7933	0.7905	1.0558	1.0422	0.8016	2.4607	0.8123	1.2213	3.2052	0.7838	1.5175	0.7909	0.7824	0.7825	0.8052	0.8023	0.923	3.6316	0.8043	0.9933	0.7777	0.7905	0	0.7785	0.7845	0.8285	1.1061	0.7866	0.7781	0.7908	0.7887	0.8041	0.9603	0.7814	1.4692	0.7889	1.0196	0.7899	0.782	0.7953	0.7934	1.0992	2.0322	0.805	0.7812	0.799	1.7617	1.175	0.8145	0.8136	0.7804	1.0727
  _	0.7759	1.0119	0.7806	0.816	0.7799	0.7764	0.7819	0.7835	0.7804	2.9529	1.1639	0.7789	0.7756	0.7793	0.7747	0.7853	0.818	0.7885	0.7795	0.783	0.7769	0.7775	1.9891	0.7762	0.7941	1.1881	0.7827	0.7738	0.7775	0.7785	0	0.779	0.8158	0.7859	0.7823	0.7748	0.7803	0.7787	0.7832	0.7788	0.7755	0.7831	0.7843	0.7753	2.3726	0.7827	0.7771	0.7803	0.7791	0.7795	1.5718	1.1034	0.779	0.9573	0.7775	0.7808	0.7842	0.776	0.7788
  `	0.7833	1.379	0.8088	0.7795	0.8003	0.78	0.7847	0.7837	1.3871	0.9798	0.8216	0.7841	0.779	0.7857	0.7778	0.997	0.7861	0.7933	0.8322	1.0693	0.7887	0.8143	0.7869	1.0124	2.1289	0.7883	0.8671	0.7776	0.7809	0.7845	0.779	0	0.8923	0.7991	0.7961	0.7781	0.7855	0.7852	0.7918	0.7929	0.7816	1.2754	0.7814	0.779	0.8084	0.7815	0.7797	1.1409	0.8808	0.8159	1.4351	0.8884	0.7823	1.5585	0.8007	0.7849	1.5978	1.5984	0.784
  a	1.0728	0.8026	0.7906	0.991	0.8966	0.7799	0.7852	1.0771	1.1738	0.8234	0.7876	0.8063	0.7798	0.7892	0.7775	2.0049	0.998	0.9138	0.8631	0.7795	1.0729	0.7856	1.4797	0.7799	1.7104	1.0811	1.1569	0.7764	0.8996	0.8285	0.8158	0.8923	0	1.0789	0.7876	0.7776	0.7869	0.7833	0.8911	0.7907	0.7904	1.3804	0.7842	0.7787	0.7834	0.7802	0.7774	1.072	0.7953	1.3791	0.7914	0.86	0.8301	0.8272	0.7798	0.9061	1.6197	0.7794	1.3261
  b	1.6127	0.8283	2.3222	1.0685	1.3761	1.1947	2.0473	0.7914	1.1998	2.6379	0.8186	1.2126	0.7924	1.1926	1.1682	2.494	0.8355	1.1984	1.0291	0.8018	0.788	0.8103	1.3033	0.8041	4.7591	1.6495	2.3226	0.7796	0.7886	1.1061	0.7859	0.7991	1.0789	0	1.5466	0.7815	0.8008	0.9687	1.1604	2.4438	0.7836	2.6525	0.816	1.1774	0.793	1.177	0.7971	0.9668	0.8422	0.9917	0.8262	0.8681	0.7914	1.0621	0.7911	0.8088	2.1576	0.9342	1.0841
  c	0.7835	0.8993	0.8117	0.7821	0.8085	0.782	1.0477	0.8199	0.9637	1.3134	1.1722	0.7869	0.7802	1.5758	0.7788	1.2453	1.0337	0.7978	0.8105	0.7954	1.0433	1.2303	0.7928	1.1862	1.146	0.8206	0.9241	0.7774	0.7819	0.7866	0.7823	0.7961	0.7876	1.5466	0	0.7788	0.7906	0.7887	1.1918	1.0542	0.7796	1.2026	0.7868	0.7796	0.7911	0.7825	0.8086	1.0602	0.7874	0.8744	0.7974	1.2099	0.7836	1.7732	0.782	1.1572	2.3373	1.0623	0.7855
  d	0.7772	0.786	0.7811	0.7762	0.7798	0.7762	0.7785	0.7796	0.7794	0.7829	0.78	0.7798	0.7753	1.1722	0.7752	1.1728	0.776	0.783	1.0327	0.776	0.7762	0.7781	1.3033	0.7766	0.7919	0.7799	1.0004	0.7739	0.7772	0.7781	0.7748	0.7781	0.7776	0.7815	0.7788	0	0.7794	0.7782	0.7837	0.7795	0.7755	0.784	1.3155	1.0593	0.7784	0.7766	0.7749	0.7793	0.7787	0.7808	0.779	0.7761	0.7787	0.784	0.7769	0.7772	1.7383	0.7763	0.7786
  e	0.7824	1.0069	1.3605	1.0335	0.9215	0.7909	1.0507	1.0671	0.7919	1.0128	0.885	0.7959	0.7819	1.1909	0.9867	2.6593	0.7823	1.411	0.8443	1.0262	0.7846	0.8202	0.8037	0.8729	2.9232	1.5048	0.792	0.7782	0.786	0.7908	0.7803	0.7855	0.7869	0.8008	0.7906	0.7794	0	0.9005	1.0348	0.7913	0.7808	0.8099	0.7844	0.7809	1.3433	0.7827	0.7861	0.793	0.7929	0.8134	0.903	0.7826	0.7868	1.6736	0.7833	0.8206	1.9644	0.7805	0.7883
  f	0.8622	1.8287	0.9143	0.7879	1.145	0.9075	0.7877	0.8925	1.1599	3.0405	0.7854	0.7862	0.781	0.7884	0.7787	1.0853	1.1704	0.9099	0.7943	0.7834	0.7813	0.7865	1.5769	0.7817	1.6211	0.789	0.7903	1.2223	1.0701	0.7887	0.7787	0.7852	0.7833	0.9687	0.7887	0.7782	0.9005	0	0.8174	0.8747	0.7809	1.023	0.7846	0.78	0.7862	0.9246	0.7794	1.1812	1.297	0.8842	0.7951	0.7894	1.5776	0.9727	1.1818	1.1798	1.0397	1.068	0.7844
  g	1.5865	1.1866	1.6797	0.7863	2.1853	0.7887	1.2657	0.8157	1.8852	1.3126	1.1296	1.1527	1.4274	0.9133	1.1731	1.437	0.8286	1.251	0.9433	0.7874	0.8899	0.8031	1.2622	0.7866	3.9104	1.0723	1.2211	0.7973	0.924	0.8041	0.7832	0.7918	0.8911	1.1604	1.1918	0.7837	1.0348	0.8174	0	3.2114	0.9022	2.0496	1.2633	0.8119	0.7933	1.0806	0.7834	1.2446	0.9027	1.2366	0.8006	0.8003	0.9617	1.4536	0.9124	0.8303	1.581	0.7901	1.031
  h	1.3172	1.3863	2.2918	0.7816	0.8111	0.7836	0.7895	0.7889	1.2806	0.8	1.7041	1.1115	0.8922	0.7938	1.1537	1.485	0.7871	1.0611	0.9946	0.7826	0.7845	0.7883	1.5745	0.7865	2.6269	2.2197	1.1915	0.7784	0.7852	0.9603	0.7788	0.7929	0.7907	2.4438	1.0542	0.7795	0.7913	0.8747	3.2114	0	0.8964	2.1831	0.7885	0.7815	0.7858	0.8063	0.7792	1.121	0.7967	1.6729	0.7922	1.1623	1.0462	1.1182	1.176	0.8057	1.481	0.7827	1.3669
  i	0.7783	1.0653	0.7844	0.7774	0.8283	0.7776	0.7799	0.7788	0.8709	0.7862	0.7805	0.7846	0.7777	0.7843	0.776	0.9735	0.7775	0.8003	0.7877	0.7774	0.7781	0.7798	0.8223	0.7772	1.1805	0.7833	0.7838	0.7754	0.9168	0.7814	0.7755	0.7816	0.7904	0.7836	0.7796	0.7755	0.7808	0.7809	0.9022	0.8964	0	0.7989	0.7805	0.7764	0.779	0.7781	0.7756	1.1796	1.445	1.2264	0.7869	0.7772	1.7293	0.7846	0.778	0.7803	0.8101	0.7768	0.7794
  j	2.0237	0.8604	2.4731	1.5443	1.2373	1.1451	0.8167	0.8032	1.6378	0.8138	1.2494	1.8318	0.7919	0.8249	0.7869	1.7466	1.2438	1.1469	1.8546	1.1752	0.7997	1.6006	0.891	0.788	4.3325	2.3813	1.0683	0.7959	1.9759	1.4692	0.7831	1.2754	1.3804	2.6525	1.2026	0.784	0.8099	1.023	2.0496	2.1831	0.7989	0	1.6528	0.8999	1.5094	1.4697	0.7829	1.406	3.6715	2.1915	1.7155	0.7873	0.8513	1.0802	1.3549	1.5681	1.7893	1.1001	2.2786
  k	0.782	0.8005	1.7021	1.6214	0.8685	0.7804	1.8833	1.0581	0.7866	1.3066	1.6822	0.8622	0.7794	0.8341	0.7793	1.1483	0.7827	0.7936	0.8155	0.782	0.7801	0.7811	2.1738	0.7808	1.2353	0.7898	0.7883	0.7771	0.7992	0.7889	0.7843	0.7814	0.7842	0.816	0.7868	1.3155	0.7844	0.7846	1.2633	0.7885	0.7805	1.6528	0	0.889	1.0045	0.7816	0.7794	1.0141	1.6452	0.7904	0.7969	0.8066	3.4311	1.5832	1.0721	0.7843	0.7944	0.779	1.0901
  l	0.7782	0.785	0.8018	0.7771	1.1728	0.7772	0.7789	0.7793	0.7805	1.1854	0.7808	0.7808	0.7773	0.7816	0.7761	2.6794	0.7771	1.18	0.7806	0.7774	0.7774	0.7793	0.887	0.9129	1.4173	0.782	0.7825	0.7745	0.7781	1.0196	0.7753	0.779	0.7787	1.1774	0.7796	1.0593	0.7809	0.78	0.8119	0.7815	0.7764	0.8999	0.889	0	0.7798	0.7786	0.7758	1.1726	0.7851	0.7851	0.7822	0.7769	0.7789	0.9647	0.778	0.8688	0.7859	0.7765	0.7823
  m	0.7803	1.4752	0.8089	0.7799	1.0042	0.781	0.7846	1.0392	0.8615	5.215	0.7885	0.7844	0.7805	0.7909	0.7905	1.7662	0.7812	0.9261	0.8085	1.2289	1.0629	0.7938	2.5608	1.1121	1.0722	1.4454	0.8437	0.7763	0.7826	0.7899	2.3726	0.8084	0.7834	0.793	0.7911	0.7784	1.3433	0.7862	0.7933	0.7858	0.779	1.5094	1.0045	0.7798	0	0.7799	0.9669	0.8139	0.7879	0.7898	1.1978	1.2191	1.0241	1.5773	0.8303	0.8059	1.7932	0.7792	0.7875
  n	1.0084	1.0294	0.7876	0.7782	0.7857	0.7791	1.0595	0.7802	0.7861	1.179	0.7818	0.848	0.7776	0.8234	0.7766	0.8058	0.7791	0.7894	0.7838	0.7791	0.7781	0.7804	1.1918	0.7778	1.6118	0.7853	0.7857	0.7786	0.7825	0.782	0.7827	0.7815	0.7802	1.177	0.7825	0.7766	0.7827	0.9246	1.0806	0.8063	0.7781	1.4697	0.7816	0.7786	0.7799	0	0.7766	0.7826	0.8276	0.7883	0.7827	0.7786	0.7807	0.7872	0.7807	1.0698	0.8496	1.0124	0.782
  o	0.7762	1.0128	0.7812	0.7759	0.7802	0.7767	0.7789	0.7805	0.78	4.3039	0.7802	0.7788	0.7763	0.7824	0.7761	1.0011	0.7768	0.817	0.7803	0.7827	0.7765	0.7784	1.1704	0.777	0.7931	0.7898	0.7866	0.7741	0.7778	0.7953	0.7771	0.7797	0.7774	0.7971	0.8086	0.7749	0.7861	0.7794	0.7834	0.7792	0.7756	0.7829	0.7794	0.7758	0.9669	0.7766	0	0.8137	0.7932	0.7808	1.125	0.7812	0.7786	1.0485	0.7775	1.0442	1.1574	0.7761	0.7796
  p	2.2016	1.2018	1.0396	1.1533	1.1613	0.7821	0.8041	0.7867	1.945	2.4322	0.7886	0.787	0.7836	0.8624	0.7793	1.2876	1.5478	0.8008	1.0789	0.7842	2.3025	0.9382	1.1806	0.7829	1.9727	0.983	0.8216	1.6349	0.7843	0.7934	0.7803	1.1409	1.072	0.9668	1.0602	0.7793	0.793	1.1812	1.2446	1.121	1.1796	1.406	1.0141	1.1726	0.8139	0.7826	0.8137	0	0.9966	1.8384	1.1999	0.7845	0.7865	1.2133	0.8052	0.7865	2.0216	0.7821	0.7882
  q	0.9986	1.3587	0.922	1.4043	0.9766	1.177	1.2013	0.7885	0.8214	1.0758	0.7934	0.8231	0.7828	2.0303	0.7836	3.2093	0.7834	1.2205	0.7916	0.7838	0.7831	0.7886	0.7909	0.7839	3.1771	0.9975	0.9105	1.0933	1.0102	1.0992	0.7791	0.8808	0.7953	0.8422	0.7874	0.7787	0.7929	1.297	0.9027	0.7967	1.445	3.6715	1.6452	0.7851	0.7879	0.8276	0.7932	0.9966	0	1.4557	0.8142	1.3571	0.8112	1.3081	0.7857	1.9014	0.9414	0.7876	0.7957
  r	0.7914	0.8195	1.4063	1.1828	2.0158	0.7882	1.0615	0.7942	0.8628	0.8044	1.1836	1.0672	1.969	0.8276	0.7823	3.1115	0.8155	1.8388	0.8285	0.7837	1.0986	1.1909	0.7999	0.8454	4.3166	1.4669	1.77	0.7828	1.1173	2.0322	0.7795	0.8159	1.3791	0.9917	0.8744	0.7808	0.8134	0.8842	1.2366	1.6729	1.2264	2.1915	0.7904	0.7851	0.7898	0.7883	0.7808	1.8384	1.4557	0	1.0036	0.7825	1.7305	1.2585	0.7918	1.2894	1.9689	0.7845	1.238
  s	0.7822	1.0753	1.0943	0.782	1.0822	0.783	0.791	0.7896	0.8577	6.5655	1.4834	0.7876	0.7825	0.9087	0.7811	2.0835	0.7836	1.4514	0.7897	0.9214	0.7837	0.8298	1.878	0.7844	2.2263	2.5689	0.9	0.7772	0.7872	0.805	1.5718	1.4351	0.7914	0.8262	0.7974	0.779	0.903	0.7951	0.8006	0.7922	0.7869	1.7155	0.7969	0.7822	1.1978	0.7827	1.125	1.1999	0.8142	1.0036	0	1.7224	1.0637	0.8657	0.8527	1.8949	0.9791	0.7817	0.7958
  t	0.7781	1.4824	0.8286	0.8606	0.7839	0.7786	0.8156	0.7808	0.7841	5.5686	0.7825	0.7845	0.7775	0.7824	0.7761	0.8013	0.8629	0.7918	0.7837	0.9213	0.7779	0.7856	1.1768	0.7779	0.8422	0.8219	0.7874	0.7753	0.7803	0.7812	1.1034	0.8884	0.86	0.8681	1.2099	0.7761	0.7826	0.7894	0.8003	1.1623	0.7772	0.7873	0.8066	0.7769	1.2191	0.7786	0.7812	0.7845	1.3571	0.7825	1.7224	0	0.7818	0.8165	0.78	0.9671	0.9754	0.7783	0.9795
  u	0.7811	1.1106	0.7949	0.7803	2.0945	0.781	0.8598	0.7872	0.7929	1.5159	0.7935	1.1332	0.7814	0.7935	0.7777	1.5561	0.7794	0.8654	0.8052	0.788	0.7957	0.7828	0.816	0.7796	1.0334	0.9172	0.886	0.777	1.489	0.799	0.779	0.7823	0.8301	0.7914	0.7836	0.7787	0.7868	1.5776	0.9617	1.0462	1.7293	0.8513	3.4311	0.7789	1.0241	0.7807	0.7786	0.7865	0.8112	1.7305	1.0637	0.7818	0	0.8112	0.7819	0.891	1.0221	0.7795	0.7867
  v	0.7936	2.537	1.4519	1.1796	1.4964	0.7862	0.9711	4.2966	1.3972	7.4434	1.6191	0.8392	1.0343	1.1176	1.4987	4.2029	1.0888	1.3792	1.1314	1.2224	0.9653	0.8064	1.0175	1.7447	2.0719	1.2122	1.662	0.7808	0.7904	1.7617	0.9573	1.5585	0.8272	1.0621	1.7732	0.784	1.6736	0.9727	1.4536	1.1182	0.7846	1.0802	1.5832	0.9647	1.5773	0.7872	1.0485	1.2133	1.3081	1.2585	0.8657	0.8165	0.8112	0	0.8322	0.9133	1.2929	0.7962	1.5572
  w	0.7799	0.8007	0.919	0.778	0.7881	0.9188	0.9325	0.7811	0.9151	1.1045	0.7826	0.834	0.7785	1.1154	0.7766	0.789	0.7791	0.8319	0.7991	0.7802	0.7786	0.7823	1.1774	0.7785	2.2636	0.7855	1.0774	0.776	0.7807	1.175	0.7775	0.8007	0.7798	0.7911	0.782	0.7769	0.7833	1.1818	0.9124	1.176	0.778	1.3549	1.0721	0.778	0.8303	0.7807	0.7775	0.8052	0.7857	0.7918	0.8527	0.78	0.7819	0.8322	0	1.1766	0.795	0.7785	0.7828
  x	0.7814	1.8365	0.7926	0.7814	0.7895	0.7806	0.7845	1.1151	0.7863	3.2744	0.7872	0.8428	0.7803	0.8168	0.7868	1.6044	0.7814	1.0448	0.7853	1.094	0.7807	0.7836	0.804	0.781	1.5972	1.3241	0.7898	0.7774	0.785	0.8145	0.7808	0.7849	0.9061	0.8088	1.1572	0.7772	0.8206	1.1798	0.8303	0.8057	0.7803	1.5681	0.7843	0.8688	0.8059	1.0698	1.0442	0.7865	1.9014	1.2894	1.8949	0.9671	0.891	0.9133	1.1766	0	0.7955	0.7801	0.7852
  y	1.2204	1.3408	1.0027	0.7923	1.1302	0.8882	1.4165	1.0015	1.409	1.2895	1.2146	0.9685	0.7908	1.3776	0.7848	1.464	0.8093	0.9801	3.775	0.8599	0.8891	1.3834	1.2045	1.1464	5.6263	1.3179	2.2924	0.7843	0.9669	0.8136	0.7842	1.5978	1.6197	2.1576	2.3373	1.7383	1.9644	1.0397	1.581	1.481	0.8101	1.7893	0.7944	0.7859	1.7932	0.8496	1.1574	2.0216	0.9414	1.9689	0.9791	0.9754	1.0221	1.2929	0.795	0.7955	0	1.5527	0.8411
  z	0.8712	0.8226	0.7834	0.7767	0.7819	0.7778	0.7985	0.7795	1.157	0.81	1.0481	0.7816	0.7765	0.7811	0.7759	0.7851	0.7783	0.7853	0.7825	0.7836	0.7775	0.7801	0.783	0.7774	0.8726	0.7822	1.0356	0.7756	0.7786	0.7804	0.776	1.5984	0.7794	0.9342	1.0623	0.7763	0.7805	1.068	0.7901	0.7827	0.7768	1.1001	0.779	0.7765	0.7792	1.0124	0.7761	0.7821	0.7876	0.7845	0.7817	0.7783	0.7795	0.7962	0.7785	0.7801	1.5527	0	0.7804
  {	0.7878	0.8338	1.0966	0.7818	1.4451	0.7809	0.8207	0.8445	0.805	1.748	1.1918	0.8559	0.7823	0.7875	0.779	1.1658	1.064	0.8157	1.4911	0.7824	0.7879	0.7838	0.8042	0.8955	1.1673	1.2056	0.9139	0.7771	0.7833	1.0727	0.7788	0.784	1.3261	1.0841	0.7855	0.7786	0.7883	0.7844	1.031	1.3669	0.7794	2.2786	1.0901	0.7823	0.7875	0.782	0.7796	0.7882	0.7957	1.238	0.7958	0.9795	0.7867	1.5572	0.7828	0.7852	0.8411	0.7804	0

Actual rates from j->i (Q_ij):
	A	B	C	D	E	F	G	H	I	J	K	L	M	N	O	P	Q	R	S	T	U	V	W	X	Y	Z	[	\	]	^	_	`	a	b	c	d	e	f	g	h	i	j	k	l	m	n	o	p	q	r	s	t	u	v	w	x	y	z	{
  A	0	0.0154	0.0158	0.0151	0.0154	0.0151	0.0329	0.0192	0.0215	0.0153	0.0155	0.0153	0.0151	0.0152	0.0151	0.017	0.0151	0.0158	0.0153	0.0151	0.02	0.0152	0.0226	0.0357	0.0275	0.0154	0.0189	0.0151	0.0152	0.0153	0.0151	0.0152	0.0208	0.0313	0.0152	0.0151	0.0152	0.0167	0.0308	0.0256	0.0151	0.0393	0.0152	0.0151	0.0152	0.0196	0.0151	0.0428	0.0194	0.0154	0.0152	0.0151	0.0152	0.0154	0.0151	0.0152	0.0237	0.0169	0.0153
  B	0.0134	0	0.0148	0.0199	0.0364	0.0134	0.0202	0.0162	0.0229	0.1015	0.0258	0.0138	0.0136	0.0151	0.0133	0.0436	0.0133	0.026	0.0236	0.0332	0.0137	0.0214	0.0318	0.0137	0.0418	0.0313	0.0227	0.0132	0.0133	0.0151	0.0171	0.0232	0.0135	0.014	0.0152	0.0133	0.017	0.0308	0.02	0.0234	0.018	0.0145	0.0135	0.0132	0.0249	0.0174	0.0171	0.0203	0.0229	0.0138	0.0181	0.025	0.0187	0.0428	0.0135	0.031	0.0226	0.0139	0.0141
  C	0.0151	0.0163	0	0.0167	0.0153	0.02	0.0169	0.0173	0.0184	0.0179	0.016	0.0254	0.0146	0.0297	0.0146	0.0336	0.0152	0.0325	0.017	0.0149	0.0215	0.0199	0.0149	0.0176	0.055	0.0152	0.0149	0.0145	0.0221	0.0154	0.0145	0.0151	0.0147	0.0432	0.0151	0.0145	0.0253	0.017	0.0313	0.0426	0.0146	0.046	0.0317	0.0149	0.0151	0.0147	0.0145	0.0193	0.0172	0.0262	0.0204	0.0154	0.0148	0.027	0.0171	0.0148	0.0187	0.0146	0.0204
  D	0.014	0.0212	0.0161	0	0.0142	0.014	0.0205	0.014	0.0141	0.0148	0.014	0.0141	0.014	0.014	0.0139	0.0197	0.0179	0.0146	0.0141	0.014	0.014	0.014	0.0141	0.014	0.0242	0.0141	0.0141	0.0139	0.0144	0.014	0.0147	0.014	0.0178	0.0192	0.0141	0.0139	0.0186	0.0142	0.0141	0.014	0.014	0.0278	0.0291	0.014	0.014	0.014	0.0139	0.0207	0.0252	0.0213	0.0141	0.0155	0.014	0.0212	0.014	0.014	0.0142	0.014	0.014
  E	0.0131	0.0357	0.0136	0.0131	0	0.0191	0.0132	0.0193	0.0307	0.0143	0.0197	0.0133	0.048	0.0192	0.0129	0.0342	0.013	0.0167	0.0133	0.013	0.0384	0.0203	0.037	0.0141	0.0667	0.0146	0.0133	0.0129	0.0132	0.0246	0.0129	0.0132	0.0148	0.0228	0.0134	0.0129	0.0152	0.0189	0.0361	0.0134	0.0137	0.0205	0.0144	0.0194	0.0166	0.013	0.0129	0.0192	0.0161	0.0333	0.0179	0.013	0.0346	0.0247	0.013	0.0131	0.0187	0.0129	0.0239
  F	0.0141	0.0144	0.0194	0.014	0.0208	0	0.0169	0.0141	0.0151	0.0181	0.0141	0.0187	0.014	0.0145	0.014	0.0287	0.014	0.017	0.0142	0.0141	0.0141	0.0141	0.0186	0.0141	0.0397	0.0141	0.0142	0.014	0.0184	0.0141	0.014	0.0141	0.0141	0.0216	0.0141	0.014	0.0143	0.0164	0.0142	0.0141	0.014	0.0207	0.0141	0.014	0.0141	0.0141	0.014	0.0141	0.0212	0.0142	0.0141	0.0141	0.0141	0.0142	0.0166	0.0141	0.016	0.014	0.0141
  G	0.0301	0.0213	0.0162	0.0203	0.0142	0.0166	0	0.0145	0.0412	0.021	0.0139	0.0242	0.0139	0.0146	0.0138	0.0168	0.0139	0.0213	0.0205	0.0139	0.0139	0.0145	0.014	0.0149	0.0355	0.0141	0.0141	0.0138	0.0139	0.014	0.0139	0.014	0.014	0.0364	0.0186	0.0138	0.0187	0.014	0.0225	0.014	0.0139	0.0145	0.0335	0.0138	0.0139	0.0188	0.0138	0.0143	0.0214	0.0189	0.0141	0.0145	0.0153	0.0173	0.0166	0.0139	0.0252	0.0142	0.0146
  H	0.0177	0.0172	0.0166	0.014	0.0209	0.014	0.0146	0	0.0141	0.0252	0.0292	0.0195	0.0212	0.0143	0.0142	0.0399	0.019	0.0339	0.0146	0.0146	0.014	0.014	0.0192	0.0347	0.0247	0.0185	0.0142	0.0139	0.0205	0.0142	0.014	0.014	0.0193	0.0142	0.0147	0.014	0.0191	0.016	0.0146	0.0141	0.0139	0.0144	0.0189	0.0139	0.0186	0.014	0.014	0.0141	0.0141	0.0142	0.0141	0.014	0.0141	0.0769	0.014	0.02	0.0179	0.014	0.0151
  I	0.0179	0.0219	0.0159	0.0126	0.0299	0.0135	0.0373	0.0127	0	0.028	0.0128	0.0129	0.0162	0.0191	0.0126	0.0341	0.018	0.0181	0.0183	0.0126	0.0196	0.0191	0.0128	0.0136	0.0515	0.0129	0.0182	0.0125	0.0126	0.0127	0.0126	0.0223	0.0189	0.0193	0.0155	0.0126	0.0128	0.0187	0.0304	0.0206	0.014	0.0264	0.0127	0.0126	0.0139	0.0127	0.0126	0.0313	0.0132	0.0139	0.0138	0.0126	0.0128	0.0225	0.0147	0.0127	0.0227	0.0186	0.013
  J	0.0082	0.0629	0.01	0.0086	0.009	0.0105	0.0123	0.0147	0.0181	0	0.0129	0.0083	0.0104	0.0091	0.0092	0.0151	0.0128	0.0324	0.0088	0.0485	0.0083	0.0094	0.0137	0.0126	0.0195	0.0195	0.01	0.0082	0.0191	0.011	0.0308	0.0102	0.0086	0.0276	0.0137	0.0082	0.0106	0.0318	0.0137	0.0084	0.0082	0.0085	0.0136	0.0124	0.0545	0.0123	0.045	0.0254	0.0112	0.0084	0.0686	0.0582	0.0158	0.0778	0.0115	0.0342	0.0135	0.0085	0.0183
  K	0.0136	0.0262	0.0147	0.0134	0.0204	0.0134	0.0134	0.0279	0.0136	0.0211	0	0.0135	0.0134	0.0221	0.0205	0.0259	0.0146	0.0205	0.0174	0.0173	0.0135	0.014	0.0341	0.0139	0.0146	0.0216	0.0172	0.0133	0.0134	0.0178	0.0199	0.0141	0.0135	0.014	0.0201	0.0133	0.0151	0.0134	0.0193	0.0292	0.0134	0.0214	0.0288	0.0134	0.0135	0.0134	0.0134	0.0135	0.0136	0.0203	0.0254	0.0134	0.0136	0.0277	0.0134	0.0135	0.0208	0.0179	0.0204
  L	0.0145	0.0151	0.0251	0.0144	0.0148	0.0191	0.0251	0.0201	0.0148	0.0147	0.0146	0	0.0144	0.021	0.0144	0.0222	0.0144	0.0191	0.0152	0.0144	0.0144	0.0145	0.0168	0.0145	0.0381	0.0155	0.0224	0.0144	0.0159	0.0148	0.0144	0.0145	0.0149	0.0224	0.0145	0.0144	0.0147	0.0145	0.0213	0.0205	0.0145	0.0338	0.0159	0.0144	0.0145	0.0156	0.0144	0.0145	0.0152	0.0197	0.0145	0.0145	0.0209	0.0155	0.0154	0.0156	0.0179	0.0144	0.0158
  M	0.0145	0.0151	0.0147	0.0145	0.0541	0.0145	0.0146	0.0221	0.0188	0.0186	0.0146	0.0146	0	0.0146	0.0145	0.0287	0.0145	0.0182	0.0146	0.0145	0.0146	0.0146	0.0155	0.0148	0.0247	0.0147	0.0147	0.0145	0.0146	0.0459	0.0145	0.0145	0.0146	0.0148	0.0146	0.0145	0.0146	0.0146	0.0266	0.0167	0.0145	0.0148	0.0145	0.0145	0.0146	0.0145	0.0145	0.0146	0.0146	0.0367	0.0146	0.0145	0.0146	0.0193	0.0145	0.0146	0.0148	0.0145	0.0146
  N	0.0139	0.0159	0.0284	0.0139	0.0206	0.0143	0.0146	0.0141	0.0211	0.0155	0.0229	0.0202	0.0139	0	0.0139	0.0568	0.0139	0.0232	0.0141	0.0139	0.0156	0.014	0.019	0.0188	0.0312	0.0141	0.0141	0.0138	0.0225	0.0144	0.0138	0.014	0.014	0.0212	0.028	0.0208	0.0211	0.014	0.0162	0.0141	0.0139	0.0146	0.0148	0.0139	0.014	0.0146	0.0139	0.0153	0.0361	0.0147	0.0161	0.0139	0.0141	0.0198	0.0198	0.0145	0.0245	0.0139	0.014
  O	0.0143	0.0145	0.0144	0.0143	0.0144	0.0143	0.0143	0.0146	0.0144	0.0162	0.0221	0.0144	0.0143	0.0144	0	0.0384	0.0143	0.0146	0.0144	0.0143	0.0143	0.0144	0.0219	0.0144	0.0253	0.0144	0.0145	0.0143	0.0143	0.0225	0.0143	0.0143	0.0143	0.0215	0.0144	0.0143	0.0182	0.0144	0.0216	0.0213	0.0143	0.0145	0.0144	0.0143	0.0146	0.0143	0.0143	0.0144	0.0145	0.0144	0.0144	0.0143	0.0143	0.0276	0.0143	0.0145	0.0145	0.0143	0.0144
  P	0.0103	0.0305	0.0213	0.0129	0.0244	0.0188	0.0111	0.0263	0.0249	0.017	0.0178	0.0142	0.0181	0.0377	0.0245	0	0.0109	0.0286	0.0094	0.0118	0.0169	0.0174	0.0102	0.0431	0.0275	0.0111	0.0131	0.0092	0.0174	0.0378	0.0093	0.0118	0.0236	0.0294	0.0147	0.0138	0.0314	0.0128	0.0169	0.0175	0.0115	0.0206	0.0135	0.0316	0.0208	0.0095	0.0118	0.0152	0.0378	0.0367	0.0246	0.0095	0.0184	0.0496	0.0093	0.0189	0.0173	0.0093	0.0137
  Q	0.0144	0.0146	0.0151	0.0185	0.0145	0.0144	0.0145	0.0196	0.0207	0.0226	0.0158	0.0145	0.0144	0.0145	0.0144	0.0171	0	0.0146	0.0145	0.0144	0.0144	0.0146	0.0147	0.0155	0.0294	0.0158	0.0145	0.0143	0.0144	0.0145	0.0151	0.0145	0.0185	0.0154	0.0191	0.0143	0.0145	0.0216	0.0153	0.0146	0.0144	0.023	0.0145	0.0144	0.0144	0.0144	0.0144	0.0286	0.0145	0.0151	0.0145	0.016	0.0144	0.0201	0.0144	0.0144	0.015	0.0144	0.0197
  R	0.0132	0.0252	0.0286	0.0133	0.0165	0.0154	0.0195	0.0309	0.0183	0.0507	0.0195	0.0169	0.0159	0.0213	0.0129	0.0396	0.0129	0	0.0189	0.0139	0.0171	0.0175	0.0286	0.0279	0.0992	0.0198	0.0147	0.0128	0.0189	0.0248	0.0129	0.013	0.0149	0.0196	0.013	0.0128	0.023	0.0149	0.0204	0.0173	0.0131	0.0187	0.013	0.0193	0.0151	0.0129	0.0133	0.0131	0.0199	0.03	0.0237	0.0129	0.0141	0.0225	0.0136	0.0171	0.016	0.0128	0.0133
  S	0.0141	0.0252	0.0165	0.0141	0.0144	0.0141	0.0207	0.0147	0.0204	0.0152	0.0182	0.0148	0.014	0.0142	0.014	0.0143	0.0141	0.0208	0	0.0141	0.0141	0.019	0.0143	0.0176	0.0356	0.0263	0.015	0.014	0.0194	0.0142	0.014	0.015	0.0155	0.0185	0.0146	0.0186	0.0152	0.0143	0.0169	0.0179	0.0142	0.0333	0.0147	0.014	0.0145	0.0141	0.014	0.0194	0.0142	0.0149	0.0142	0.0141	0.0145	0.0203	0.0144	0.0141	0.0678	0.0141	0.0268
  T	0.0128	0.0324	0.0131	0.0128	0.0129	0.0128	0.0128	0.0134	0.0129	0.0763	0.0167	0.0128	0.0128	0.0129	0.0128	0.0164	0.0128	0.014	0.0129	0	0.0128	0.0128	0.0167	0.0129	0.0259	0.0199	0.0132	0.0127	0.0128	0.0129	0.0129	0.0176	0.0128	0.0132	0.0131	0.0128	0.0169	0.0129	0.0129	0.0129	0.0128	0.0193	0.0129	0.0128	0.0202	0.0128	0.0129	0.0129	0.0129	0.0129	0.0151	0.0151	0.013	0.0201	0.0128	0.018	0.0141	0.0129	0.0129
  U	0.0191	0.0151	0.0214	0.0144	0.0432	0.0145	0.0145	0.0145	0.0226	0.0147	0.0146	0.0145	0.0145	0.0163	0.0144	0.0266	0.0145	0.0194	0.0146	0.0145	0	0.0147	0.0156	0.0156	0.019	0.0379	0.0146	0.0144	0.0145	0.0145	0.0144	0.0147	0.0199	0.0146	0.0194	0.0144	0.0146	0.0145	0.0165	0.0146	0.0145	0.0149	0.0145	0.0144	0.0198	0.0145	0.0144	0.0428	0.0146	0.0204	0.0146	0.0145	0.0148	0.0179	0.0145	0.0145	0.0165	0.0145	0.0146
  V	0.0144	0.0234	0.0197	0.0144	0.0227	0.0144	0.0151	0.0144	0.0219	0.0166	0.0151	0.0145	0.0144	0.0145	0.0144	0.0272	0.0146	0.0197	0.0195	0.0144	0.0146	0	0.0145	0.0144	0.0312	0.0145	0.0145	0.0143	0.0144	0.0148	0.0143	0.015	0.0145	0.0149	0.0227	0.0143	0.0151	0.0145	0.0148	0.0145	0.0144	0.0295	0.0144	0.0144	0.0146	0.0144	0.0143	0.0173	0.0145	0.0219	0.0153	0.0145	0.0144	0.0149	0.0144	0.0144	0.0255	0.0144	0.0144
  W	0.0197	0.0319	0.0135	0.0133	0.0379	0.0174	0.0134	0.0181	0.0134	0.0222	0.0337	0.0154	0.0141	0.0181	0.0201	0.0146	0.0134	0.0296	0.0134	0.0172	0.0142	0.0133	0	0.0271	0.0566	0.019	0.0224	0.0132	0.018	0.0136	0.0337	0.0133	0.025	0.0221	0.0134	0.0221	0.0136	0.0267	0.0214	0.0266	0.0139	0.0151	0.0368	0.015	0.0433	0.0202	0.0198	0.02	0.0134	0.0135	0.0318	0.0199	0.0138	0.0172	0.0199	0.0136	0.0204	0.0132	0.0136
  X	0.0307	0.0136	0.0158	0.013	0.0142	0.0131	0.014	0.0324	0.0141	0.0202	0.0136	0.0131	0.0132	0.0177	0.013	0.0611	0.014	0.0286	0.0164	0.0132	0.014	0.0131	0.0268	0	0.0186	0.0222	0.0132	0.0195	0.013	0.0154	0.013	0.0169	0.013	0.0134	0.0198	0.013	0.0146	0.0131	0.0131	0.0131	0.013	0.0132	0.0131	0.0153	0.0186	0.013	0.013	0.0131	0.0131	0.0141	0.0131	0.013	0.013	0.0292	0.013	0.0131	0.0192	0.013	0.015
  Y	0.0128	0.0224	0.0267	0.0122	0.0364	0.0199	0.018	0.0124	0.0289	0.0169	0.0077	0.0186	0.0119	0.0159	0.0124	0.021	0.0143	0.0549	0.0179	0.0142	0.0092	0.0153	0.0302	0.0101	0	0.0347	0.0122	0.0112	0.0086	0.0328	0.0072	0.0192	0.0154	0.043	0.0103	0.0071	0.0264	0.0146	0.0353	0.0237	0.0107	0.0391	0.0112	0.0128	0.0097	0.0146	0.0072	0.0178	0.0287	0.039	0.0201	0.0076	0.0093	0.0187	0.0204	0.0144	0.0508	0.0079	0.0105
  Z	0.0121	0.0283	0.0124	0.0119	0.0135	0.0119	0.0121	0.0158	0.0122	0.0285	0.0193	0.0128	0.012	0.0121	0.0119	0.0143	0.013	0.0185	0.0223	0.0185	0.0311	0.012	0.0171	0.0202	0.0585	0	0.0165	0.0119	0.012	0.0122	0.0181	0.012	0.0165	0.0251	0.0125	0.0119	0.0229	0.012	0.0163	0.0338	0.0119	0.0362	0.012	0.0119	0.022	0.012	0.012	0.015	0.0152	0.0223	0.0391	0.0125	0.014	0.0184	0.012	0.0202	0.0201	0.0119	0.0183
  [	0.0175	0.0242	0.0144	0.0141	0.0144	0.0141	0.0142	0.0143	0.0203	0.0171	0.018	0.0218	0.0141	0.0142	0.0141	0.0199	0.0141	0.0162	0.015	0.0144	0.0141	0.0142	0.0238	0.0142	0.0243	0.0194	0	0.014	0.0141	0.0179	0.0141	0.0156	0.0208	0.0418	0.0166	0.018	0.0142	0.0142	0.022	0.0214	0.0141	0.0192	0.0142	0.0141	0.0152	0.0141	0.0141	0.0148	0.0164	0.0318	0.0162	0.0142	0.0159	0.0299	0.0194	0.0142	0.0412	0.0186	0.0164
  \	0.0146	0.0147	0.0146	0.0145	0.0146	0.0146	0.0146	0.0146	0.0146	0.0147	0.0146	0.0146	0.0145	0.0146	0.0145	0.0147	0.0146	0.0147	0.0146	0.0145	0.0146	0.0146	0.0146	0.0219	0.0234	0.0146	0.0146	0	0.0153	0.0146	0.0145	0.0146	0.0146	0.0146	0.0146	0.0145	0.0146	0.0229	0.015	0.0146	0.0146	0.0149	0.0146	0.0145	0.0146	0.0146	0.0145	0.0307	0.0205	0.0147	0.0146	0.0146	0.0146	0.0147	0.0146	0.0146	0.0147	0.0146	0.0146
  ]	0.0141	0.0143	0.0215	0.0144	0.0145	0.0185	0.0141	0.0208	0.0142	0.033	0.0142	0.0156	0.0142	0.0229	0.0141	0.0267	0.0141	0.021	0.0195	0.0141	0.0141	0.0141	0.0192	0.0141	0.0171	0.0142	0.0142	0.0148	0	0.0143	0.0141	0.0141	0.0163	0.0143	0.0141	0.0141	0.0142	0.0194	0.0167	0.0142	0.0166	0.0357	0.0145	0.0141	0.0142	0.0142	0.0141	0.0142	0.0183	0.0202	0.0142	0.0141	0.0269	0.0143	0.0141	0.0142	0.0175	0.0141	0.0142
  ^	0.0134	0.0153	0.0141	0.0133	0.0254	0.0134	0.0134	0.0135	0.0135	0.018	0.0178	0.0137	0.042	0.0139	0.0208	0.0547	0.0134	0.0259	0.0135	0.0133	0.0134	0.0137	0.0137	0.0157	0.062	0.0137	0.0169	0.0133	0.0135	0	0.0133	0.0134	0.0141	0.0189	0.0134	0.0133	0.0135	0.0135	0.0137	0.0164	0.0133	0.0251	0.0135	0.0174	0.0135	0.0133	0.0136	0.0135	0.0188	0.0347	0.0137	0.0133	0.0136	0.0301	0.02	0.0139	0.0139	0.0133	0.0183
  _	0.0136	0.0178	0.0137	0.0143	0.0137	0.0136	0.0137	0.0138	0.0137	0.0518	0.0204	0.0137	0.0136	0.0137	0.0136	0.0138	0.0144	0.0138	0.0137	0.0137	0.0136	0.0137	0.0349	0.0136	0.0139	0.0209	0.0137	0.0136	0.0137	0.0137	0	0.0137	0.0143	0.0138	0.0137	0.0136	0.0137	0.0137	0.0138	0.0137	0.0136	0.0137	0.0138	0.0136	0.0417	0.0137	0.0136	0.0137	0.0137	0.0137	0.0276	0.0194	0.0137	0.0168	0.0137	0.0137	0.0138	0.0136	0.0137
  `	0.014	0.0246	0.0144	0.0139	0.0143	0.0139	0.014	0.014	0.0247	0.0175	0.0147	0.014	0.0139	0.014	0.0139	0.0178	0.014	0.0142	0.0148	0.0191	0.0141	0.0145	0.014	0.0181	0.038	0.0141	0.0155	0.0139	0.0139	0.014	0.0139	0	0.0159	0.0143	0.0142	0.0139	0.014	0.014	0.0141	0.0141	0.0139	0.0228	0.0139	0.0139	0.0144	0.0139	0.0139	0.0204	0.0157	0.0146	0.0256	0.0159	0.014	0.0278	0.0143	0.014	0.0285	0.0285	0.014
  a	0.0187	0.014	0.0138	0.0173	0.0156	0.0136	0.0137	0.0188	0.0204	0.0143	0.0137	0.014	0.0136	0.0137	0.0135	0.0349	0.0174	0.0159	0.015	0.0136	0.0187	0.0137	0.0258	0.0136	0.0298	0.0188	0.0201	0.0135	0.0157	0.0144	0.0142	0.0155	0	0.0188	0.0137	0.0135	0.0137	0.0136	0.0155	0.0138	0.0138	0.024	0.0137	0.0136	0.0136	0.0136	0.0135	0.0187	0.0139	0.024	0.0138	0.015	0.0145	0.0144	0.0136	0.0158	0.0282	0.0136	0.0231
  b	0.0251	0.0129	0.0361	0.0166	0.0214	0.0186	0.0319	0.0123	0.0187	0.041	0.0127	0.0189	0.0123	0.0186	0.0182	0.0388	0.013	0.0186	0.016	0.0125	0.0123	0.0126	0.0203	0.0125	0.0741	0.0257	0.0361	0.0121	0.0123	0.0172	0.0122	0.0124	0.0168	0	0.0241	0.0122	0.0125	0.0151	0.0181	0.038	0.0122	0.0413	0.0127	0.0183	0.0123	0.0183	0.0124	0.015	0.0131	0.0154	0.0129	0.0135	0.0123	0.0165	0.0123	0.0126	0.0336	0.0145	0.0169
  c	0.0152	0.0175	0.0158	0.0152	0.0157	0.0152	0.0203	0.0159	0.0187	0.0255	0.0227	0.0153	0.0151	0.0306	0.0151	0.0242	0.0201	0.0155	0.0157	0.0154	0.0202	0.0239	0.0154	0.023	0.0222	0.0159	0.0179	0.0151	0.0152	0.0153	0.0152	0.0154	0.0153	0.03	0	0.0151	0.0153	0.0153	0.0231	0.0205	0.0151	0.0233	0.0153	0.0151	0.0154	0.0152	0.0157	0.0206	0.0153	0.017	0.0155	0.0235	0.0152	0.0344	0.0152	0.0225	0.0454	0.0206	0.0152
