{
  "generated_by": {
    "program": "augur",
    "version": "7.0.2"
  },
  "models": {
    "country": {
      "alphabet": [
        "Alaska",
        "Arizona",
        "California",
        "Connecticut",
        "Florida",
        "Georgia",
        "Idaho",
        "Illinois",
        "Iowa",
        "Louisiana",
        "Maryland",
        "Massachusetts",
        "Michigan",
        "Minnesota",
        "Missouri",
        "Nebraska",
        "New Jersey",
        "New Mexico",
        "New York",
        "North Carolina",
        "Ohio",
        "Oregon",
        "Pennsylvania",
        "South Carolina",
        "Texas",
        "Utah",
        "Virginia",
        "Washington",
        "Wisconsin",
        "Wyoming",
        "?"
      ],
      "equilibrium_probabilities": [
        0.0386405505404896,
        0.03713440482116775,
        0.02343850824343632,
        0.032767840661673306,
        0.03388448384777708,
        0.04256446713007055,
        0.02834153261611022,
        0.033579374305405946,
        0.03665844301851493,
        0.02288586765877867,
        0.028784892468982713,
        0.03580696736056532,
        0.02703136268948867,
        0.03648920795897204,
        0.03315477210429779,
        0.03797686184576357,
        0.03458830832726595,
        0.030558191400481976,
        0.023075038601762313,
        0.040713271768247634,
        0.038494026843308965,
        0.03248370790930011,
        0.0381752312579742,
        0.037413606687365465,
        0.0379299035083943,
        0.025544425792490118,
        0.033258445507799966,
        0.028726804718326084,
        0.03382227869066181,
        0.03607722171512659
      ],
      "rate": 302.7779348898838,
      "transition_matrix": [
        [
          0.0,
          0.7469086112923579,
          0.9529012691683949,
          0.5289598886958937,
          0.7118089312793239,
          0.5178458099796736,
          0.9036181975019707,
          0.5293755831338349,
          0.5401853843751787,
          1.1153706104614263,
          0.6389556593285581,
          1.0644138497775815,
          1.0792169557566837,
          0.5641651541713786,
          0.5152811603787972,
          0.5178889146676009,
          0.65312347968856,
          0.5194585504629631,
          1.5147811650785026,
          0.9625708361618377,
          0.5176670077154113,
          1.060399954765114,
          0.5310070146974003,
          0.6746807510634012,
          0.5333659426297784,
          1.6613399856936935,
          0.6919237022830196,
          0.7422506361811525,
          0.5717903291686691,
          0.5194636336462938
        ],
        [
          0.7469086112923579,
          0.0,
          2.2710452104137313,
          0.9286896716515852,
          1.4738344178306229,
          0.8916680087445846,
          0.615774638436882,
          1.324617092775024,
          0.7002602617745509,
          3.4423840514012647,
          0.8885502875247407,
          0.6509561772107749,
          0.5477221366758158,
          0.8172718293216771,
          0.5401074111958719,
          0.5452048461447482,
          0.5329845226688779,
          0.7814767868677277,
          1.227494819394701,
          0.8688300692405516,
          0.5195297356474452,
          0.9441343666210529,
          0.900588117316336,
          0.5160585381793258,
          0.7656194785882775,
          0.9155690923882197,
          1.371172960683728,
          2.6379561978051043,
          1.078974154627483,
          0.5232335410318093
        ],
        [
          0.9529012691683949,
          2.2710452104137313,
          0.0,
          1.3040529263126373,
          1.982306923133625,
          0.7938139781187956,
          0.5309789745220707,
          2.398250362909751,
          1.02952877663416,
          1.2162565863583146,
          2.1665082104258957,
          1.1246522409438677,
          2.9509773245095445,
          1.6896918878726417,
          1.5250623816545292,
          1.4592363027476625,
          1.1765366906867862,
          1.130011040604391,
          3.8231888940424374,
          0.9275806872746739,
          0.6655043955258618,
          3.4394022627784904,
          1.1305798659158746,
          0.5205696108998601,
          1.8368331387388492,
          4.587208206869576,
          2.0318082072680705,
          2.338397793585102,
          2.9165347742427477,
          1.1270620156326128
        ],
        [
          0.5289598886958937,
          0.9286896716515852,
          1.3040529263126373,
          0.0,
          1.3031980368456875,
          0.5456503378246551,
          2.640693401349645,
          0.912544212731268,
          0.5195008885198965,
          0.5921400327220043,
          1.588273866291206,
          1.164630914441008,
          1.855997429887989,
          0.9616027119238909,
          0.7424189184420046,
          0.6217872154688803,
          0.5910735015768593,
          0.7764341868282315,
          2.890050774120727,
          0.7656419373952686,
          1.1620009080543139,
          1.0988400862056167,
          1.5573182651623494,
          0.5219591901593087,
          0.8394557890311105,
          2.9858182550438954,
          3.0076132273879645,
          1.8226856573282664,
          0.924779755087494,
          1.7414423730197472
        ],
        [
          0.7118089312793239,
          1.4738344178306229,
          1.982306923133625,
          1.3031980368456875,
          0.0,
          0.5587749784121853,
          0.530467517629068,
          1.8290859465089342,
          0.7098760502279801,
          3.0099745385137178,
          1.2325871502900225,
          1.6034301828753386,
          1.4592961510518376,
          1.5541807050659835,
          0.5218079637478695,
          0.7739346437675122,
          0.7534138805318394,
          1.0895228076338581,
          3.851157277135483,
          0.7844245691505666,
          0.9600207529592851,
          1.2065739486113698,
          1.1893608284631418,
          0.5292411117734004,
          0.8832295292471221,
          1.7050792221156272,
          2.382423576134846,
          1.7101773091673658,
          0.9280297373071006,
          0.621169236645533
        ],
        [
          0.5178458099796736,
          0.8916680087445846,
          0.7938139781187956,
          0.5456503378246551,
          0.5587749784121853,
          0.0,
          0.5156041284761487,
          1.3395798840087947,
          0.5145090308593132,
          0.6325136717195982,
          1.25126815084731,
          0.5250215953608202,
          1.089815279390897,
          0.5360837229532414,
          0.5138569136967757,
          0.5194562313713528,
          0.5227605922591695,
          0.6302263354718315,
          0.6332268289994564,
          0.5260807453991363,
          0.5162412520571001,
          0.5894215301357865,
          0.9343121520896622,
          2.1040108618728435,
          0.5357357483469602,
          0.7926601439571396,
          0.8957996942805956,
          0.9253627572248302,
          0.5309955312404462,
          0.5303122929800983
        ],
        [
          0.9036181975019707,
          0.615774638436882,
          0.5309789745220707,
          2.640693401349645,
          0.530467517629068,
          0.5156041284761487,
          0.0,
          0.5252868669343005,
          0.5140681441731929,
          3.267450064625265,
          0.8870984475559867,
          0.7452373670651494,
          0.5388016513790728,
          1.4380636946767622,
          0.5196270223829159,
          0.5151087674191924,
          0.518070390121312,
          0.5159264029843631,
          0.6674530023123969,
          0.5260299421221436,
          0.6688161564969815,
          1.3206583147470576,
          0.5217983200681354,
          0.6748780819133516,
          1.5374625362274352,
          1.3372347693002622,
          0.5417618787884584,
          1.2085824954370177,
          0.7277212044924729,
          0.5174227958376072
        ],
        [
          0.5293755831338349,
          1.324617092775024,
          2.398250362909751,
          0.912544212731268,
          1.8290859465089342,
          1.3395798840087947,
          0.5252868669343005,
          0.0,
          0.6020918613328814,
          1.358851925136446,
          1.874325621748231,
          1.7816968415304204,
          1.1274689487358116,
          0.9698999783181377,
          1.2413560242364388,
          0.6590028310522594,
          0.8218717094000102,
          0.544776410513914,
          1.4996144306772654,
          1.507202911400145,
          0.5198827527824459,
          0.6005372919090878,
          1.2760725167765992,
          1.0159747496184977,
          1.0236567467741713,
          1.7946706710720657,
          1.0234447179773682,
          1.6441990884178415,
          5.5830896409529664,
          0.5353126908633004
        ],
        [
          0.5401853843751787,
          0.7002602617745509,
          1.02952877663416,
          0.5195008885198965,
          0.7098760502279801,
          0.5145090308593132,
          0.5140681441731929,
          0.6020918613328814,
          0.0,
          0.5160711894889588,
          0.5318202493845235,
          0.7300982275778383,
          0.5731204442439969,
          0.5178843142856523,
          0.5131291398896817,
          0.5151102479856986,
          0.5154749082662958,
          0.5158944588672272,
          0.530620556962459,
          0.5266141321307205,
          0.514167601557183,
          0.5459283985228786,
          0.5195592945671509,
          0.5128631098660752,
          0.519402598262564,
          1.511669931534894,
          0.7845338118187363,
          0.5204351229980865,
          0.7890532025162397,
          0.5149168535988924
        ],
        [
          1.1153706104614263,
          3.4423840514012647,
          1.2162565863583146,
          0.5921400327220043,
          3.0099745385137178,
          0.6325136717195982,
          3.267450064625265,
          1.358851925136446,
          0.5160711894889588,
          0.0,
          0.9023639394764822,
          0.5423745717820344,
          0.6503199320878758,
          0.976496398743523,
          0.8861587646559979,
          0.5153500230148959,
          0.5162032974508682,
          0.5180366320674292,
          0.967806160630329,
          0.622129917918763,
          0.5191239474349213,
          0.7795618548607041,
          0.9209298596427767,
          0.7727266645299214,
          4.500203054511596,
          3.07856021632774,
          1.2964579124918114,
          0.5282623365208757,
          0.6653116016234274,
          0.6626966955155356
        ],
        [
          0.6389556593285581,
          0.8885502875247407,
          2.1665082104258957,
          1.588273866291206,
          1.2325871502900225,
          1.25126815084731,
          0.8870984475559867,
          1.874325621748231,
          0.5318202493845235,
          0.9023639394764822,
          0.0,
          1.8340444098472468,
          3.731657085744651,
          2.4286186061862924,
          0.5236999205279818,
          1.7273324134787733,
          0.7197723112458689,
          1.542746443673568,
          3.976826704500684,
          1.1862562719736747,
          0.8781671049913976,
          1.1239529244850204,
          1.3524608534401241,
          0.7767460488405438,
          2.7249951701623005,
          1.4452704827818044,
          3.573674576929784,
          0.8000474953303061,
          1.7530303736606192,
          0.9172381684082243
        ],
        [
          1.0644138497775815,
          0.6509561772107749,
          1.1246522409438677,
          1.164630914441008,
          1.6034301828753386,
          0.5250215953608202,
          0.7452373670651494,
          1.7816968415304204,
          0.7300982275778383,
          0.5423745717820344,
          1.8340444098472468,
          0.0,
          0.7399446659396652,
          0.8392676364023297,
          0.5196942469065517,
          0.6969427691082638,
          1.0393786817171904,
          1.139103877908127,
          1.515765539027849,
          1.637476320151166,
          0.7024893699797934,
          0.9627587019792007,
          1.9282151984222589,
          0.5180562992927115,
          1.5946536471762276,
          2.592718995272242,
          2.0978590733525917,
          0.6957783035782535,
          1.475743494325762,
          0.6131118059974425
        ],
        [
          1.0792169557566837,
          0.5477221366758158,
          2.9509773245095445,
          1.855997429887989,
          1.4592961510518376,
          1.089815279390897,
          0.5388016513790728,
          1.1274689487358116,
          0.5731204442439969,
          0.6503199320878758,
          3.731657085744651,
          0.7399446659396652,
          0.0,
          1.8679792044177566,
          0.5203743757118097,
          0.6536656801359947,
          0.8039794766036072,
          2.3334440886766576,
          5.694059162964922,
          1.8031505489980246,
          0.5247912451571697,
          0.9463185598975855,
          2.755869909931601,
          0.877223017394066,
          1.514434263914534,
          2.200306192950147,
          1.9619811279529407,
          0.8321980027529876,
          1.0465229972453156,
          1.3026386586474241
        ],
        [
          0.5641651541713786,
          0.8172718293216771,
          1.6896918878726417,
          0.9616027119238909,
          1.5541807050659835,
          0.5360837229532414,
          1.4380636946767622,
          0.9698999783181377,
          0.5178843142856523,
          0.976496398743523,
          2.4286186061862924,
          0.8392676364023297,
          1.8679792044177566,
          0.0,
          0.527374750113584,
          0.6783030907597348,
          0.9724138305234696,
          0.8957569539851642,
          2.920268081729803,
          0.8916405183505695,
          0.5291513435543307,
          0.9446290035302642,
          1.1360303185076617,
          0.5183230290981993,
          1.0932669155732633,
          1.2058232354365617,
          1.3371509521284228,
          1.5773265903507836,
          2.53069797823454,
          1.2486394283344189
        ],
        [
          0.5152811603787972,
          0.5401074111958719,
          1.5250623816545292,
          0.7424189184420046,
          0.5218079637478695,
          0.5138569136967757,
          0.5196270223829159,
          1.2413560242364388,
          0.5131291398896817,
          0.8861587646559979,
          0.5236999205279818,
          0.5196942469065517,
          0.5203743757118097,
          0.527374750113584,
          0.0,
          0.5139311752911386,
          0.5143392672002529,
          0.5137932766061761,
          0.7775693723228753,
          0.515502277278873,
          0.5130137369389073,
          0.5183948826972739,
          0.6481243707350897,
          0.5169173604918775,
          0.580231758352097,
          1.8840921224889982,
          0.7822490880963194,
          0.522710968549254,
          0.5304740154691913,
          0.5136447331746556
        ],
        [
          0.5178889146676009,
          0.5452048461447482,
          1.4592363027476625,
          0.6217872154688803,
          0.7739346437675122,
          0.5194562313713528,
          0.5151087674191924,
          0.6590028310522594,
          0.5151102479856986,
          0.5153500230148959,
          1.7273324134787733,
          0.6969427691082638,
          0.6536656801359947,
          0.6783030907597348,
          0.5139311752911386,
          0.0,
          0.5257506755667497,
          0.782621508538205,
          0.8639432149482443,
          0.5389660218926187,
          0.6903775850499333,
          1.1705334516381019,
          0.5290904629283119,
          0.5137495407735426,
          0.5229649162558555,
          0.6492271141147867,
          0.7127782625857557,
          0.5318806934320426,
          0.600582253839081,
          0.5841876818862748
        ],
        [
          0.65312347968856,
          0.5329845226688779,
          1.1765366906867862,
          0.5910735015768593,
          0.7534138805318394,
          0.5227605922591695,
          0.518070390121312,
          0.8218717094000102,
          0.5154749082662958,
          0.5162032974508682,
          0.7197723112458689,
          1.0393786817171904,
          0.8039794766036072,
          0.9724138305234696,
          0.5143392672002529,
          0.5257506755667497,
          0.0,
          1.0279062081423405,
          6.348324199052232,
          0.5309060361209257,
          0.6668373505369297,
          0.6885709985564108,
          0.6060528456976444,
          0.5171033282582175,
          0.5294114467888648,
          0.5362457176827027,
          0.712234581182014,
          0.598132164591884,
          1.5841403434942705,
          0.8415483599329273
        ],
        [
          0.5194585504629631,
          0.7814767868677277,
          1.130011040604391,
          0.7764341868282315,
          1.0895228076338581,
          0.6302263354718315,
          0.5159264029843631,
          0.544776410513914,
          0.5158944588672272,
          0.5180366320674292,
          1.542746443673568,
          1.139103877908127,
          2.3334440886766576,
          0.8957569539851642,
          0.5137932766061761,
          0.782621508538205,
          1.0279062081423405,
          0.0,
          2.1565415577867157,
          0.6625208661035384,
          0.5296846267229478,
          0.9821571170640939,
          2.4958531368133765,
          0.5150192404394562,
          0.9169559846097882,
          0.6987879771989336,
          1.021499402316495,
          0.6977363208744272,
          0.8077082693066872,
          0.5216012521209522
        ],
        [
          1.5147811650785026,
          1.227494819394701,
          3.8231888940424374,
          2.890050774120727,
          3.851157277135483,
          0.6332268289994564,
          0.6674530023123969,
          1.4996144306772654,
          0.530620556962459,
          0.967806160630329,
          3.976826704500684,
          1.515765539027849,
          5.694059162964922,
          2.920268081729803,
          0.7775693723228753,
          0.8639432149482443,
          6.348324199052232,
          2.1565415577867157,
          0.0,
          1.5052372297573757,
          1.468009763492565,
          2.717585400332511,
          2.9083217726594532,
          0.9395451129188954,
          1.4039197322064152,
          0.8734118416127467,
          2.880854131513402,
          1.583443136600127,
          2.778749900486953,
          1.3490509473490266
        ],
        [
          0.9625708361618377,
          0.8688300692405516,
          0.9275806872746739,
          0.7656419373952686,
          0.7844245691505666,
          0.5260807453991363,
          0.5260299421221436,
          1.507202911400145,
          0.5266141321307205,
          0.622129917918763,
          1.1862562719736747,
          1.637476320151166,
          1.8031505489980246,
          0.8916405183505695,
          0.515502277278873,
          0.5389660218926187,
          0.5309060361209257,
          0.6625208661035384,
          1.5052372297573757,
          0.0,
          0.5183511318009218,
          0.5448963090714255,
          0.783843453582348,
          0.5162110475282979,
          0.735069550812109,
          0.895453482171453,
          1.4847091971572666,
          1.2173672810726663,
          0.7050380701925834,
          0.702798278998546
        ],
        [
          0.5176670077154113,
          0.5195297356474452,
          0.6655043955258618,
          1.1620009080543139,
          0.9600207529592851,
          0.5162412520571001,
          0.6688161564969815,
          0.5198827527824459,
          0.514167601557183,
          0.5191239474349213,
          0.8781671049913976,
          0.7024893699797934,
          0.5247912451571697,
          0.5291513435543307,
          0.5130137369389073,
          0.6903775850499333,
          0.6668373505369297,
          0.5296846267229478,
          1.468009763492565,
          0.5183511318009218,
          0.0,
          0.909477609068401,
          0.5219127287638335,
          0.5136300120630628,
          0.5225226406571184,
          0.8776064250360024,
          0.8153332566256988,
          0.528478016690663,
          0.5220773977424434,
          0.5175585825416877
        ],
        [
          1.060399954765114,
          0.9441343666210529,
          3.4394022627784904,
          1.0988400862056167,
          1.2065739486113698,
          0.5894215301357865,
          1.3206583147470576,
          0.6005372919090878,
          0.5459283985228786,
          0.7795618548607041,
          1.1239529244850204,
          0.9627587019792007,
          0.9463185598975855,
          0.9446290035302642,
          0.5183948826972739,
          1.1705334516381019,
          0.6885709985564108,
          0.9821571170640939,
          2.717585400332511,
          0.5448963090714255,
          0.909477609068401,
          0.0,
          0.8097279167915141,
          0.5212379545920472,
          0.5726520794915165,
          1.0713497552870923,
          0.5754103427925558,
          5.045344258412694,
          0.7984613530408642,
          0.9818801053606961
        ],
        [
          0.5310070146974003,
          0.900588117316336,
          1.1305798659158746,
          1.5573182651623494,
          1.1893608284631418,
          0.9343121520896622,
          0.5217983200681354,
          1.2760725167765992,
          0.5195592945671509,
          0.9209298596427767,
          1.3524608534401241,
          1.9282151984222589,
          2.755869909931601,
          1.1360303185076617,
          0.6481243707350897,
          0.5290904629283119,
          0.6060528456976444,
          2.4958531368133765,
          2.9083217726594532,
          0.783843453582348,
          0.5219127287638335,
          0.8097279167915141,
          0.0,
          0.5177154429977177,
          0.836458969142833,
          0.9383436733771504,
          1.6476308423538382,
          0.6663210469063092,
          1.1654481498042724,
          0.6241844570216327
        ],
        [
          0.6746807510634012,
          0.5160585381793258,
          0.5205696108998601,
          0.5219591901593087,
          0.5292411117734004,
          2.1040108618728435,
          0.6748780819133516,
          1.0159747496184977,
          0.5128631098660752,
          0.7727266645299214,
          0.7767460488405438,
          0.5180562992927115,
          0.877223017394066,
          0.5183230290981993,
          0.5169173604918775,
          0.5137495407735426,
          0.5171033282582175,
          0.5150192404394562,
          0.9395451129188954,
          0.5162110475282979,
          0.5136300120630628,
          0.5212379545920472,
          0.5177154429977177,
          0.0,
          0.516897728649731,
          0.6458325819810194,
          0.5208936685164921,
          0.526630257471472,
          0.5175905511119331,
          0.5157833563942047
        ],
        [
          0.5333659426297784,
          0.7656194785882775,
          1.8368331387388492,
          0.8394557890311105,
          0.8832295292471221,
          0.5357357483469602,
          1.5374625362274352,
          1.0236567467741713,
          0.519402598262564,
          4.500203054511596,
          2.7249951701623005,
          1.5946536471762276,
          1.514434263914534,
          1.0932669155732633,
          0.580231758352097,
          0.5229649162558555,
          0.5294114467888648,
          0.9169559846097882,
          1.4039197322064152,
          0.735069550812109,
          0.5225226406571184,
          0.5726520794915165,
          0.836458969142833,
          0.516897728649731,
          0.0,
          2.634637495398741,
          0.9197951446155348,
          0.7619271116169528,
          0.7528394986056581,
          0.6699188626999918
        ],
        [
          1.6613399856936935,
          0.9155690923882197,
          4.587208206869576,
          2.9858182550438954,
          1.7050792221156272,
          0.7926601439571396,
          1.3372347693002622,
          1.7946706710720657,
          1.511669931534894,
          3.07856021632774,
          1.4452704827818044,
          2.592718995272242,
          2.200306192950147,
          1.2058232354365617,
          1.8840921224889982,
          0.6492271141147867,
          0.5362457176827027,
          0.6987879771989336,
          0.8734118416127467,
          0.895453482171453,
          0.8776064250360024,
          1.0713497552870923,
          0.9383436733771504,
          0.6458325819810194,
          2.634637495398741,
          0.0,
          2.4463514900448278,
          2.2110319368016818,
          2.1570088137512693,
          0.6310855177120419
        ],
        [
          0.6919237022830196,
          1.371172960683728,
          2.0318082072680705,
          3.0076132273879645,
          2.382423576134846,
          0.8957996942805956,
          0.5417618787884584,
          1.0234447179773682,
          0.7845338118187363,
          1.2964579124918114,
          3.573674576929784,
          2.0978590733525917,
          1.9619811279529407,
          1.3371509521284228,
          0.7822490880963194,
          0.7127782625857557,
          0.712234581182014,
          1.021499402316495,
          2.880854131513402,
          1.4847091971572666,
          0.8153332566256988,
          0.5754103427925558,
          1.6476308423538382,
          0.5208936685164921,
          0.9197951446155348,
          2.4463514900448278,
          0.0,
          1.3204611765449668,
          1.010166944485569,
          0.5568085355812102
        ],
        [
          0.7422506361811525,
          2.6379561978051043,
          2.338397793585102,
          1.8226856573282664,
          1.7101773091673658,
          0.9253627572248302,
          1.2085824954370177,
          1.6441990884178415,
          0.5204351229980865,
          0.5282623365208757,
          0.8000474953303061,
          0.6957783035782535,
          0.8321980027529876,
          1.5773265903507836,
          0.522710968549254,
          0.5318806934320426,
          0.598132164591884,
          0.6977363208744272,
          1.583443136600127,
          1.2173672810726663,
          0.528478016690663,
          5.045344258412694,
          0.6663210469063092,
          0.526630257471472,
          0.7619271116169528,
          2.2110319368016818,
          1.3204611765449668,
          0.0,
          0.5583268879212173,
          0.9191824843495996
        ],
        [
          0.5717903291686691,
          1.078974154627483,
          2.9165347742427477,
          0.924779755087494,
          0.9280297373071006,
          0.5309955312404462,
          0.7277212044924729,
          5.5830896409529664,
          0.7890532025162397,
          0.6653116016234274,
          1.7530303736606192,
          1.475743494325762,
          1.0465229972453156,
          2.53069797823454,
          0.5304740154691913,
          0.600582253839081,
          1.5841403434942705,
          0.8077082693066872,
          2.778749900486953,
          0.7050380701925834,
          0.5220773977424434,
          0.7984613530408642,
          1.1654481498042724,
          0.5175905511119331,
          0.7528394986056581,
          2.1570088137512693,
          1.010166944485569,
          0.5583268879212173,
          0.0,
          0.5456144280338088
        ],
        [
          0.5194636336462938,
          0.5232335410318093,
          1.1270620156326128,
          1.7414423730197472,
          0.621169236645533,
          0.5303122929800983,
          0.5174227958376072,
          0.5353126908633004,
          0.5149168535988924,
          0.6626966955155356,
          0.9172381684082243,
          0.6131118059974425,
          1.3026386586474241,
          1.2486394283344189,
          0.5136447331746556,
          0.5841876818862748,
          0.8415483599329273,
          0.5216012521209522,
          1.3490509473490266,
          0.702798278998546,
          0.5175585825416877,
          0.9818801053606961,
          0.6241844570216327,
          0.5157833563942047,
          0.6699188626999918,
          0.6310855177120419,
          0.5568085355812102,
          0.9191824843495996,
          0.5456144280338088,
          0.0
        ]
      ]
    }
  },
  "nodes": {
    "EPI_ISL_404253": {
      "country": "Illinois",
      "country_confidence": {
        "Illinois": 1.0
      },
      "country_entropy": -1.000088900581841e-12
    },
    "EPI_ISL_404895": {
      "country": "Washington",
      "country_confidence": {
        "Washington": 1.0
      },
      "country_entropy": -1.000088900581841e-12
    },
    "EPI_ISL_406223": {
      "country": "Arizona",
      "country_confidence": {
        "Arizona": 0.9999999999999999
      },
      "country_entropy": -9.99866855976916e-13
    },
    "EPI_ISL_408009": {
      "country": "California",
      "country_confidence": {
        "California": 1.0
      },
      "country_entropy": -1.000088900581841e-12
    },
    "EPI_ISL_408670": {
      "country": "Wisconsin",
      "country_confidence": {
        "Wisconsin": 1.0
      },
      "country_entropy": -1.000088900581841e-12
    },
    "EPI_ISL_409067": {
      "country": "Massachusetts",
      "country_confidence": {
        "Massachusetts": 0.9999999999999999
      },
      "country_entropy": -9.99866855976916e-13
    },
    "EPI_ISL_410045": {
      "country": "Illinois",
      "country_confidence": {
        "Illinois": 1.0
      },
      "country_entropy": -1.000088900581841e-12
    },
    "EPI_ISL_411954": {
      "country": "California",
      "country_confidence": {
        "California": 1.0
      },
      "country_entropy": -1.000088900581841e-12
    },
    "EPI_ISL_411956": {
      "country": "Texas",
      "country_confidence": {
        "Texas": 1.0
      },
      "country_entropy": -1.000088900581841e-12
    },
    "EPI_ISL_414476": {
      "country": "New York",
      "country_confidence": {
        "New York": 1.0
      },
      "country_entropy": -1.000088900581841e-12
    },
    "EPI_ISL_414622": {
      "country": "Washington",
      "country_confidence": {
        "Washington": 1.0
      },
      "country_entropy": -1.000088900581841e-12
    },
    "EPI_ISL_415542": {
      "country": "Utah",
      "country_confidence": {
        "Utah": 1.0
      },
      "country_entropy": -1.000088900581841e-12
    },
    "EPI_ISL_415544": {
      "country": "Utah",
      "country_confidence": {
        "Utah": 1.0
      },
      "country_entropy": -1.000088900581841e-12
    },
    "EPI_ISL_416417": {
      "country": "Connecticut",
      "country_confidence": {
        "Connecticut": 1.0
      },
      "country_entropy": -1.000088900581841e-12
    },
    "EPI_ISL_416423": {
      "country": "Connecticut",
      "country_confidence": {
        "Connecticut": 0.9999999999999999
      },
      "country_entropy": -9.99866855976916e-13
    },
    "EPI_ISL_416462": {
      "country": "Washington",
      "country_confidence": {
        "Washington": 1.0
      },
      "country_entropy": -1.000088900581841e-12
    },
    "EPI_ISL_416643": {
      "country": "Washington",
      "country_confidence": {
        "Washington": 1.0
      },
      "country_entropy": -1.000088900581841e-12
    },
    "EPI_ISL_416673": {
      "country": "Oregon",
      "country_confidence": {
        "Oregon": 1.0
      },
      "country_entropy": -1.000088900581841e-12
    },
    "EPI_ISL_416728": {
      "country": "Washington",
      "country_confidence": {
        "Washington": 1.0
      },
      "country_entropy": -1.000088900581841e-12
    },
    "EPI_ISL_416831": {
      "country": "New York",
      "country_confidence": {
        "New York": 1.0
      },
      "country_entropy": -1.000088900581841e-12
    },
    "EPI_ISL_417026": {
      "country": "Utah",
      "country_confidence": {
        "Utah": 0.9999999999999999
      },
      "country_entropy": -9.99866855976916e-13
    },
    "EPI_ISL_417028": {
      "country": "Utah",
      "country_confidence": {
        "Utah": 1.0
      },
      "country_entropy": -1.000088900581841e-12
    },
    "EPI_ISL_417095": {
      "country": "Washington",
      "country_confidence": {
        "Washington": 1.0
      },
      "country_entropy": -1.000088900581841e-12
    },
    "EPI_ISL_417096": {
      "country": "Washington",
      "country_confidence": {
        "Washington": 1.0
      },
      "country_entropy": -1.000088900581841e-12
    },
    "EPI_ISL_417098": {
      "country": "Washington",
      "country_confidence": {
        "Washington": 0.9999999999999999
      },
      "country_entropy": -9.99866855976916e-13
    },
    "EPI_ISL_417108": {
      "country": "Washington",
      "country_confidence": {
        "Washington": 1.0
      },
      "country_entropy": -1.000088900581841e-12
    },
    "EPI_ISL_417135": {
      "country": "Washington",
      "country_confidence": {
        "Washington": 0.9999999999999999
      },
      "country_entropy": -9.99866855976916e-13
    },
    "EPI_ISL_417142": {
      "country": "Washington",
      "country_confidence": {
        "Washington": 1.0
      },
      "country_entropy": -1.000088900581841e-12
    },
    "EPI_ISL_417148": {
      "country": "Washington",
      "country_confidence": {
        "Washington": 1.0
      },
      "country_entropy": -1.000088900581841e-12
    },
    "EPI_ISL_417150": {
      "country": "Washington",
      "country_confidence": {
        "Washington": 1.0
      },
      "country_entropy": -1.000088900581841e-12
    },
    "EPI_ISL_417151": {
      "country": "Washington",
      "country_confidence": {
        "Washington": 1.0
      },
      "country_entropy": -1.000088900581841e-12
    },
    "EPI_ISL_417156": {
      "country": "Washington",
      "country_confidence": {
        "Washington": 1.0
      },
      "country_entropy": -1.000088900581841e-12
    },
    "EPI_ISL_417159": {
      "country": "Washington",
      "country_confidence": {
        "Washington": 1.0
      },
      "country_entropy": -1.000088900581841e-12
    },
    "EPI_ISL_417160": {
      "country": "Washington",
      "country_confidence": {
        "Washington": 1.0
      },
      "country_entropy": -1.000088900581841e-12
    },
    "EPI_ISL_417194": {
      "country": "Minnesota",
      "country_confidence": {
        "Minnesota": 1.0
      },
      "country_entropy": -1.000088900581841e-12
    },
    "EPI_ISL_417196": {
      "country": "Minnesota",
      "country_confidence": {
        "Minnesota": 1.0
      },
      "country_entropy": -1.000088900581841e-12
    },
    "EPI_ISL_417200": {
      "country": "Wisconsin",
      "country_confidence": {
        "Wisconsin": 1.0
      },
      "country_entropy": -1.000088900581841e-12
    },
    "EPI_ISL_417350": {
      "country": "Washington",
      "country_confidence": {
        "Washington": 1.0
      },
      "country_entropy": -1.000088900581841e-12
    },
    "EPI_ISL_417469": {
      "country": "Minnesota",
      "country_confidence": {
        "Minnesota": 0.9999999999999999
      },
      "country_entropy": -9.99866855976916e-13
    },
    "EPI_ISL_417475": {
      "country": "Minnesota",
      "country_confidence": {
        "Minnesota": 1.0
      },
      "country_entropy": -1.000088900581841e-12
    },
    "EPI_ISL_417513": {
      "country": "Wisconsin",
      "country_confidence": {
        "Wisconsin": 1.0
      },
      "country_entropy": -1.000088900581841e-12
    },
    "EPI_ISL_417517": {
      "country": "Wisconsin",
      "country_confidence": {
        "Wisconsin": 1.0
      },
      "country_entropy": -1.000088900581841e-12
    },
    "EPI_ISL_417935": {
      "country": "California",
      "country_confidence": {
        "California": 0.9999999999999999
      },
      "country_entropy": -9.99866855976916e-13
    },
    "EPI_ISL_417958": {
      "country": "Utah",
      "country_confidence": {
        "Utah": 1.0
      },
      "country_entropy": -1.000088900581841e-12
    },
    "EPI_ISL_417959": {
      "country": "Utah",
      "country_confidence": {
        "Utah": 0.9999999999999999
      },
      "country_entropy": -9.99866855976916e-13
    },
    "EPI_ISL_417960": {
      "country": "Utah",
      "country_confidence": {
        "Utah": 1.0
      },
      "country_entropy": -1.000088900581841e-12
    },
    "EPI_ISL_417976": {
      "country": "Utah",
      "country_confidence": {
        "Utah": 1.0
      },
      "country_entropy": -1.000088900581841e-12
    },
    "EPI_ISL_418049": {
      "country": "Minnesota",
      "country_confidence": {
        "Minnesota": 1.0
      },
      "country_entropy": -1.000088900581841e-12
    },
    "EPI_ISL_418058": {
      "country": "Connecticut",
      "country_confidence": {
        "Connecticut": 1.0
      },
      "country_entropy": -1.000088900581841e-12
    },
    "EPI_ISL_418080": {
      "country": "Washington",
      "country_confidence": {
        "Washington": 1.0
      },
      "country_entropy": -1.000088900581841e-12
    },
    "EPI_ISL_418871": {
      "country": "Connecticut",
      "country_confidence": {
        "Connecticut": 1.0
      },
      "country_entropy": -1.000088900581841e-12
    },
    "EPI_ISL_418895": {
      "country": "Connecticut",
      "country_confidence": {
        "Connecticut": 1.0
      },
      "country_entropy": -1.000088900581841e-12
    },
    "EPI_ISL_418898": {
      "country": "Connecticut",
      "country_confidence": {
        "Connecticut": 1.0
      },
      "country_entropy": -1.000088900581841e-12
    },
    "EPI_ISL_418905": {
      "country": "Washington",
      "country_confidence": {
        "Washington": 1.0
      },
      "country_entropy": -1.000088900581841e-12
    },
    "EPI_ISL_418915": {
      "country": "Illinois",
      "country_confidence": {
        "Illinois": 1.0
      },
      "country_entropy": -1.000088900581841e-12
    },
    "EPI_ISL_418916": {
      "country": "Illinois",
      "country_confidence": {
        "Illinois": 1.0
      },
      "country_entropy": -1.000088900581841e-12
    },
    "EPI_ISL_418917": {
      "country": "Illinois",
      "country_confidence": {
        "Illinois": 1.0
      },
      "country_entropy": -1.000088900581841e-12
    },
    "EPI_ISL_418918": {
      "country": "Illinois",
      "country_confidence": {
        "Illinois": 1.0
      },
      "country_entropy": -1.000088900581841e-12
    },
    "EPI_ISL_418962": {
      "country": "Utah",
      "country_confidence": {
        "Utah": 1.0
      },
      "country_entropy": -1.000088900581841e-12
    },
    "EPI_ISL_418963": {
      "country": "Utah",
      "country_confidence": {
        "Utah": 1.0
      },
      "country_entropy": -1.000088900581841e-12
    },
    "EPI_ISL_418964": {
      "country": "Utah",
      "country_confidence": {
        "Utah": 1.0
      },
      "country_entropy": -1.000088900581841e-12
    },
    "EPI_ISL_419260": {
      "country": "Virginia",
      "country_confidence": {
        "Virginia": 0.9999999999999999
      },
      "country_entropy": -9.99866855976916e-13
    },
    "EPI_ISL_419512": {
      "country": "Connecticut",
      "country_confidence": {
        "Connecticut": 1.0
      },
      "country_entropy": -1.000088900581841e-12
    },
    "EPI_ISL_419521": {
      "country": "Connecticut",
      "country_confidence": {
        "Connecticut": 1.0
      },
      "country_entropy": -1.000088900581841e-12
    },
    "EPI_ISL_419554": {
      "country": "California",
      "country_confidence": {
