{
  "generated_by": {
    "program": "augur",
    "version": "7.0.2"
  },
  "models": {
    "country": {
      "alphabet": [
        "Argentina",
        "Australia",
        "Austria",
        "Bangladesh",
        "Belgium",
        "Bosnia and Herzegovina",
        "Brazil",
        "Canada",
        "Chile",
        "China",
        "Colombia",
        "Czech Republic",
        "Democratic Republic of the Congo",
        "Denmark",
        "Finland",
        "France",
        "Georgia",
        "Germany",
        "Greece",
        "Hong Kong",
        "Hungary",
        "Iceland",
        "India",
        "Israel",
        "Italy",
        "Japan",
        "Jordan",
        "Kazakhstan",
        "Latvia",
        "Luxembourg",
        "Malaysia",
        "Mexico",
        "Morocco",
        "Netherlands",
        "New Zealand",
        "Nigeria",
        "Norway",
        "Oman",
        "Poland",
        "Portugal",
        "Romania",
        "Russia",
        "Saudi Arabia",
        "Senegal",
        "Singapore",
        "South Africa",
        "South Korea",
        "Spain",
        "Sweden",
        "Switzerland",
        "Taiwan",
        "Thailand",
        "Turkey",
        "USA",
        "Uganda",
        "United Arab Emirates",
        "United Kingdom",
        "Uruguay",
        "Vietnam",
        "?"
      ],
      "equilibrium_probabilities": [
        0.016888696403762435,
        0.018439718043487444,
        0.017758047548334103,
        0.01791097731641431,
        0.016180038416524777,
        0.017668424619745774,
        0.017622198013614157,
        0.016300256329688616,
        0.019311350399674507,
        0.009851559035820882,
        0.01763908917808074,
        0.01769821312911561,
        0.017602136740709536,
        0.014662359392568146,
        0.01886852345344091,
        0.015971628379546535,
        0.018364796587044516,
        0.015551449032098603,
        0.016978500878243468,
        0.015484962649187247,
        0.018570623441477183,
        0.01895659598208938,
        0.017349600103868438,
        0.01713671998104228,
        0.01643040140445966,
        0.015530712623456793,
        0.018921764308880935,
        0.018710834496703087,
        0.0176674197566411,
        0.015762668641536342,
        0.01725012973845746,
        0.01793774279821396,
        0.017768210546418303,
        0.01772043262702339,
        0.01680507338564818,
        0.018261669449992038,
        0.01699072743750841,
        0.018039673192691272,
        0.018131640942710997,
        0.01709960087546409,
        0.017534270106102708,
        0.012549070454261657,
        0.016531997529099052,
        0.01811564759371997,
        0.016042951035111528,
        0.017858378920694317,
        0.016213321196654428,
        0.016082521820587177,
        0.013681837183426792,
        0.01575750252544875,
        0.016581059802834155,
        0.017273822045240115,
        0.018734704231735858,
        0.012224921530327858,
        0.018816780335355568,
        0.015781020086510278,
        0.01667240214888027,
        0.01865575066791675,
        0.01709687350470722
      ],
      "rate": 358.2733410073045,
      "transition_matrix": [
        [
          0.0,
          0.7796575392293131,
          1.2161587411217079,
          0.7675473882298096,
          1.5540430292369263,
          0.7725892200614134,
          1.703560662286482,
          1.016767266197055,
          2.144596344284905,
          0.8882579328428559,
          1.2342393666993006,
          0.79733571861338,
          1.1304088786292625,
          0.7762180883524993,
          1.045908590722322,
          0.7823071414997688,
          0.7679193268238601,
          0.8044860274517012,
          1.066163241521761,
          0.7676662736407959,
          2.045517048070152,
          0.8030752396060388,
          1.1799784459913756,
          1.8540690440376881,
          0.990049763446916,
          1.2315946116124783,
          0.7708419685515281,
          0.7641251055016269,
          0.7761770209342967,
          0.7984491064320093,
          0.8886990596825265,
          0.884545030004611,
          0.7711579186544141,
          1.071044280414252,
          1.1803485419422115,
          0.7627579366431156,
          0.768036710783225,
          0.7741169788517708,
          1.8146180606156137,
          1.157264240634278,
          0.7732687379399624,
          1.9427441169710793,
          0.7695820683294495,
          0.7711062605633209,
          0.7710248561796123,
          1.0238750425498764,
          0.764547124016551,
          2.01043578389361,
          1.1602541297745905,
          1.4859888446808271,
          0.7748641017019884,
          0.767448396266857,
          0.7696743048199681,
          0.7868890931610665,
          0.7697387523244897,
          0.7682961050053473,
          1.590748841142927,
          0.8647232169076033,
          0.8153523191235063
        ],
        [
          0.7796575392293131,
          0.0,
          0.8060403146499047,
          1.1608424216875355,
          1.2490114009696425,
          1.5892610631691717,
          0.8002519905562635,
          0.8977346151448293,
          1.152147707421159,
          3.168507160796684,
          1.082364617552024,
          0.9810328962646293,
          0.7901854439132094,
          0.9011868891337341,
          0.7778884389356773,
          1.6778930230540625,
          0.7737231685623691,
          2.6446114475232196,
          0.9522485406795022,
          2.161876747477082,
          0.7778450506231653,
          0.8538956517113934,
          1.5700959189560846,
          0.7733956337728775,
          1.3499193776535316,
          1.7914835009669599,
          0.7836646552207415,
          0.7677339526682475,
          1.0223084141734533,
          0.7983871305705964,
          0.7804487964784411,
          0.9246967177120009,
          1.0219717803359978,
          0.8189669165562616,
          1.210427656256313,
          0.7673086944047472,
          1.3055926390992665,
          2.246728059293869,
          0.9564320761601023,
          1.4890742833011377,
          1.0151523838516032,
          1.3029010899997473,
          1.7319832002812783,
          1.0690780206174886,
          1.2094175562289942,
          1.0334335830482517,
          0.7732480862785701,
          1.4275951268003333,
          0.867730855754221,
          1.450494093184078,
          1.2256491830695844,
          0.8152999355204623,
          0.9040365117909929,
          3.087745105597378,
          1.0446459374516563,
          1.5434478281264608,
          0.8122152724227572,
          1.0555404978883567,
          0.8613120176153017
        ],
        [
          1.2161587411217079,
          0.8060403146499047,
          0.0,
          0.7744931936746353,
          1.1320009272395906,
          0.7822908289373874,
          0.7781280518926891,
          0.9049501015174014,
          0.8101596971126572,
          2.0373134588431325,
          0.83026288118459,
          0.8284150836995922,
          0.7766086854431795,
          1.346058954635146,
          0.7712500148103395,
          0.9977771995055762,
          1.0325262380529925,
          1.9604931444661653,
          0.8885267623017401,
          0.7873674660280676,
          0.7773024545812816,
          0.8293225578031794,
          1.1752303692948338,
          1.0924636497227498,
          0.8634029882029973,
          2.089184903208116,
          0.7900537623449287,
          0.7663721571377315,
          0.7841677929435713,
          0.8192133281123084,
          0.7720227916578851,
          1.3536774891860568,
          0.7722385440925733,
          1.2504718719780523,
          1.1999260559935423,
          0.7663305723505794,
          0.9394968860369718,
          1.0994347533695934,
          0.8812924079365586,
          0.7801155482675325,
          0.8253001123365572,
          1.5536253662052215,
          1.0176469244576918,
          0.7802943356978097,
          1.0465489855879815,
          0.8259701702315555,
          0.8538845097191231,
          1.408814220254087,
          2.1925307839296275,
          0.9493711976101664,
          1.64934499402932,
          0.7734012501896806,
          0.7766093336553443,
          1.4927094263845584,
          0.7673587429709927,
          1.048623139705209,
          0.807892703559628,
          0.7739519491205507,
          1.1372871018281108
        ],
        [
          0.7675473882298096,
          1.1608424216875355,
          0.7744931936746353,
          0.0,
          1.153982850898496,
          0.766897267172569,
          0.7659600446662431,
          0.7640405044461527,
          0.8499111914562177,
          0.8311455617096802,
          0.7649339048174894,
          1.076045137882262,
          0.7695251918361583,
          0.7668048471674521,
          1.1403875484724015,
          0.7771218615564327,
          0.7625136502306866,
          1.2355580491337101,
          0.7701159010829874,
          0.7644898412450721,
          0.7647671127787808,
          0.7636750924507403,
          1.1880909399495145,
          0.7626611385159473,
          0.7765740325486215,
          0.9254388790992814,
          0.773602160823833,
          0.7661581056186357,
          0.7661980767832329,
          0.7695577358074013,
          0.7681532020813846,
          0.7638749768808414,
          1.0570308421442118,
          1.0697599111038882,
          0.7667225290372687,
          0.828184847287991,
          0.7642521303944495,
          0.7688736262916354,
          0.8155694212628564,
          0.8526833394837204,
          0.7630085906948858,
          2.3193054970294456,
          1.2178349031312246,
          0.7671326631472707,
          0.767842404442362,
          0.7740993278723249,
          0.7622894348259979,
          0.7669096662356447,
          1.2755231814183683,
          0.783611807278717,
          0.8137425119328108,
          0.7639875334177116,
          0.7712196954718636,
          1.0224085936420637,
          0.761845304425775,
          0.7676021077914227,
          0.7821478334392733,
          0.7631437413335272,
          0.7731095110748389
        ],
        [
          1.5540430292369263,
          1.2490114009696425,
          1.1320009272395906,
          1.153982850898496,
          0.0,
          1.4005572491295704,
          0.789404262790158,
          1.1618078515372456,
          1.211247937217741,
          1.7261601070130452,
          1.1807234369012973,
          0.7910855077725605,
          1.4421152392508336,
          1.837968858738551,
          0.7834354727647481,
          0.9294073853467696,
          0.7701362423286245,
          2.844204548137259,
          0.7804564760687107,
          0.7749555820841175,
          2.6634276791119156,
          1.2056013459241506,
          0.8465161010179213,
          0.7798102644112189,
          2.5992892484961403,
          0.9730434591060663,
          0.777107795718597,
          0.7668865851386636,
          1.0007228131387587,
          1.3077263130819252,
          0.7695112716687217,
          0.7749284018184004,
          1.0403669351022593,
          3.0446057563527864,
          1.3228429444732046,
          0.765428222869387,
          0.7762270909534664,
          1.3321474300601353,
          2.9293607224967952,
          1.3059165440899394,
          1.3037885947986614,
          1.2071764886269485,
          0.7735318210232428,
          1.1312961050093895,
          0.7763611541434425,
          1.4527581533610139,
          0.7685162777223576,
          1.1765134588862254,
          0.9888730750061182,
          2.2307772360783416,
          0.7858379910499804,
          0.8911364343977475,
          0.8341291764851491,
          2.1408062864650783,
          0.7724507956287261,
          0.7795569161171964,
          2.44953772887342,
          0.8533131563758998,
          1.443206380544666
        ],
        [
          0.7725892200614134,
          1.5892610631691717,
          0.7822908289373874,
          0.766897267172569,
          1.4005572491295704,
          0.0,
          0.77865529914652,
          0.7671179888815356,
          0.7717330999553753,
          0.7846800829239388,
          0.766984895653053,
          1.130586669407681,
          1.2263234860166445,
          0.7773816477592793,
          0.767094868741445,
          0.8637869633424418,
          0.7665823046168733,
          0.9412017730463117,
          0.7722313562750561,
          0.7673477513256894,
          0.7758863921926598,
          1.1482430623874802,
          1.0881899226834433,
          0.7646324222507966,
          2.264183979594143,
          0.7786936916236801,
          0.7696174383889833,
          0.7632271368224048,
          0.9553701673192276,
          1.3154096094067853,
          0.7649799011131891,
          0.7673735641896214,
          0.7696103667209113,
          1.544938079089812,
          1.245503364495754,
          0.7629215795643011,
          1.1094153215099871,
          0.8711201074971334,
          1.4982860322530942,
          0.8634501121377164,
          0.7680570903929395,
          1.1035159253776454,
          1.1513030640957693,
          1.0723337771175148,
          0.7675020840589827,
          1.0285367090436681,
          0.7636055017343063,
          0.7710279460214675,
          1.5266722548995941,
          1.6699860962720703,
          0.7735329952187485,
          0.7661793250807184,
          0.7708680075884746,
          0.7840100755461967,
          0.8498315139058571,
          0.7702294993941737,
          0.8258078381695139,
          0.7679553063110222,
          0.7778993418696618
        ],
        [
          1.703560662286482,
          0.8002519905562635,
          0.7781280518926891,
          0.7659600446662431,
          0.789404262790158,
          0.77865529914652,
          0.0,
          0.9855363896638223,
          2.716140997786357,
          0.8496338064414471,
          1.077788869385334,
          0.7703527457110807,
          0.771653587461746,
          1.5068173203567001,
          0.7664387729199011,
          1.508447586114138,
          0.7664206186708014,
          0.7826127687602507,
          1.9402583160196285,
          0.767618469434088,
          1.0768170342256307,
          0.8120860048645159,
          0.7726045256594051,
          0.7654642865373671,
          2.020727456577951,
          0.7917369060750742,
          0.7705778077805429,
          0.7624923563422408,
          0.7687590614372269,
          0.7787941044603264,
          0.8164339841455622,
          0.7681736199879384,
          0.8093340295116138,
          1.1882373746646786,
          0.9587376802404596,
          0.7701435409317414,
          0.7687841724556702,
          1.0595462272275018,
          1.1714655617920782,
          1.1573897593967393,
          0.7654525949989684,
          0.9052082147764573,
          0.7739412558334172,
          0.8081216106515863,
          0.7909190411818536,
          0.9797617848518045,
          0.7645544381083149,
          0.7737112586004807,
          1.117009523834709,
          1.0237005588150672,
          0.7757343807817978,
          0.823381195743441,
          0.7716080967488763,
          1.0672105352301033,
          0.7648334416136185,
          0.7697025125790108,
          1.4041094705908295,
          1.1527437327881864,
          1.1307605519578052
        ],
        [
          1.016767266197055,
          0.8977346151448293,
          0.9049501015174014,
          0.7640405044461527,
          1.1618078515372456,
          0.7671179888815356,
          0.9855363896638223,
          0.0,
          0.7703603838957715,
          2.297406448291328,
          1.3561629237060153,
          0.7657115685782757,
          0.7702423932998733,
          1.6229994436566335,
          0.765200954880891,
          1.6141244176530276,
          0.7642177860856602,
          1.1734416978694888,
          0.9740278474094078,
          0.8210513571434036,
          0.7679364107122817,
          0.7651061924215478,
          0.9072961952201799,
          1.7867346331254452,
          1.1210743277031423,
          1.0117067890245701,
          0.7673053527029129,
          0.7608597052656836,
          1.0083802324525812,
          0.8307793606724093,
          0.9993842430297412,
          0.7665079760162988,
          0.7663761632801493,
          0.7740121294179073,
          0.8050275634601365,
          0.7651457113571541,
          1.0463688278282932,
          0.8675298810978697,
          0.7701236210037598,
          0.7686207691047454,
          0.7646749099066393,
          0.774961206269051,
          0.7703119223909733,
          0.7658566789579501,
          0.771063953651879,
          0.770405902554132,
          0.7645542772989918,
          0.7670272240626064,
          0.9774253331163479,
          0.7866604723227024,
          0.910210230559428,
          0.7669456292943327,
          0.7919805233950538,
          5.248332205960309,
          0.762866995268549,
          0.7727449006412823,
          0.8020990695339001,
          0.763836343165031,
          1.023612165647323
        ],
        [
          2.144596344284905,
          1.152147707421159,
          0.8101596971126572,
          0.8499111914562177,
          1.211247937217741,
          0.7717330999553753,
          2.716140997786357,
          0.7703603838957715,
          0.0,
          0.8512036985197778,
          1.85150928475651,
          0.8155565590730945,
          0.8062840567886305,
          0.7725094992437932,
          0.7817597314015631,
          0.8284817828945562,
          0.8131312622946903,
          0.9258894307380663,
          1.3299670682954898,
          1.075687162174308,
          0.8371659249694947,
          0.9630180026492553,
          1.0571736774035667,
          0.766630454024391,
          0.7899624311936774,
          1.5129082870632777,
          1.0553413983947255,
          0.7635935199089541,
          0.7675046782767763,
          0.7743455265478897,
          0.767611374393784,
          0.8249586176596461,
          0.7715582153746636,
          1.0749737038015856,
          0.7767684545890295,
          0.7631750098205512,
          0.814427930743973,
          1.168068884742749,
          1.6331667094704865,
          1.0679520947445442,
          0.7667469721285376,
          1.0137546836939242,
          1.1488355378683728,
          0.7681868448177677,
          1.1520649680171533,
          0.7709509241160851,
          0.8190999395505676,
          2.4119600435101836,
          0.7959740467610915,
          1.1608982431177488,
          0.8850457927559101,
          0.7730215216660106,
          0.8000623692491335,
          1.5217007050549571,
          0.7657841465154887,
          0.7716659685002867,
          1.1799902449446908,
          1.1454764107456832,
          0.7789253623495939
        ],
        [
          0.8882579328428559,
          3.168507160796684,
          2.0373134588431325,
          0.8311455617096802,
          1.7261601070130452,
          0.7846800829239388,
          0.8496338064414471,
          2.297406448291328,
          0.8512036985197778,
          0.0,
          1.1738387555087855,
          0.7726781240037667,
          0.8653445045911814,
          0.8415862688128047,
          0.777791346273958,
          1.3933428410186677,
          1.1496284800799876,
          2.881130597602901,
          0.9020943635099904,
          3.4291324863637325,
          0.7727780015173378,
          1.1661463846948685,
          1.5941387367479656,
          1.177473319374853,
          0.9312300449052423,
          3.2015110752543485,
          0.8636211018589549,
          0.7664341871500222,
          1.5699810688615337,
          1.2839262530024913,
          3.099435881310149,
          0.7767556538502703,
          1.4015127318997755,
          1.1759250091773268,
          1.7996193270957768,
          0.7659985728421238,
          0.9481046663471023,
          1.3612866507164227,
          1.1766099927104923,
          0.7770195516330481,
          0.9423884793519786,
          0.9534168888840675,
          2.450698425463397,
          0.9563743505706128,
          5.480922509145986,
          1.1372751836266446,
          3.517806901562202,
          1.964080413454747,
          0.8530779234526128,
          0.8846000656970092,
          4.563901777718643,
          3.814508923567104,
          1.3123688261038877,
          6.8761743051976,
          0.7736149213280278,
          3.2071649647450697,
          1.9932061959147893,
          0.7711047146300843,
          1.7147091090739144
        ],
        [
          1.2342393666993006,
          1.082364617552024,
          0.83026288118459,
          0.7649339048174894,
          1.1807234369012973,
          0.766984895653053,
          1.077788869385334,
          1.3561629237060153,
          1.85150928475651,
          1.1738387555087855,
          0.0,
          0.7671443587380861,
          0.7682229598994132,
          1.8905074811115228,
          1.346261466214614,
          1.0905800518523867,
          0.7652821570434867,
          0.8333901619914714,
          0.8817243993143333,
          0.8325381254819045,
          0.7714980661255018,
          1.0521028752750365,
          0.8788436012776519,
          0.7669886612695502,
          0.7955963150568401,
          1.4793402191693872,
          0.8785708422132417,
          0.7608683547419368,
          0.7706786520736485,
          0.7705878286461785,
          0.7643527864102481,
          0.8033929812087846,
          0.7744299517507592,
          0.7745127015507157,
          0.829999892413091,
          0.7681991117451429,
          1.4856651110004002,
          0.7711369167340882,
          0.7705486348068766,
          1.8146475054890057,
          0.7646947560032576,
          0.7756593939891767,
          0.892120991051,
          0.7651796861479071,
          0.7720064428548087,
          0.7656515332518369,
          0.7631016641263456,
          1.8248922997876331,
          0.7793851696185313,
          0.8626225997094922,
          0.7883133583527673,
          0.7651710554577188,
          1.5037013434181659,
          2.2700209773115723,
          0.7625963647240713,
          0.7677037145718858,
          0.7986483293039158,
          0.9211111868081097,
          1.0940069768823872
        ],
        [
          0.79733571861338,
          0.9810328962646293,
          0.8284150836995922,
          1.076045137882262,
          0.7910855077725605,
          1.130586669407681,
          0.7703527457110807,
          0.7657115685782757,
          0.8155565590730945,
          0.7726781240037667,
          0.7671443587380861,
          0.0,
          0.7820987468283999,
          0.768943594440804,
          0.7659004908413453,
          1.1624231099033695,
          0.830142439448131,
          1.034189392355696,
          0.7931565133950563,
          0.765847074118903,
          0.7679638340665724,
          0.7658739562819058,
          1.1762346601447442,
          0.763612079576774,
          2.2523854662719724,
          0.8579666591642178,
          0.769640692245708,
          0.7620210394569754,
          0.768930396707646,
          0.7753110523277176,
          0.7632854563874968,
          0.7680889364359833,
          0.7680088459126694,
          1.2245922960939626,
          0.7707906582022022,
          0.7617599934181445,
          0.7661650426967334,
          0.770661556915771,
          0.7731192274327097,
          0.8855974083323379,
          0.7651771356342767,
          1.817239066100881,
          0.7674252968832415,
          1.132668182932692,
          0.766994711089973,
          0.971437622136676,
          0.7627667751000377,
          1.143854287542277,
          0.9396528434629531,
          0.9383572626316723,
          0.7799310547806412,
          0.7641224438401094,
          1.0284662828918998,
          1.5549922104755038,
          0.7719735837066738,
          0.7710510022086836,
          0.7828233154944982,
          0.7651449796643282,
          1.751549099166906
        ],
        [
          1.1304088786292625,
          0.7901854439132094,
          0.7766086854431795,
          0.7695251918361583,
          1.4421152392508336,
          1.2263234860166445,
          0.771653587461746,
          0.7702423932998733,
          0.8062840567886305,
          0.8653445045911814,
          0.7682229598994132,
          0.7820987468283999,
          0.0,
          0.7739065934790602,
          1.0285083076048056,
          2.774028831234213,
          0.7909836213439375,
          1.245741149490899,
          0.7982825372047809,
          0.7944866668956941,
          0.770604545740319,
          0.7673746267475375,
          1.098860561871891,
          0.7669332641565073,
          1.2854347264420796,
          0.7782145168165252,
          0.7745310333426624,
          0.7627803326054367,
          0.9823049566567931,
          1.7187092789243894,
          0.7677032659841149,
          0.7684457435532918,
          0.785336225412602,
          1.760138202081862,
          0.8739967019965132,
          0.763678207473135,
          0.7690924163560616,
          0.7727883127298274,
          0.8823541706827563,
          1.0205215017874831,
          0.7682114806606342,
          0.8766981788946804,
          0.9470770134994633,
          0.7733086570003576,
          0.7707756480608016,
          0.7786513539882397,
          0.7647485115344262,
          0.7763213637198605,
          1.4963283150197506,
          1.2911964547272892,
          0.8024056717334502,
          0.7685662398194255,
          0.7751294764940928,
          1.4090083447328225,
          1.077365110361227,
          1.0022776907574802,
          0.8918918203022285,
          0.7653122343670089,
          0.7759550187588361
        ],
        [
          0.7762180883524993,
          0.9011868891337341,
          1.346058954635146,
          0.7668048471674521,
          1.837968858738551,
          0.7773816477592793,
          1.5068173203567001,
          1.6229994436566335,
          0.7725094992437932,
          0.8415862688128047,
          1.8905074811115228,
          0.768943594440804,
          0.7739065934790602,
          0.0,
          0.8834467403546229,
          1.126824607480177,
          0.766921738022348,
          2.0669870849882046,
          0.8190052636044667,
          0.7686070736785318,
          1.4896804139691655,
          0.9070652755626039,
          0.7746849905921281,
          2.286389077961047,
          0.8808996322858863,
          0.781912002509802,
          1.2705382821305964,
          0.7632414446163849,
          0.7774545986545676,
          1.082974237757596,
          0.7655097915901332,
          0.769454326429688,
          0.7689596608181123,
          0.9530738228749058,
          1.3322987930351906,
          0.7629701957216679,
          0.8561156389451722,
          0.851120821286155,
          0.77528593081022,
          0.7735878444971803,
          0.7676484026458179,
          0.789536705739315,
          0.7683289798076967,
          0.9064250353540915,
          0.8758582581030986,
          0.7721400110111822,
          0.7658492288947454,
          1.1596163433847846,
          1.7809461665057587,
          1.6156597465300986,
          1.2103022647747181,
          0.7684463020379593,
          0.7720977434776868,
          3.9818468082818232,
          0.7648428640562085,
          0.7871749786418131,
          1.5059982689559668,
          0.7659506068071259,
          1.0040007552813706
        ],
        [
          1.045908590722322,
          0.7778884389356773,
          0.7712500148103395,
          1.1403875484724015,
          0.7834354727647481,
          0.767094868741445,
          0.7664387729199011,
          0.765200954880891,
          0.7817597314015631,
          0.777791346273958,
          1.346261466214614,
          0.7659004908413453,
          1.0285083076048056,
          0.8834467403546229,
          0.0,
          1.1642089571727756,
          0.7678446010327458,
          0.8505881103885464,
          0.7670458489710018,
          0.7656105683878512,
          0.8289189833051466,
          1.02140220623351,
          1.2922740915907442,
          0.7634990655166775,
          0.9606294321553996,
          0.8539263990920177,
          0.7673032368256342,
          0.7607425491298742,
          0.7651959065177221,
          0.7784649822704194,
          0.7643019874558967,
          0.7648585912049563,
          0.7651416671394574,
          1.046860951875293,
          0.7693132695993958,
          0.7615090443693334,
          0.7656953244048739,
          0.76721084754302,
          0.8645598633375686,
          1.459189989525105,
          0.7627424515006375,
          0.7740972118509171,
          1.614064196349965,
          0.7650840815215628,
          1.3379965126965807,
          0.7646939947459923,
          0.763250905775184,
          0.8894847346700885,
          0.7836481225882318,
          0.7838510980583628,
          0.7702801444003315,
          1.149503497663467,
          0.781265371572056,
          1.3164308437968022,
          0.7627178439844939,
          0.8610787284488141,
          0.7780431852118646,
          0.7634452968529699,
          0.7690373596669938
        ],
        [
          0.7823071414997688,
          1.6778930230540625,
          0.9977771995055762,
          0.7771218615564327,
          0.9294073853467696,
          0.8637869633424418,
          1.508447586114138,
          1.6141244176530276,
          0.8284817828945562,
          1.3933428410186677,
          1.0905800518523867,
          1.1624231099033695,
          2.774028831234213,
          1.126824607480177,
          1.1642089571727756,
          0.0,
          0.7726765684745063,
          1.6514112519609097,
          1.2846055390635667,
          1.5302583944256558,
          1.04494918713092,
          0.7713081727545507,
          1.0007525967018642,
          1.489350709987416,
          1.6124974776805792,
          1.1616618734143804,
          0.8130598033903413,
          0.7662523038117162,
          0.8067393113656103,
          2.951842518212957,
          0.7696203543633203,
          0.9745162594736766,
          0.9975333332629559,
          1.1819032175387056,
          0.8121389377377051,
          1.5216358557091014,
          0.7776664467535449,
          0.8857008855802796,
          1.6005416498069414,
          1.3347173351298205,
          0.8522222814042647,
          1.204577115018659,
          1.2360964991903027,
          2.7285769720963207,
          0.8026065956452182,
          1.1614316981279875,
          0.7702070134238582,
          1.1630361231748134,
          1.126446083933834,
          1.6679297536000008,
          1.0239787489580663,
          1.49880946741469,
          1.2062724254081907,
          5.791380684582832,
          0.7708534791473978,
          1.0656994220377498,
          0.9683929562767235,
          0.7699662202252358,
          0.8880432169343877
        ],
        [
          0.7679193268238601,
          0.7737231685623691,
          1.0325262380529925,
          0.7625136502306866,
          0.7701362423286245,
          0.7665823046168733,
          0.7664206186708014,
          0.7642177860856602,
          0.8131312622946903,
          1.1496284800799876,
          0.7652821570434867,
          0.830142439448131,
          0.7909836213439375,
          0.766921738022348,
          0.7678446010327458,
          0.7726765684745063,
          0.0,
          0.7735860905928913,
          0.9205605540957168,
          0.9346484213806188,
          0.7664562129161934,
          0.8021813829838157,
          0.7904365073725739,
          0.7619516110092956,
          1.2292419037508462,
          0.7867516189815086,
          0.8659598508840807,
          0.7605352253311738,
          0.7632723327934455,
          0.8478005683554553,
          0.762617561785107,
          0.766427590516035,
          0.7641450643762655,
          0.774562042883723,
          0.8402552532833271,
          0.7603486306037289,
          1.067606626857602,
          1.1543576433258116,
          0.7673348802214772,
          0.7873628244414448,
          0.7629841085086181,
          0.7801401493049254,
          0.7643262708979844,
          0.7641712632797711,
          1.135919089312146,
          0.7643454416371924,
          0.7705050783559705,
          1.437457783788455,
          1.1424167998728962,
          1.1766441675447536,
          0.7841236472465961,
          0.769631666569575,
          0.7662819376235669,
          1.190177228875417,
          0.7621329233966436,
          0.7672975142031705,
          0.7950753605367722,
          0.8249330088903886,
          1.1131974189839076
        ],
        [
          0.8044860274517012,
          2.6446114475232196,
          1.9604931444661653,
          1.2355580491337101,
          2.844204548137259,
          0.9412017730463117,
          0.7826127687602507,
          1.1734416978694888,
          0.9258894307380663,
          2.881130597602901,
          0.8333901619914714,
          1.034189392355696,
          1.245741149490899,
          2.0669870849882046,
          0.8505881103885464,
          1.6514112519609097,
          0.7735860905928913,
          0.0,
          0.8199734032055975,
          1.806170924689578,
          0.7841701491060614,
          1.2097948880216969,
          1.8252336518537242,
          1.578687421101676,
          2.916795599291788,
          1.6363058562259654,
          0.7818748881007728,
          0.7676358334900415,
          0.9963429036579595,
          1.7090033108011997,
          0.7811041162917685,
          0.7946674951500262,
          1.171959461685027,
          2.2646519965120273,
          1.9298994162461096,
          0.7661406504094672,
          0.9906229226323541,
          0.9251492472551966,
          1.1041949323147722,
          1.5293145587483008,
          0.7796966611862408,
          2.3652402674780153,
          0.7790490177723499,
          0.8712009691030184,
          1.270862028757358,
          0.7804798345905353,
          1.056926494128373,
          0.9722495954561257,
          2.5959657922481525,
          2.050349831583753,
          0.9386220148527035,
          0.9107074902059765,
          0.8902511985476624,
          1.8088969455453738,
          0.8031851334739726,
          1.0507991168061481,
          1.492511437344445,
          0.7710244046461794,
          1.1847567263247463
        ],
        [
          1.066163241521761,
          0.9522485406795022,
          0.8885267623017401,
          0.7701159010829874,
          0.7804564760687107,
          0.7722313562750561,
          1.9402583160196285,
          0.9740278474094078,
          1.3299670682954898,
          0.9020943635099904,
          0.8817243993143333,
          0.7931565133950563,
          0.7982825372047809,
          0.8190052636044667,
          0.7670458489710018,
          1.2846055390635667,
          0.9205605540957168,
          0.8199734032055975,
          0.0,
          0.9307628433277906,
          0.8032247486725353,
          0.7689810004589056,
          0.8024688508413312,
          0.7667520625248023,
          1.7460544437954812,
          1.0072900213143638,
          1.4835512011786445,
          0.7637126724802954,
          1.0304150633363791,
          0.9223765760485851,
          0.7989021115146778,
          0.8008380595836315,
          0.8373243550985132,
          0.7824043370307401,
          1.2057994303825699,
          1.0019054719235891,
          0.8027877398122218,
          0.7734295164345086,
          0.9729089769719991,
          0.7936731656178223,
          0.7730531134174573,
          1.298487864604154,
          0.8013022566889271,
          0.7697622729700353,
          1.3014948988130082,
          0.7795938551950397,
          0.7943121501051263,
          0.8510790586115355,
          2.1080508814823626,
          0.8370558255852112,
          0.7789599474714588,
          0.8462788545628797,
          0.7747541286909686,
          1.1917890951148418,
          0.7652063822296497,
          0.7941709341174691,
          3.9751442997214492,
          0.7735776716041969,
          1.1070190383346057
        ],
        [
          0.7676662736407959,
          2.161876747477082,
          0.7873674660280676,
          0.7644898412450721,
          0.7749555820841175,
          0.7673477513256894,
          0.767618469434088,
          0.8210513571434036,
          1.075687162174308,
          3.4291324863637325,
          0.8325381254819045,
          0.765847074118903,
          0.7944866668956941,
          0.7686070736785318,
          0.7656105683878512,
          1.5302583944256558,
          0.9346484213806188,
          1.806170924689578,
          0.9307628433277906,
          0.0,
          0.7655333924198042,
          0.8379772041824209,
          1.1644467348899628,
          0.7659445032827444,
          0.8454024361949932,
          1.7929456351840305,
          1.061241143237311,
          0.7607378676688171,
          0.7647342884575016,
          0.8531359504249034,
          0.7670413014738124,
          0.7654738998768903,
          0.7672471196782272,
          0.7754331969975848,
          1.1855695027273114,
          0.7609584615026481,
          0.7823616773275059,
          0.7815549128798914,
          0.7737071915979696,
          0.9797403970828437,
          0.7642418214476799,
          0.7703971392253021,
          0.7683091740366129,
          0.7660273221059548,
          1.2574885412652481,
          0.7655254398725074,
          1.296497759377251,
          0.8298349185864115,
          0.7771674512300099,
          0.7776989212090067,
          1.1661729258857194,
          2.264357030068722,
          0.7690291591474391,
          1.3577508266299894,
          1.139486094531346,
          1.4084360028978655,
          0.7979300023386918,
          0.7824155322766406,
          0.9919384939494134
        ],
        [
          2.045517048070152,
          0.7778450506231653,
          0.7773024545812816,
          0.7647671127787808,
          2.6634276791119156,
          0.7758863921926598,
          1.0768170342256307,
          0.7679364107122817,
          0.8371659249694947,
          0.7727780015173378,
          0.7714980661255018,
          0.7679638340665724,
          0.770604545740319,
          1.4896804139691655,
          0.8289189833051466,
          1.04494918713092,
          0.7664562129161934,
          0.7841701491060614,
          0.8032247486725353,
          0.7655333924198042,
          0.0,
          0.9849558295956317,
          0.8549327495499086,
          0.7651460744945464,
          1.2032473971015878,
          2.0675508481303244,
          0.7691953811877392,
          0.7621980639462449,
          0.7659830286042324,
          0.8323662943436237,
          0.7641465452485423,
          0.7686199300647218,
          0.7678568679332484,
          0.8214017741900408,
          0.777433831694663,
          0.7617395590560168,
          0.7662584391344033,
          0.8176144603606552,
          1.2376257425100055,
          0.8361731799150498,
          0.7671471972763132,
          1.1715376701655593,
          0.7656877930788396,
          0.7848694276607137,
          0.7671310078061032,
          0.7677694669495597,
          0.7625770636896227,
          2.439496180662819,
          0.8416526206956296,
          0.911113289286422,
          0.7706653781637272,
