Map from character to field name
A:	Argentina
B:	Australia
C:	Austria
D:	Bangladesh
E:	Belgium
F:	Bosnia and Herzegovina
G:	Brazil
H:	Canada
I:	Chile
J:	China
K:	Colombia
L:	Czech Republic
M:	Democratic Republic of the Congo
N:	Denmark
O:	Finland
P:	France
Q:	Georgia
R:	Germany
S:	Greece
T:	Hong Kong
U:	Hungary
V:	Iceland
W:	India
X:	Israel
Y:	Italy
Z:	Japan
[:	Jordan
\:	Kazakhstan
]:	Latvia
^:	Luxembourg
_:	Malaysia
`:	Mexico
a:	Morocco
b:	Netherlands
c:	New Zealand
d:	Nigeria
e:	Norway
f:	Oman
g:	Poland
h:	Portugal
i:	Romania
j:	Russia
k:	Saudi Arabia
l:	Senegal
m:	Singapore
n:	South Africa
o:	South Korea
p:	Spain
q:	Sweden
r:	Switzerland
s:	Taiwan
t:	Thailand
u:	Turkey
v:	USA
w:	Uganda
x:	United Arab Emirates
y:	United Kingdom
z:	Uruguay
{:	Vietnam
|:	?


Substitution rate (mu): 358.273341

Equilibrium frequencies (pi_i):
  A: 0.0169
  B: 0.0184
  C: 0.0178
  D: 0.0179
  E: 0.0162
  F: 0.0177
  G: 0.0176
  H: 0.0163
  I: 0.0193
  J: 0.0099
  K: 0.0176
  L: 0.0177
  M: 0.0176
  N: 0.0147
  O: 0.0189
  P: 0.016
  Q: 0.0184
  R: 0.0156
  S: 0.017
  T: 0.0155
  U: 0.0186
  V: 0.019
  W: 0.0173
  X: 0.0171
  Y: 0.0164
  Z: 0.0155
  [: 0.0189
  \: 0.0187
  ]: 0.0177
  ^: 0.0158
  _: 0.0173
  `: 0.0179
  a: 0.0178
  b: 0.0177
  c: 0.0168
  d: 0.0183
  e: 0.017
  f: 0.018
  g: 0.0181
  h: 0.0171
  i: 0.0175
  j: 0.0125
  k: 0.0165
  l: 0.0181
  m: 0.016
  n: 0.0179
  o: 0.0162
  p: 0.0161
  q: 0.0137
  r: 0.0158
  s: 0.0166
  t: 0.0173
  u: 0.0187
  v: 0.0122
  w: 0.0188
  x: 0.0158
  y: 0.0167
  z: 0.0187
  {: 0.0171

Symmetrized rates from j->i (W_ij):
	A	B	C	D	E	F	G	H	I	J	K	L	M	N	O	P	Q	R	S	T	U	V	W	X	Y	Z	[	\	]	^	_	`	a	b	c	d	e	f	g	h	i	j	k	l	m	n	o	p	q	r	s	t	u	v	w	x	y	z	{
  A	0	0.7797	1.2162	0.7675	1.554	0.7726	1.7036	1.0168	2.1446	0.8883	1.2342	0.7973	1.1304	0.7762	1.0459	0.7823	0.7679	0.8045	1.0662	0.7677	2.0455	0.8031	1.18	1.8541	0.99	1.2316	0.7708	0.7641	0.7762	0.7984	0.8887	0.8845	0.7712	1.071	1.1803	0.7628	0.768	0.7741	1.8146	1.1573	0.7733	1.9427	0.7696	0.7711	0.771	1.0239	0.7645	2.0104	1.1603	1.486	0.7749	0.7674	0.7697	0.7869	0.7697	0.7683	1.5907	0.8647	0.8154
  B	0.7797	0	0.806	1.1608	1.249	1.5893	0.8003	0.8977	1.1521	3.1685	1.0824	0.981	0.7902	0.9012	0.7779	1.6779	0.7737	2.6446	0.9522	2.1619	0.7778	0.8539	1.5701	0.7734	1.3499	1.7915	0.7837	0.7677	1.0223	0.7984	0.7804	0.9247	1.022	0.819	1.2104	0.7673	1.3056	2.2467	0.9564	1.4891	1.0152	1.3029	1.732	1.0691	1.2094	1.0334	0.7732	1.4276	0.8677	1.4505	1.2256	0.8153	0.904	3.0877	1.0446	1.5434	0.8122	1.0555	0.8613
  C	1.2162	0.806	0	0.7745	1.132	0.7823	0.7781	0.905	0.8102	2.0373	0.8303	0.8284	0.7766	1.3461	0.7713	0.9978	1.0325	1.9605	0.8885	0.7874	0.7773	0.8293	1.1752	1.0925	0.8634	2.0892	0.7901	0.7664	0.7842	0.8192	0.772	1.3537	0.7722	1.2505	1.1999	0.7663	0.9395	1.0994	0.8813	0.7801	0.8253	1.5536	1.0176	0.7803	1.0465	0.826	0.8539	1.4088	2.1925	0.9494	1.6493	0.7734	0.7766	1.4927	0.7674	1.0486	0.8079	0.774	1.1373
  D	0.7675	1.1608	0.7745	0	1.154	0.7669	0.766	0.764	0.8499	0.8311	0.7649	1.076	0.7695	0.7668	1.1404	0.7771	0.7625	1.2356	0.7701	0.7645	0.7648	0.7637	1.1881	0.7627	0.7766	0.9254	0.7736	0.7662	0.7662	0.7696	0.7682	0.7639	1.057	1.0698	0.7667	0.8282	0.7643	0.7689	0.8156	0.8527	0.763	2.3193	1.2178	0.7671	0.7678	0.7741	0.7623	0.7669	1.2755	0.7836	0.8137	0.764	0.7712	1.0224	0.7618	0.7676	0.7821	0.7631	0.7731
  E	1.554	1.249	1.132	1.154	0	1.4006	0.7894	1.1618	1.2112	1.7262	1.1807	0.7911	1.4421	1.838	0.7834	0.9294	0.7701	2.8442	0.7805	0.775	2.6634	1.2056	0.8465	0.7798	2.5993	0.973	0.7771	0.7669	1.0007	1.3077	0.7695	0.7749	1.0404	3.0446	1.3228	0.7654	0.7762	1.3321	2.9294	1.3059	1.3038	1.2072	0.7735	1.1313	0.7764	1.4528	0.7685	1.1765	0.9889	2.2308	0.7858	0.8911	0.8341	2.1408	0.7725	0.7796	2.4495	0.8533	1.4432
  F	0.7726	1.5893	0.7823	0.7669	1.4006	0	0.7787	0.7671	0.7717	0.7847	0.767	1.1306	1.2263	0.7774	0.7671	0.8638	0.7666	0.9412	0.7722	0.7673	0.7759	1.1482	1.0882	0.7646	2.2642	0.7787	0.7696	0.7632	0.9554	1.3154	0.765	0.7674	0.7696	1.5449	1.2455	0.7629	1.1094	0.8711	1.4983	0.8635	0.7681	1.1035	1.1513	1.0723	0.7675	1.0285	0.7636	0.771	1.5267	1.67	0.7735	0.7662	0.7709	0.784	0.8498	0.7702	0.8258	0.768	0.7779
  G	1.7036	0.8003	0.7781	0.766	0.7894	0.7787	0	0.9855	2.7161	0.8496	1.0778	0.7704	0.7717	1.5068	0.7664	1.5084	0.7664	0.7826	1.9403	0.7676	1.0768	0.8121	0.7726	0.7655	2.0207	0.7917	0.7706	0.7625	0.7688	0.7788	0.8164	0.7682	0.8093	1.1882	0.9587	0.7701	0.7688	1.0595	1.1715	1.1574	0.7655	0.9052	0.7739	0.8081	0.7909	0.9798	0.7646	0.7737	1.117	1.0237	0.7757	0.8234	0.7716	1.0672	0.7648	0.7697	1.4041	1.1527	1.1308
  H	1.0168	0.8977	0.905	0.764	1.1618	0.7671	0.9855	0	0.7704	2.2974	1.3562	0.7657	0.7702	1.623	0.7652	1.6141	0.7642	1.1734	0.974	0.8211	0.7679	0.7651	0.9073	1.7867	1.1211	1.0117	0.7673	0.7609	1.0084	0.8308	0.9994	0.7665	0.7664	0.774	0.805	0.7651	1.0464	0.8675	0.7701	0.7686	0.7647	0.775	0.7703	0.7659	0.7711	0.7704	0.7646	0.767	0.9774	0.7867	0.9102	0.7669	0.792	5.2483	0.7629	0.7727	0.8021	0.7638	1.0236
  I	2.1446	1.1521	0.8102	0.8499	1.2112	0.7717	2.7161	0.7704	0	0.8512	1.8515	0.8156	0.8063	0.7725	0.7818	0.8285	0.8131	0.9259	1.33	1.0757	0.8372	0.963	1.0572	0.7666	0.79	1.5129	1.0553	0.7636	0.7675	0.7743	0.7676	0.825	0.7716	1.075	0.7768	0.7632	0.8144	1.1681	1.6332	1.068	0.7667	1.0138	1.1488	0.7682	1.1521	0.771	0.8191	2.412	0.796	1.1609	0.885	0.773	0.8001	1.5217	0.7658	0.7717	1.18	1.1455	0.7789
  J	0.8883	3.1685	2.0373	0.8311	1.7262	0.7847	0.8496	2.2974	0.8512	0	1.1738	0.7727	0.8653	0.8416	0.7778	1.3933	1.1496	2.8811	0.9021	3.4291	0.7728	1.1661	1.5941	1.1775	0.9312	3.2015	0.8636	0.7664	1.57	1.2839	3.0994	0.7768	1.4015	1.1759	1.7996	0.766	0.9481	1.3613	1.1766	0.777	0.9424	0.9534	2.4507	0.9564	5.4809	1.1373	3.5178	1.9641	0.8531	0.8846	4.5639	3.8145	1.3124	6.8762	0.7736	3.2072	1.9932	0.7711	1.7147
  K	1.2342	1.0824	0.8303	0.7649	1.1807	0.767	1.0778	1.3562	1.8515	1.1738	0	0.7671	0.7682	1.8905	1.3463	1.0906	0.7653	0.8334	0.8817	0.8325	0.7715	1.0521	0.8788	0.767	0.7956	1.4793	0.8786	0.7609	0.7707	0.7706	0.7644	0.8034	0.7744	0.7745	0.83	0.7682	1.4857	0.7711	0.7705	1.8146	0.7647	0.7757	0.8921	0.7652	0.772	0.7657	0.7631	1.8249	0.7794	0.8626	0.7883	0.7652	1.5037	2.27	0.7626	0.7677	0.7986	0.9211	1.094
  L	0.7973	0.981	0.8284	1.076	0.7911	1.1306	0.7704	0.7657	0.8156	0.7727	0.7671	0	0.7821	0.7689	0.7659	1.1624	0.8301	1.0342	0.7932	0.7658	0.768	0.7659	1.1762	0.7636	2.2524	0.858	0.7696	0.762	0.7689	0.7753	0.7633	0.7681	0.768	1.2246	0.7708	0.7618	0.7662	0.7707	0.7731	0.8856	0.7652	1.8172	0.7674	1.1327	0.767	0.9714	0.7628	1.1439	0.9397	0.9384	0.7799	0.7641	1.0285	1.555	0.772	0.7711	0.7828	0.7651	1.7515
  M	1.1304	0.7902	0.7766	0.7695	1.4421	1.2263	0.7717	0.7702	0.8063	0.8653	0.7682	0.7821	0	0.7739	1.0285	2.774	0.791	1.2457	0.7983	0.7945	0.7706	0.7674	1.0989	0.7669	1.2854	0.7782	0.7745	0.7628	0.9823	1.7187	0.7677	0.7684	0.7853	1.7601	0.874	0.7637	0.7691	0.7728	0.8824	1.0205	0.7682	0.8767	0.9471	0.7733	0.7708	0.7787	0.7647	0.7763	1.4963	1.2912	0.8024	0.7686	0.7751	1.409	1.0774	1.0023	0.8919	0.7653	0.776
  N	0.7762	0.9012	1.3461	0.7668	1.838	0.7774	1.5068	1.623	0.7725	0.8416	1.8905	0.7689	0.7739	0	0.8834	1.1268	0.7669	2.067	0.819	0.7686	1.4897	0.9071	0.7747	2.2864	0.8809	0.7819	1.2705	0.7632	0.7775	1.083	0.7655	0.7695	0.769	0.9531	1.3323	0.763	0.8561	0.8511	0.7753	0.7736	0.7676	0.7895	0.7683	0.9064	0.8759	0.7721	0.7658	1.1596	1.7809	1.6157	1.2103	0.7684	0.7721	3.9818	0.7648	0.7872	1.506	0.766	1.004
  O	1.0459	0.7779	0.7713	1.1404	0.7834	0.7671	0.7664	0.7652	0.7818	0.7778	1.3463	0.7659	1.0285	0.8834	0	1.1642	0.7678	0.8506	0.767	0.7656	0.8289	1.0214	1.2923	0.7635	0.9606	0.8539	0.7673	0.7607	0.7652	0.7785	0.7643	0.7649	0.7651	1.0469	0.7693	0.7615	0.7657	0.7672	0.8646	1.4592	0.7627	0.7741	1.6141	0.7651	1.338	0.7647	0.7633	0.8895	0.7836	0.7839	0.7703	1.1495	0.7813	1.3164	0.7627	0.8611	0.778	0.7634	0.769
  P	0.7823	1.6779	0.9978	0.7771	0.9294	0.8638	1.5084	1.6141	0.8285	1.3933	1.0906	1.1624	2.774	1.1268	1.1642	0	0.7727	1.6514	1.2846	1.5303	1.0449	0.7713	1.0008	1.4894	1.6125	1.1617	0.8131	0.7663	0.8067	2.9518	0.7696	0.9745	0.9975	1.1819	0.8121	1.5216	0.7777	0.8857	1.6005	1.3347	0.8522	1.2046	1.2361	2.7286	0.8026	1.1614	0.7702	1.163	1.1264	1.6679	1.024	1.4988	1.2063	5.7914	0.7709	1.0657	0.9684	0.77	0.888
  Q	0.7679	0.7737	1.0325	0.7625	0.7701	0.7666	0.7664	0.7642	0.8131	1.1496	0.7653	0.8301	0.791	0.7669	0.7678	0.7727	0	0.7736	0.9206	0.9346	0.7665	0.8022	0.7904	0.762	1.2292	0.7868	0.866	0.7605	0.7633	0.8478	0.7626	0.7664	0.7641	0.7746	0.8403	0.7603	1.0676	1.1544	0.7673	0.7874	0.763	0.7801	0.7643	0.7642	1.1359	0.7643	0.7705	1.4375	1.1424	1.1766	0.7841	0.7696	0.7663	1.1902	0.7621	0.7673	0.7951	0.8249	1.1132
  R	0.8045	2.6446	1.9605	1.2356	2.8442	0.9412	0.7826	1.1734	0.9259	2.8811	0.8334	1.0342	1.2457	2.067	0.8506	1.6514	0.7736	0	0.82	1.8062	0.7842	1.2098	1.8252	1.5787	2.9168	1.6363	0.7819	0.7676	0.9963	1.709	0.7811	0.7947	1.172	2.2647	1.9299	0.7661	0.9906	0.9251	1.1042	1.5293	0.7797	2.3652	0.779	0.8712	1.2709	0.7805	1.0569	0.9722	2.596	2.0503	0.9386	0.9107	0.8903	1.8089	0.8032	1.0508	1.4925	0.771	1.1848
  S	1.0662	0.9522	0.8885	0.7701	0.7805	0.7722	1.9403	0.974	1.33	0.9021	0.8817	0.7932	0.7983	0.819	0.767	1.2846	0.9206	0.82	0	0.9308	0.8032	0.769	0.8025	0.7668	1.7461	1.0073	1.4836	0.7637	1.0304	0.9224	0.7989	0.8008	0.8373	0.7824	1.2058	1.0019	0.8028	0.7734	0.9729	0.7937	0.7731	1.2985	0.8013	0.7698	1.3015	0.7796	0.7943	0.8511	2.1081	0.8371	0.779	0.8463	0.7748	1.1918	0.7652	0.7942	3.9751	0.7736	1.107
  T	0.7677	2.1619	0.7874	0.7645	0.775	0.7673	0.7676	0.8211	1.0757	3.4291	0.8325	0.7658	0.7945	0.7686	0.7656	1.5303	0.9346	1.8062	0.9308	0	0.7655	0.838	1.1644	0.7659	0.8454	1.7929	1.0612	0.7607	0.7647	0.8531	0.767	0.7655	0.7672	0.7754	1.1856	0.761	0.7824	0.7816	0.7737	0.9797	0.7642	0.7704	0.7683	0.766	1.2575	0.7655	1.2965	0.8298	0.7772	0.7777	1.1662	2.2644	0.769	1.3578	1.1395	1.4084	0.7979	0.7824	0.9919
  U	2.0455	0.7778	0.7773	0.7648	2.6634	0.7759	1.0768	0.7679	0.8372	0.7728	0.7715	0.768	0.7706	1.4897	0.8289	1.0449	0.7665	0.7842	0.8032	0.7655	0	0.985	0.8549	0.7651	1.2032	2.0676	0.7692	0.7622	0.766	0.8324	0.7641	0.7686	0.7679	0.8214	0.7774	0.7617	0.7663	0.8176	1.2376	0.8362	0.7671	1.1715	0.7657	0.7849	0.7671	0.7678	0.7626	2.4395	0.8417	0.9111	0.7707	0.7653	0.784	0.9002	0.7636	0.7667	1.0175	0.8048	0.8573
  V	0.8031	0.8539	0.8293	0.7637	1.2056	1.1482	0.8121	0.7651	0.963	1.1661	1.0521	0.7659	0.7674	0.9071	1.0214	0.7713	0.8022	1.2098	0.769	0.838	0.985	0	0.7775	0.7636	0.8142	0.8454	0.8038	0.7615	0.7641	0.7989	0.7639	0.8684	0.8009	0.8048	0.7695	0.761	1.1246	0.7904	0.7753	0.7694	0.7645	1.1594	0.7653	0.7657	0.9679	0.7665	0.802	1.7136	0.777	1.51	0.8394	0.7679	0.7669	0.7945	0.7628	0.7666	1.1413	0.7976	0.8417
  W	1.18	1.5701	1.1752	1.1881	0.8465	1.0882	0.7726	0.9073	1.0572	1.5941	0.8788	1.1762	1.0989	0.7747	1.2923	1.0008	0.7904	1.8252	0.8025	1.1644	0.8549	0.7775	0	0.7717	0.9051	2.6718	0.7923	0.7637	0.7691	1.5774	2.5048	0.7687	0.9505	1.2455	0.7864	0.8768	1.1015	1.5801	1.3652	1.5749	0.7682	1.2961	3.1467	0.7867	2.4931	1.0076	0.768	0.8666	0.8767	1.7394	1.5169	1.1582	0.954	0.8	0.7667	0.7775	0.9106	0.7687	0.7798
  X	1.8541	0.7734	1.0925	0.7627	0.7798	0.7646	0.7655	1.7867	0.7666	1.1775	0.767	0.7636	0.7669	2.2864	0.7635	1.4894	0.762	1.5787	0.7668	0.7659	0.7651	0.7636	0.7717	0	0.8154	1.3646	0.765	1.1391	0.7629	1.1523	0.7623	0.7643	0.766	0.7767	1.5868	0.7613	0.7703	0.7671	0.7674	0.7654	0.7623	0.7725	0.7633	0.8235	0.7658	0.7635	0.762	0.7657	0.7787	0.779	1.3254	0.763	0.7645	2.5707	0.7609	0.7661	0.7732	0.762	0.7682
  Y	0.99	1.3499	0.8634	0.7766	2.5993	2.2642	2.0207	1.1211	0.79	0.9312	0.7956	2.2524	1.2854	0.8809	0.9606	1.6125	1.2292	2.9168	1.7461	0.8454	1.2032	0.8142	0.9051	0.8154	0	1.2566	1.3333	0.7703	1.891	3.1466	0.7785	0.7937	0.8845	1.9562	2.3904	0.768	1.6496	0.9155	1.2804	1.4783	0.7849	2.8038	0.7917	2.4089	0.7777	0.8151	0.7701	1.032	1.5599	4.4755	1.0407	0.7976	0.9722	0.966	1.2839	0.7835	3.3113	0.8491	1.6616
  Z	1.2316	1.7915	2.0892	0.9254	0.973	0.7787	0.7917	1.0117	1.5129	3.2015	1.4793	0.858	0.7782	0.7819	0.8539	1.1617	0.7868	1.6363	1.0073	1.7929	2.0676	0.8454	2.6718	1.3646	1.2566	0	1.4859	0.7661	0.7732	0.8206	1.3555	0.7732	1.0164	1.9344	0.9676	0.7652	0.7888	0.7944	0.999	1.1182	0.825	1.3051	0.801	0.7772	1.5141	0.8277	0.79	0.8907	2.0813	1.8201	1.0647	0.7944	0.7941	0.9382	0.7681	1.5131	1.1361	0.7854	1.4051
  [	0.7708	0.7837	0.7901	0.7736	0.7771	0.7696	0.7706	0.7673	1.0553	0.8636	0.8786	0.7696	0.7745	1.2705	0.7673	0.8131	0.866	0.7819	1.4836	1.0612	0.7692	0.8038	0.7923	0.765	1.3333	1.4859	0	0.7623	0.7662	0.7891	0.7652	0.768	0.767	1.1749	0.928	0.7625	0.8312	1.0895	0.7998	2.1433	0.799	0.8044	1.031	0.767	0.7737	0.7666	0.7739	1.1021	0.9893	1.0036	1.1485	0.7677	0.7708	1.3274	0.8427	0.7731	1.248	1.0759	1.0238
  \	0.7641	0.7677	0.7664	0.7662	0.7669	0.7632	0.7625	0.7609	0.7636	0.7664	0.7609	0.762	0.7628	0.7632	0.7607	0.7663	0.7605	0.7676	0.7637	0.7607	0.7622	0.7615	0.7637	1.1391	0.7703	0.7661	0.7623	0	0.7614	0.7645	0.7598	0.7618	0.7617	0.7663	0.7634	0.7586	0.7614	1.1449	0.8156	0.7634	0.7604	1.0642	0.7617	1.145	0.7615	0.8776	0.7597	1.534	0.9397	0.8343	0.9057	0.7607	0.7621	0.7758	0.7601	0.7626	0.8311	0.7611	0.7654
  ]	0.7762	1.0223	0.7842	0.7662	1.0007	0.9554	0.7688	1.0084	0.7675	1.57	0.7707	0.7689	0.9823	0.7775	0.7652	0.8067	0.7633	0.9963	1.0304	0.7647	0.766	0.7641	0.7691	0.7629	1.891	0.7732	0.7662	0.7614	0	0.7768	0.7637	0.7653	0.819	0.7761	0.7688	0.761	0.7658	0.7692	0.9161	0.7694	1.1343	2.161	0.8134	0.7679	0.7656	0.7737	0.7626	0.767	1.8058	0.7954	0.7751	0.7645	0.7706	1.3978	0.764	0.8578	0.9756	0.7638	0.7747
  ^	0.7984	0.7984	0.8192	0.7696	1.3077	1.3154	0.7788	0.8308	0.7743	1.2839	0.7706	0.7753	1.7187	1.083	0.7785	2.9518	0.8478	1.709	0.9224	0.8531	0.8324	0.7989	1.5774	1.1523	3.1466	0.8206	0.7891	0.7645	0.7768	0	0.7679	0.7717	0.7731	1.4435	0.9109	0.7644	1.4083	0.804	0.8817	0.7798	1.0575	1.8522	0.7762	1.261	0.7753	0.7801	0.766	0.789	1.4462	2.3533	1.0314	0.7711	0.995	2.5354	0.7684	0.7966	1.136	0.7689	0.7993
  _	0.8887	0.7804	0.772	0.7682	0.7695	0.765	0.8164	0.9994	0.7676	3.0994	0.7644	0.7633	0.7677	0.7655	0.7643	0.7696	0.7626	0.7811	0.7989	0.767	0.7641	0.7639	2.5048	0.7623	0.7785	1.3555	0.7652	0.7598	0.7637	0.7679	0	0.8111	0.7652	0.7695	0.7669	0.7606	1.0544	0.7663	0.7675	0.7653	0.7623	0.7722	1.4005	0.7635	1.7884	0.7649	0.7716	0.7668	0.8016	0.7789	0.775	0.7881	0.7661	0.872	0.7612	0.7668	0.8946	0.7624	0.7715
  `	0.8845	0.9247	1.3537	0.7639	0.7749	0.7674	0.7682	0.7665	0.825	0.7768	0.8034	0.7681	0.7684	0.7695	0.7649	0.9745	0.7664	0.7947	0.8008	0.7655	0.7686	0.8684	0.7687	0.7643	0.7937	0.7732	0.768	0.7618	0.7653	0.7717	0.8111	0	0.7661	0.772	0.9935	0.7616	0.816	0.7687	0.7704	0.9517	0.8735	1.2826	0.7658	0.7653	0.7675	0.7661	0.7712	2.6099	0.8764	1.5628	0.7716	0.7871	0.7669	1.8035	0.7628	0.7667	1.3407	1.1256	0.7729
  a	0.7712	1.022	0.7722	1.057	1.0404	0.7696	0.8093	0.7664	0.7716	1.4015	0.7744	0.768	0.7853	0.769	0.7651	0.9975	0.7641	1.172	0.8373	0.7672	0.7679	0.8009	0.9505	0.766	0.8845	1.0164	0.767	0.7617	0.819	0.7731	0.7652	0.7661	0	1.0698	0.7724	0.7618	0.766	0.7701	1.2486	0.7692	0.7661	1.5234	0.8032	0.7671	0.7688	0.7676	0.7641	0.8342	0.7837	1.6169	0.7764	1.0405	1.0489	1.2657	0.7633	1.1495	0.9842	0.7642	1.0589
  b	1.071	0.819	1.2505	1.0698	3.0446	1.5449	1.1882	0.774	1.075	1.1759	0.7745	1.2246	1.7601	0.9531	1.0469	1.1819	0.7746	2.2647	0.7824	0.7754	0.8214	0.8048	1.2455	0.7767	1.9562	1.9344	1.1749	0.7663	0.7761	1.4435	0.7695	0.772	1.0698	0	2.1304	0.7651	1.1109	0.7875	1.3978	0.7843	0.7895	2.8045	0.775	1.3454	0.8135	0.9461	0.7676	0.7809	1.3469	1.8565	1.1999	0.7911	0.7784	1.5363	0.8878	0.8178	1.5644	0.7698	1.1816
  c	1.1803	1.2104	1.1999	0.7667	1.3228	1.2455	0.9587	0.805	0.7768	1.7996	0.83	0.7708	0.874	1.3323	0.7693	0.8121	0.8403	1.9299	1.2058	1.1856	0.7774	0.7695	0.7864	1.5868	2.3904	0.9676	0.928	0.7634	0.7688	0.9109	0.7669	0.9935	0.7724	2.1304	0	0.7641	0.8365	0.7739	1.4041	0.7727	0.7956	0.7807	0.769	0.8002	0.7726	0.7694	0.7667	0.8808	0.7903	1.2327	0.8429	1.1443	0.7705	1.6886	0.7755	0.7716	1.5235	0.7674	0.7778
  d	0.7628	0.7673	0.7663	0.8282	0.7654	0.7629	0.7701	0.7651	0.7632	0.766	0.7682	0.7618	0.7637	0.763	0.7615	1.5216	0.7603	0.7661	1.0019	0.761	0.7617	0.761	0.8768	0.7613	0.768	0.7652	0.7625	0.7586	0.761	0.7644	0.7606	0.7616	0.7618	0.7651	0.7641	0	0.7616	0.7637	0.7642	0.7632	0.7605	0.7651	1.4161	1.0562	0.7619	0.7615	0.7599	0.7625	0.7694	0.7676	0.7662	0.7612	0.7632	1.1517	0.7602	0.762	0.9215	0.7606	0.7645
  e	0.768	1.3056	0.9395	0.7643	0.7762	1.1094	0.7688	1.0464	0.8144	0.9481	1.4857	0.7662	0.7691	0.8561	0.7657	0.7777	1.0676	0.9906	0.8028	0.7824	0.7663	1.1246	1.1015	0.7703	1.6496	0.7888	0.8312	0.7614	0.7658	1.4083	1.0544	0.816	0.766	1.1109	0.8365	0.7616	0	0.8818	1.0623	0.7686	0.7642	1.1594	0.7662	0.7669	0.9716	0.7658	0.7802	0.7706	0.8135	0.8608	0.8568	0.7888	0.8032	2.7206	0.7642	0.7679	1.0448	0.8245	0.7719
  f	0.7741	2.2467	1.0994	0.7689	1.3321	0.8711	1.0595	0.8675	1.1681	1.3613	0.7711	0.7707	0.7728	0.8511	0.7672	0.8857	1.1544	0.9251	0.7734	0.7816	0.8176	0.7904	1.5801	0.7671	0.9155	0.7944	1.0895	1.1449	0.7692	0.804	0.7663	0.7687	0.7701	0.7875	0.7739	0.7637	0.8818	0	0.8983	0.8251	0.7671	1.0083	0.8148	0.9235	0.8092	0.7863	0.8444	1.1624	1.2083	1.3208	1.4541	0.8143	1.6175	0.9199	1.7235	1.6001	0.8249	1.0592	0.7759
  g	1.8146	0.9564	0.8813	0.8156	2.9294	1.4983	1.1715	0.7701	1.6332	1.1766	0.7705	0.7731	0.8824	0.7753	0.8646	1.6005	0.7673	1.1042	0.9729	0.7737	1.2376	0.7753	1.3652	0.7674	1.2804	0.999	0.7998	0.8156	0.9161	0.8817	0.7675	0.7704	1.2486	1.3978	1.4041	0.7642	1.0623	0.8983	0	1.0068	0.7686	3.1121	0.8434	0.784	0.7715	0.8496	0.7656	0.8121	1.4727	0.954	0.8626	0.8357	0.7732	1.2606	0.7694	0.7745	1.5926	0.7736	0.793
  h	1.1573	1.4891	0.7801	0.8527	1.3059	0.8635	1.1574	0.7686	1.068	0.777	1.8146	0.8856	1.0205	0.7736	1.4592	1.3347	0.7874	1.5293	0.7937	0.9797	0.8362	0.7694	1.5749	0.7654	1.4783	1.1182	2.1433	0.7634	0.7694	0.7798	0.7653	0.9517	0.7692	0.7843	0.7727	0.7632	0.7686	0.8251	1.0068	0	0.7672	1.6578	0.7713	0.7695	1.5433	0.7718	0.7648	1.1152	1.6403	1.0776	0.7858	0.7679	1.022	0.9997	0.7657	1.0047	0.8304	0.7678	0.8867
  i	0.7733	1.0152	0.8253	0.763	1.3038	0.7681	0.7655	0.7647	0.7667	0.9424	0.7647	0.7652	0.7682	0.7676	0.7627	0.8522	0.763	0.7797	0.7731	0.7642	0.7671	0.7645	0.7682	0.7623	0.7849	0.825	0.799	0.7604	1.1343	1.0575	0.7623	0.8735	0.7661	0.7895	0.7956	0.7605	0.7642	0.7671	0.7686	0.7672	0	0.7877	0.8271	0.7683	0.7642	0.7653	0.7617	0.8849	0.9559	2.2972	0.7781	0.7634	1.1423	0.8745	0.7616	0.7661	0.7758	0.7629	1.2905
  j	1.9427	1.3029	1.5536	2.3193	1.2072	1.1035	0.9052	0.775	1.0138	0.9534	0.7757	1.8172	0.8767	0.7895	0.7741	1.2046	0.7801	2.3652	1.2985	0.7704	1.1715	1.1594	1.2961	0.7725	2.8038	1.3051	0.8044	1.0642	2.161	1.8522	0.7722	1.2826	1.5234	2.8045	0.7807	0.7651	1.1594	1.0083	3.1121	1.6578	0.7877	0	1.4179	0.7743	0.7784	1.7205	0.7681	1.5838	5.0395	1.6857	1.9598	0.772	1.0528	1.7979	1.1464	1.3127	2.0278	1.0537	1.3328
  k	0.7696	1.732	1.0176	1.2178	0.7735	1.1513	0.7739	0.7703	1.1488	2.4507	0.8921	0.7674	0.9471	0.7683	1.6141	1.2361	0.7643	0.779	0.8013	0.7683	0.7657	0.7653	3.1467	0.7633	0.7917	0.801	1.031	0.7617	0.8134	0.7762	1.4005	0.7658	0.8032	0.775	0.769	1.4161	0.7662	0.8148	0.8434	0.7713	0.8271	1.4179	0	0.9197	0.7749	0.7673	0.7643	0.7693	1.1478	0.7995	0.8941	0.7668	1.8766	0.8457	0.8333	0.7867	1.0146	0.7644	0.7988
  l	0.7711	1.0691	0.7803	0.7671	1.1313	1.0723	0.8081	0.7659	0.7682	0.9564	0.7652	1.1327	0.7733	0.9064	0.7651	2.7286	0.7642	0.8712	0.7698	0.766	0.7849	0.7657	0.7867	0.8235	2.4089	0.7772	0.767	1.145	0.7679	1.261	0.7635	0.7653	0.7671	1.3454	0.8002	1.0562	0.7669	0.9235	0.784	0.7695	0.7683	0.7743	0.9197	0	0.771	0.7664	0.7629	0.7738	0.7803	1.0664	0.7717	0.7656	0.7778	1.1312	1.3352	0.7674	0.9387	0.769	0.7724
  m	0.771	1.2094	1.0465	0.7678	0.7764	0.7675	0.7909	0.7711	1.1521	5.4809	0.772	0.767	0.7708	0.8759	1.338	0.8026	1.1359	1.2709	1.3015	1.2575	0.7671	0.9679	2.4931	0.7658	0.7777	1.5141	0.7737	0.7615	0.7656	0.7753	1.7884	0.7675	0.7688	0.8135	0.7726	0.7619	0.9716	0.8092	0.7715	1.5433	0.7642	0.7784	0.7749	0.771	0	0.9671	1.2077	1.1495	0.812	0.7805	0.9285	1.322	0.7699	2.3188	0.7634	0.8838	1.5571	0.7649	0.7727
  n	1.0239	1.0334	0.826	0.7741	1.4528	1.0285	0.9798	0.7704	0.771	1.1373	0.7657	0.9714	0.7787	0.7721	0.7647	1.1614	0.7643	0.7805	0.7796	0.7655	0.7678	0.7665	1.0076	0.7635	0.8151	0.8277	0.7666	0.8776	0.7737	0.7801	0.7649	0.7661	0.7676	0.9461	0.7694	0.7615	0.7658	0.7863	0.8496	0.7718	0.7653	1.7205	0.7673	0.7664	0.9671	0	0.7633	0.7809	1.4353	1.534	0.9642	0.7655	0.7681	0.8048	0.7634	0.8122	0.8564	0.8588	0.8396
  o	0.7645	0.7732	0.8539	0.7623	0.7685	0.7636	0.7646	0.7646	0.8191	3.5178	0.7631	0.7628	0.7647	0.7658	0.7633	0.7702	0.7705	1.0569	0.7943	1.2965	0.7626	0.802	0.768	0.762	0.7701	0.79	0.7739	0.7597	0.7626	0.766	0.7716	0.7712	0.7641	0.7676	0.7667	0.7599	0.7802	0.8444	0.7656	0.7648	0.7617	0.7681	0.7643	0.7629	1.2077	0.7633	0	0.7654	0.7974	0.7702	1.0335	1.0216	0.7645	1.5107	0.7615	0.7851	0.7926	0.7698	0.7732
  p	2.0104	1.4276	1.4088	0.7669	1.1765	0.771	0.7737	0.767	2.412	1.9641	1.8249	1.1439	0.7763	1.1596	0.8895	1.163	1.4375	0.9722	0.8511	0.8298	2.4395	1.7136	0.8666	0.7657	1.032	0.8907	1.1021	1.534	0.767	0.789	0.7668	2.6099	0.8342	0.7809	0.8808	0.7625	0.7706	1.1624	0.8121	1.1152	0.8849	1.5838	0.7693	0.7738	1.1495	0.7809	0.7654	0	1.1743	1.718	0.7822	0.7676	1.1542	1.1827	0.7649	0.769	1.9228	1.0749	0.794
  q	1.1603	0.8677	2.1925	1.2755	0.9889	1.5267	1.117	0.9774	0.796	0.8531	0.7794	0.9397	1.4963	1.7809	0.7836	1.1264	1.1424	2.596	2.1081	0.7772	0.8417	0.777	0.8767	0.7787	1.5599	2.0813	0.9893	0.9397	1.8058	1.4462	0.8016	0.8764	0.7837	1.3469	0.7903	0.7694	0.8135	1.2083	1.4727	1.6403	0.9559	5.0395	1.1478	0.7803	0.812	1.4353	0.7974	1.1743	0	2.1126	1.1978	0.8409	1.3227	3.0433	0.7727	2.8312	2.6212	0.7733	1.97
  r	1.486	1.4505	0.9494	0.7836	2.2308	1.67	1.0237	0.7867	1.1609	0.8846	0.8626	0.9384	1.2912	1.6157	0.7839	1.6679	1.1766	2.0503	0.8371	0.7777	0.9111	1.51	1.7394	0.779	4.4755	1.8201	1.0036	0.8343	0.7954	2.3533	0.7789	1.5628	1.6169	1.8565	1.2327	0.7676	0.8608	1.3208	0.954	1.0776	2.2972	1.6857	0.7995	1.0664	0.7805	1.534	0.7702	1.718	2.1126	0	1.2746	0.7756	1.9528	2.8636	0.7744	1.2914	2.7724	0.7753	3.178
  s	0.7749	1.2256	1.6493	0.8137	0.7858	0.7735	0.7757	0.9102	0.885	4.5639	0.7883	0.7799	0.8024	1.2103	0.7703	1.024	0.7841	0.9386	0.779	1.1662	0.7707	0.8394	1.5169	1.3254	1.0407	1.0647	1.1485	0.9057	0.7751	1.0314	0.775	0.7716	0.7764	1.1999	0.8429	0.7662	0.8568	1.4541	0.8626	0.7858	0.7781	1.9598	0.8941	0.7717	0.9285	0.9642	1.0335	0.7822	1.1978	1.2746	0	1.1654	1.0543	3.616	0.7678	1.6606	1.3444	0.7847	0.7866
  t	0.7674	0.8153	0.7734	0.764	0.8911	0.7662	0.8234	0.7669	0.773	3.8145	0.7652	0.7641	0.7686	0.7684	1.1495	1.4988	0.7696	0.9107	0.8463	2.2644	0.7653	0.7679	1.1582	0.763	0.7976	0.7944	0.7677	0.7607	0.7645	0.7711	0.7881	0.7871	1.0405	0.7911	1.1443	0.7612	0.7888	0.8143	0.8357	0.7679	0.7634	0.772	0.7668	0.7656	1.322	0.7655	1.0216	0.7676	0.8409	0.7756	1.1654	0	0.7714	0.8567	0.7652	0.9554	0.8744	0.7638	0.7704
  u	0.7697	0.904	0.7766	0.7712	0.8341	0.7709	0.7716	0.792	0.8001	1.3124	1.5037	1.0285	0.7751	0.7721	0.7813	1.2063	0.7663	0.8903	0.7748	0.769	0.784	0.7669	0.954	0.7645	0.9722	0.7941	0.7708	0.7621	0.7706	0.995	0.7661	0.7669	1.0489	0.7784	0.7705	0.7632	0.8032	1.6175	0.7732	1.022	1.1423	1.0528	1.8766	0.7778	0.7699	0.7681	0.7645	1.1542	1.3227	1.9528	1.0543	0.7714	0	1.7952	0.7781	0.8912	1.1301	0.7651	1.0736
  v	0.7869	3.0877	1.4927	1.0224	2.1408	0.784	1.0672	5.2483	1.5217	6.8762	2.27	1.555	1.409	3.9818	1.3164	5.7914	1.1902	1.8089	1.1918	1.3578	0.9002	0.7945	0.8	2.5707	0.966	0.9382	1.3274	0.7758	1.3978	2.5354	0.872	1.8035	1.2657	1.5363	1.6886	1.1517	2.7206	0.9199	1.2606	0.9997	0.8745	1.7979	0.8457	1.1312	2.3188	0.8048	1.5107	1.1827	3.0433	2.8636	3.616	0.8567	1.7952	0	0.7949	1.9533	1.759	1.1549	1.5585
  w	0.7697	1.0446	0.7674	0.7618	0.7725	0.8498	0.7648	0.7629	0.7658	0.7736	0.7626	0.772	1.0774	0.7648	0.7627	0.7709	0.7621	0.8032	0.7652	1.1395	0.7636	0.7628	0.7667	0.7609	1.2839	0.7681	0.8427	0.7601	0.764	0.7684	0.7612	0.7628	0.7633	0.8878	0.7755	0.7602	0.7642	1.7235	0.7694	0.7657	0.7616	1.1464	0.8333	1.3352	0.7634	0.7634	0.7615	0.7649	0.7727	0.7744	0.7678	0.7652	0.7781	0.7949	0	1.1491	1.1651	0.7631	0.7672
  x	0.7683	1.5434	1.0486	0.7676	0.7796	0.7702	0.7697	0.7727	0.7717	3.2072	0.7677	0.7711	1.0023	0.7872	0.8611	1.0657	0.7673	1.0508	0.7942	1.4084	0.7667	0.7666	0.7775	0.7661	0.7835	1.5131	0.7731	0.7626	0.8578	0.7966	0.7668	0.7667	1.1495	0.8178	0.7716	0.762	0.7679	1.6001	0.7745	1.0047	0.7661	1.3127	0.7867	0.7674	0.8838	0.8122	0.7851	0.769	2.8312	1.2914	1.6606	0.9554	0.8912	1.9533	1.1491	0	0.7862	0.7648	0.779
  y	1.5907	0.8122	0.8079	0.7821	2.4495	0.8258	1.4041	0.8021	1.18	1.9932	0.7986	0.7828	0.8919	1.506	0.778	0.9684	0.7951	1.4925	3.9751	0.7979	1.0175	1.1413	0.9106	0.7732	3.3113	1.1361	1.248	0.8311	0.9756	1.136	0.8946	1.3407	0.9842	1.5644	1.5235	0.9215	1.0448	0.8249	1.5926	0.8304	0.7758	2.0278	1.0146	0.9387	1.5571	0.8564	0.7926	1.9228	2.6212	2.7724	1.3444	0.8744	1.1301	1.759	1.1651	0.7862	0	0.7914	1.2693
  z	0.8647	1.0555	0.774	0.7631	0.8533	0.768	1.1527	0.7638	1.1455	0.7711	0.9211	0.7651	0.7653	0.766	0.7634	0.77	0.8249	0.771	0.7736	0.7824	0.8048	0.7976	0.7687	0.762	0.8491	0.7854	1.0759	0.7611	0.7638	0.7689	0.7624	1.1256	0.7642	0.7698	0.7674	0.7606	0.8245	1.0592	0.7736	0.7678	0.7629	1.0537	0.7644	0.769	0.7649	0.8588	0.7698	1.0749	0.7733	0.7753	0.7847	0.7638	0.7651	1.1549	0.7631	0.7648	0.7914	0	0.7685
  {	0.8154	0.8613	1.1373	0.7731	1.4432	0.7779	1.1308	1.0236	0.7789	1.7147	1.094	1.7515	0.776	1.004	0.769	0.888	1.1132	1.1848	1.107	0.9919	0.8573	0.8417	0.7798	0.7682	1.6616	1.4051	1.0238	0.7654	0.7747	0.7993	0.7715	0.7729	1.0589	1.1816	0.7778	0.7645	0.7719	0.7759	0.793	0.8867	1.2905	1.3328	0.7988	0.7724	0.7727	0.8396	0.7732	0.794	1.97	3.178	0.7866	0.7704	1.0736	1.5585	0.7672	0.779	1.2693	0.7685	0

Actual rates from j->i (Q_ij):
	A	B	C	D	E	F	G	H	I	J	K	L	M	N	O	P	Q	R	S	T	U	V	W	X	Y	Z	[	\	]	^	_	`	a	b	c	d	e	f	g	h	i	j	k	l	m	n	o	p	q	r	s	t	u	v	w	x	y	z	{
  A	0	0.0132	0.0205	0.013	0.0262	0.013	0.0288	0.0172	0.0362	0.015	0.0208	0.0135	0.0191	0.0131	0.0177	0.0132	0.013	0.0136	0.018	0.013	0.0345	0.0136	0.0199	0.0313	0.0167	0.0208	0.013	0.0129	0.0131	0.0135	0.015	0.0149	0.013	0.0181	0.0199	0.0129	0.013	0.0131	0.0306	0.0195	0.0131	0.0328	0.013	0.013	0.013	0.0173	0.0129	0.034	0.0196	0.0251	0.0131	0.013	0.013	0.0133	0.013	0.013	0.0269	0.0146	0.0138
  B	0.0144	0	0.0149	0.0214	0.023	0.0293	0.0148	0.0166	0.0212	0.0584	0.02	0.0181	0.0146	0.0166	0.0143	0.0309	0.0143	0.0488	0.0176	0.0399	0.0143	0.0157	0.029	0.0143	0.0249	0.033	0.0145	0.0142	0.0189	0.0147	0.0144	0.0171	0.0188	0.0151	0.0223	0.0141	0.0241	0.0414	0.0176	0.0275	0.0187	0.024	0.0319	0.0197	0.0223	0.0191	0.0143	0.0263	0.016	0.0267	0.0226	0.015	0.0167	0.0569	0.0193	0.0285	0.015	0.0195	0.0159
  C	0.0216	0.0143	0	0.0138	0.0201	0.0139	0.0138	0.0161	0.0144	0.0362	0.0147	0.0147	0.0138	0.0239	0.0137	0.0177	0.0183	0.0348	0.0158	0.014	0.0138	0.0147	0.0209	0.0194	0.0153	0.0371	0.014	0.0136	0.0139	0.0145	0.0137	0.024	0.0137	0.0222	0.0213	0.0136	0.0167	0.0195	0.0157	0.0139	0.0147	0.0276	0.0181	0.0139	0.0186	0.0147	0.0152	0.025	0.0389	0.0169	0.0293	0.0137	0.0138	0.0265	0.0136	0.0186	0.0143	0.0137	0.0202
  D	0.0137	0.0208	0.0139	0	0.0207	0.0137	0.0137	0.0137	0.0152	0.0149	0.0137	0.0193	0.0138	0.0137	0.0204	0.0139	0.0137	0.0221	0.0138	0.0137	0.0137	0.0137	0.0213	0.0137	0.0139	0.0166	0.0139	0.0137	0.0137	0.0138	0.0138	0.0137	0.0189	0.0192	0.0137	0.0148	0.0137	0.0138	0.0146	0.0153	0.0137	0.0415	0.0218	0.0137	0.0138	0.0139	0.0137	0.0137	0.0228	0.014	0.0146	0.0137	0.0138	0.0183	0.0136	0.0137	0.014	0.0137	0.0138
  E	0.0251	0.0202	0.0183	0.0187	0	0.0227	0.0128	0.0188	0.0196	0.0279	0.0191	0.0128	0.0233	0.0297	0.0127	0.015	0.0125	0.046	0.0126	0.0125	0.0431	0.0195	0.0137	0.0126	0.0421	0.0157	0.0126	0.0124	0.0162	0.0212	0.0125	0.0125	0.0168	0.0493	0.0214	0.0124	0.0126	0.0216	0.0474	0.0211	0.0211	0.0195	0.0125	0.0183	0.0126	0.0235	0.0124	0.019	0.016	0.0361	0.0127	0.0144	0.0135	0.0346	0.0125	0.0126	0.0396	0.0138	0.0234
  F	0.0137	0.0281	0.0138	0.0135	0.0247	0	0.0138	0.0136	0.0136	0.0139	0.0136	0.02	0.0217	0.0137	0.0136	0.0153	0.0135	0.0166	0.0136	0.0136	0.0137	0.0203	0.0192	0.0135	0.04	0.0138	0.0136	0.0135	0.0169	0.0232	0.0135	0.0136	0.0136	0.0273	0.022	0.0135	0.0196	0.0154	0.0265	0.0153	0.0136	0.0195	0.0203	0.0189	0.0136	0.0182	0.0135	0.0136	0.027	0.0295	0.0137	0.0135	0.0136	0.0139	0.015	0.0136	0.0146	0.0136	0.0137
  G	0.03	0.0141	0.0137	0.0135	0.0139	0.0137	0	0.0174	0.0479	0.015	0.019	0.0136	0.0136	0.0266	0.0135	0.0266	0.0135	0.0138	0.0342	0.0135	0.019	0.0143	0.0136	0.0135	0.0356	0.014	0.0136	0.0134	0.0135	0.0137	0.0144	0.0135	0.0143	0.0209	0.0169	0.0136	0.0135	0.0187	0.0206	0.0204	0.0135	0.016	0.0136	0.0142	0.0139	0.0173	0.0135	0.0136	0.0197	0.018	0.0137	0.0145	0.0136	0.0188	0.0135	0.0136	0.0247	0.0203	0.0199
  H	0.0166	0.0146	0.0148	0.0125	0.0189	0.0125	0.0161	0	0.0126	0.0374	0.0221	0.0125	0.0126	0.0265	0.0125	0.0263	0.0125	0.0191	0.0159	0.0134	0.0125	0.0125	0.0148	0.0291	0.0183	0.0165	0.0125	0.0124	0.0164	0.0135	0.0163	0.0125	0.0125	0.0126	0.0131	0.0125	0.0171	0.0141	0.0126	0.0125	0.0125	0.0126	0.0126	0.0125	0.0126	0.0126	0.0125	0.0125	0.0159	0.0128	0.0148	0.0125	0.0129	0.0855	0.0124	0.0126	0.0131	0.0125	0.0167
  I	0.0414	0.0222	0.0156	0.0164	0.0234	0.0149	0.0525	0.0149	0	0.0164	0.0358	0.0157	0.0156	0.0149	0.0151	0.016	0.0157	0.0179	0.0257	0.0208	0.0162	0.0186	0.0204	0.0148	0.0153	0.0292	0.0204	0.0147	0.0148	0.015	0.0148	0.0159	0.0149	0.0208	0.015	0.0147	0.0157	0.0226	0.0315	0.0206	0.0148	0.0196	0.0222	0.0148	0.0222	0.0149	0.0158	0.0466	0.0154	0.0224	0.0171	0.0149	0.0155	0.0294	0.0148	0.0149	0.0228	0.0221	0.015
  J	0.0088	0.0312	0.0201	0.0082	0.017	0.0077	0.0084	0.0226	0.0084	0	0.0116	0.0076	0.0085	0.0083	0.0077	0.0137	0.0113	0.0284	0.0089	0.0338	0.0076	0.0115	0.0157	0.0116	0.0092	0.0315	0.0085	0.0076	0.0155	0.0126	0.0305	0.0077	0.0138	0.0116	0.0177	0.0075	0.0093	0.0134	0.0116	0.0077	0.0093	0.0094	0.0241	0.0094	0.054	0.0112	0.0347	0.0193	0.0084	0.0087	0.045	0.0376	0.0129	0.0677	0.0076	0.0316	0.0196	0.0076	0.0169
  K	0.0218	0.0191	0.0146	0.0135	0.0208	0.0135	0.019	0.0239	0.0327	0.0207	0	0.0135	0.0136	0.0333	0.0237	0.0192	0.0135	0.0147	0.0156	0.0147	0.0136	0.0186	0.0155	0.0135	0.014	0.0261	0.0155	0.0134	0.0136	0.0136	0.0135	0.0142	0.0137	0.0137	0.0146	0.0136	0.0262	0.0136	0.0136	0.032	0.0135	0.0137	0.0157	0.0135	0.0136	0.0135	0.0135	0.0322	0.0137	0.0152	0.0139	0.0135	0.0265	0.04	0.0135	0.0135	0.0141	0.0162	0.0193
  L	0.0141	0.0174	0.0147	0.019	0.014	0.02	0.0136	0.0136	0.0144	0.0137	0.0136	0	0.0138	0.0136	0.0136	0.0206	0.0147	0.0183	0.014	0.0136	0.0136	0.0136	0.0208	0.0135	0.0399	0.0152	0.0136	0.0135	0.0136	0.0137	0.0135	0.0136	0.0136	0.0217	0.0136	0.0135	0.0136	0.0136	0.0137	0.0157	0.0135	0.0322	0.0136	0.02	0.0136	0.0172	0.0135	0.0202	0.0166	0.0166	0.0138	0.0135	0.0182	0.0275	0.0137	0.0136	0.0139	0.0135	0.031
  M	0.0199	0.0139	0.0137	0.0135	0.0254	0.0216	0.0136	0.0136	0.0142	0.0152	0.0135	0.0138	0	0.0136	0.0181	0.0488	0.0139	0.0219	0.0141	0.014	0.0136	0.0135	0.0193	0.0135	0.0226	0.0137	0.0136	0.0134	0.0173	0.0303	0.0135	0.0135	0.0138	0.031	0.0154	0.0134	0.0135	0.0136	0.0155	0.018	0.0135	0.0154	0.0167	0.0136	0.0136	0.0137	0.0135	0.0137	0.0263	0.0227	0.0141	0.0135	0.0136	0.0248	0.019	0.0176	0.0157	0.0135	0.0137
  N	0.0114	0.0132	0.0197	0.0112	0.0269	0.0114	0.0221	0.0238	0.0113	0.0123	0.0277	0.0113	0.0113	0	0.013	0.0165	0.0112	0.0303	0.012	0.0113	0.0218	0.0133	0.0114	0.0335	0.0129	0.0115	0.0186	0.0112	0.0114	0.0159	0.0112	0.0113	0.0113	0.014	0.0195	0.0112	0.0126	0.0125	0.0114	0.0113	0.0113	0.0116	0.0113	0.0133	0.0128	0.0113	0.0112	0.017	0.0261	0.0237	0.0177	0.0113	0.0113	0.0584	0.0112	0.0115	0.0221	0.0112	0.0147
  O	0.0197	0.0147	0.0146	0.0215	0.0148	0.0145	0.0145	0.0144	0.0148	0.0147	0.0254	0.0145	0.0194	0.0167	0	0.022	0.0145	0.016	0.0145	0.0144	0.0156	0.0193	0.0244	0.0144	0.0181	0.0161	0.0145	0.0144	0.0144	0.0147	0.0144	0.0144	0.0144	0.0198	0.0145	0.0144	0.0144	0.0145	0.0163	0.0275	0.0144	0.0146	0.0305	0.0144	0.0252	0.0144	0.0144	0.0168	0.0148	0.0148	0.0145	0.0217	0.0147	0.0248	0.0144	0.0162	0.0147	0.0144	0.0145
  P	0.0125	0.0268	0.0159	0.0124	0.0148	0.0138	0.0241	0.0258	0.0132	0.0223	0.0174	0.0186	0.0443	0.018	0.0186	0	0.0123	0.0264	0.0205	0.0244	0.0167	0.0123	0.016	0.0238	0.0258	0.0186	0.013	0.0122	0.0129	0.0471	0.0123	0.0156	0.0159	0.0189	0.013	0.0243	0.0124	0.0141	0.0256	0.0213	0.0136	0.0192	0.0197	0.0436	0.0128	0.0185	0.0123	0.0186	0.018	0.0266	0.0164	0.0239	0.0193	0.0925	0.0123	0.017	0.0155	0.0123	0.0142
  Q	0.0141	0.0142	0.019	0.014	0.0141	0.0141	0.0141	0.014	0.0149	0.0211	0.0141	0.0152	0.0145	0.0141	0.0141	0.0142	0	0.0142	0.0169	0.0172	0.0141	0.0147	0.0145	0.014	0.0226	0.0144	0.0159	0.014	0.014	0.0156	0.014	0.0141	0.014	0.0142	0.0154	0.014	0.0196	0.0212	0.0141	0.0145	0.014	0.0143	0.014	0.014	0.0209	0.014	0.0142	0.0264	0.021	0.0216	0.0144	0.0141	0.0141	0.0219	0.014	0.0141	0.0146	0.0151	0.0204
  R	0.0125	0.0411	0.0305	0.0192	0.0442	0.0146	0.0122	0.0182	0.0144	0.0448	0.013	0.0161	0.0194	0.0321	0.0132	0.0257	0.012	0	0.0128	0.0281	0.0122	0.0188	0.0284	0.0246	0.0454	0.0254	0.0122	0.0119	0.0155	0.0266	0.0121	0.0124	0.0182	0.0352	0.03	0.0119	0.0154	0.0144	0.0172	0.0238	0.0121	0.0368	0.0121	0.0135	0.0198	0.0121	0.0164	0.0151	0.0404	0.0319	0.0146	0.0142	0.0138	0.0281	0.0125	0.0163	0.0232	0.012	0.0184
  S	0.0181	0.0162	0.0151	0.0131	0.0133	0.0131	0.0329	0.0165	0.0226	0.0153	0.015	0.0135	0.0136	0.0139	0.013	0.0218	0.0156	0.0139	0	0.0158	0.0136	0.0131	0.0136	0.013	0.0296	0.0171	0.0252	0.013	0.0175	0.0157	0.0136	0.0136	0.0142	0.0133	0.0205	0.017	0.0136	0.0131	0.0165	0.0135	0.0131	0.022	0.0136	0.0131	0.0221	0.0132	0.0135	0.0145	0.0358	0.0142	0.0132	0.0144	0.0132	0.0202	0.013	0.0135	0.0675	0.0131	0.0188
  T	0.0119	0.0335	0.0122	0.0118	0.012	0.0119	0.0119	0.0127	0.0167	0.0531	0.0129	0.0119	0.0123	0.0119	0.0119	0.0237	0.0145	0.028	0.0144	0	0.0119	0.013	0.018	0.0119	0.0131	0.0278	0.0164	0.0118	0.0118	0.0132	0.0119	0.0119	0.0119	0.012	0.0184	0.0118	0.0121	0.0121	0.012	0.0152	0.0118	0.0119	0.0119	0.0119	0.0195	0.0119	0.0201	0.0128	0.012	0.012	0.0181	0.0351	0.0119	0.021	0.0176	0.0218	0.0124	0.0121	0.0154
  U	0.038	0.0144	0.0144	0.0142	0.0495	0.0144	0.02	0.0143	0.0155	0.0144	0.0143	0.0143	0.0143	0.0277	0.0154	0.0194	0.0142	0.0146	0.0149	0.0142	0	0.0183	0.0159	0.0142	0.0223	0.0384	0.0143	0.0142	0.0142	0.0155	0.0142	0.0143	0.0143	0.0153	0.0144	0.0141	0.0142	0.0152	0.023	0.0155	0.0142	0.0218	0.0142	0.0146	0.0142	0.0143	0.0142	0.0453	0.0156	0.0169	0.0143	0.0142	0.0146	0.0167	0.0142	0.0142	0.0189	0.0149	0.0159
  V	0.0152	0.0162	0.0157	0.0145	0.0229	0.0218	0.0154	0.0145	0.0183	0.0221	0.0199	0.0145	0.0145	0.0172	0.0194	0.0146	0.0152	0.0229	0.0146	0.0159	0.0187	0	0.0147	0.0145	0.0154	0.016	0.0152	0.0144	0.0145	0.0151	0.0145	0.0165	0.0152	0.0153	0.0146	0.0144	0.0213	0.015	0.0147	0.0146	0.0145	0.022	0.0145	0.0145	0.0183	0.0145	0.0152	0.0325	0.0147	0.0286	0.0159	0.0146	0.0145	0.0151	0.0145	0.0145	0.0216	0.0151	0.016
  W	0.0205	0.0272	0.0204	0.0206	0.0147	0.0189	0.0134	0.0157	0.0183	0.0277	0.0152	0.0204	0.0191	0.0134	0.0224	0.0174	0.0137	0.0317	0.0139	0.0202	0.0148	0.0135	0	0.0134	0.0157	0.0464	0.0137	0.0132	0.0133	0.0274	0.0435	0.0133	0.0165	0.0216	0.0136	0.0152	0.0191	0.0274	0.0237	0.0273	0.0133	0.0225	0.0546	0.0136	0.0433	0.0175	0.0133	0.015	0.0152	0.0302	0.0263	0.0201	0.0166	0.0139	0.0133	0.0135	0.0158	0.0133	0.0135
  X	0.0318	0.0133	0.0187	0.0131	0.0134	0.0131	0.0131	0.0306	0.0131	0.0202	0.0131	0.0131	0.0131	0.0392	0.0131	0.0255	0.0131	0.0271	0.0131	0.0131	0.0131	0.0131	0.0132	0	0.014	0.0234	0.0131	0.0195	0.0131	0.0197	0.0131	0.0131	0.0131	0.0133	0.0272	0.013	0.0132	0.0131	0.0132	0.0131	0.0131	0.0132	0.0131	0.0141	0.0131	0.0131	0.0131	0.0131	0.0133	0.0133	0.0227	0.0131	0.0131	0.0441	0.013	0.0131	0.0132	0.0131	0.0132
  Y	0.0163	0.0222	0.0142	0.0128	0.0427	0.0372	0.0332	0.0184	0.013	0.0153	0.0131	0.037	0.0211	0.0145	0.0158	0.0265	0.0202	0.0479	0.0287	0.0139	0.0198	0.0134	0.0149	0.0134	0	0.0206	0.0219	0.0127	0.0311	0.0517	0.0128	0.013	0.0145	0.0321	0.0393	0.0126	0.0271	0.015	0.021	0.0243	0.0129	0.0461	0.013	0.0396	0.0128	0.0134	0.0127	0.017	0.0256	0.0735	0.0171	0.0131	0.016	0.0159	0.0211	0.0129	0.0544	0.014	0.0273
  Z	0.0191	0.0278	0.0324	0.0144	0.0151	0.0121	0.0123	0.0157	0.0235	0.0497	0.023	0.0133	0.0121	0.0121	0.0133	0.018	0.0122	0.0254	0.0156	0.0278	0.0321	0.0131	0.0415	0.0212	0.0195	0	0.0231	0.0119	0.012	0.0127	0.0211	0.012	0.0158	0.03	0.015	0.0119	0.0123	0.0123	0.0155	0.0174	0.0128	0.0203	0.0124	0.0121	0.0235	0.0129	0.0123	0.0138	0.0323	0.0283	0.0165	0.0123	0.0123	0.0146	0.0119	0.0235	0.0176	0.0122	0.0218
  [	0.0146	0.0148	0.0149	0.0146	0.0147	0.0146	0.0146	0.0145	0.02	0.0163	0.0166	0.0146	0.0147	0.024	0.0145	0.0154	0.0164	0.0148	0.0281	0.0201	0.0146	0.0152	0.015	0.0145	0.0252	0.0281	0	0.0144	0.0145	0.0149	0.0145	0.0145	0.0145	0.0222	0.0176	0.0144	0.0157	0.0206	0.0151	0.0406	0.0151	0.0152	0.0195	0.0145	0.0146	0.0145	0.0146	0.0209	0.0187	0.019	0.0217	0.0145	0.0146	0.0251	0.0159	0.0146	0.0236	0.0204	0.0194
  \	0.0143	0.0144	0.0143	0.0143	0.0143	0.0143	0.0143	0.0142	0.0143	0.0143	0.0142	0.0143	0.0143	0.0143	0.0142	0.0143	0.0142	0.0144	0.0143	0.0142	0.0143	0.0142	0.0143	0.0213	0.0144	0.0143	0.0143	0	0.0142	0.0143	0.0142	0.0143	0.0143	0.0143	0.0143	0.0142	0.0142	0.0214	0.0153	0.0143	0.0142	0.0199	0.0143	0.0214	0.0142	0.0164	0.0142	0.0287	0.0176	0.0156	0.0169	0.0142	0.0143	0.0145	0.0142	0.0143	0.0156	0.0142	0.0143
  ]	0.0137	0.0181	0.0139	0.0135	0.0177	0.0169	0.0136	0.0178	0.0136	0.0277	0.0136	0.0136	0.0174	0.0137	0.0135	0.0143	0.0135	0.0176	0.0182	0.0135	0.0135	0.0135	0.0136	0.0135	0.0334	0.0137	0.0135	0.0135	0	0.0137	0.0135	0.0135	0.0145	0.0137	0.0136	0.0134	0.0135	0.0136	0.0162	0.0136	0.02	0.0382	0.0144	0.0136	0.0135	0.0137	0.0135	0.0136	0.0319	0.0141	0.0137	0.0135	0.0136	0.0247	0.0135	0.0152	0.0172	0.0135	0.0137
  ^	0.0126	0.0126	0.0129	0.0121	0.0206	0.0207	0.0123	0.0131	0.0122	0.0202	0.0121	0.0122	0.0271	0.0171	0.0123	0.0465	0.0134	0.0269	0.0145	0.0134	0.0131	0.0126	0.0249	0.0182	0.0496	0.0129	0.0124	0.0121	0.0122	0	0.0121	0.0122	0.0122	0.0228	0.0144	0.012	0.0222	0.0127	0.0139	0.0123	0.0167	0.0292	0.0122	0.0199	0.0122	0.0123	0.0121	0.0124	0.0228	0.0371	0.0163	0.0122	0.0157	0.04	0.0121	0.0126	0.0179	0.0121	0.0126
  _	0.0153	0.0135	0.0133	0.0133	0.0133	0.0132	0.0141	0.0172	0.0132	0.0535	0.0132	0.0132	0.0132	0.0132	0.0132	0.0133	0.0132	0.0135	0.0138	0.0132	0.0132	0.0132	0.0432	0.0131	0.0134	0.0234	0.0132	0.0131	0.0132	0.0132	0	0.014	0.0132	0.0133	0.0132	0.0131	0.0182	0.0132	0.0132	0.0132	0.0131	0.0133	0.0242	0.0132	0.0308	0.0132	0.0133	0.0132	0.0138	0.0134	0.0134	0.0136	0.0132	0.015	0.0131	0.0132	0.0154	0.0132	0.0133
  `	0.0159	0.0166	0.0243	0.0137	0.0139	0.0138	0.0138	0.0137	0.0148	0.0139	0.0144	0.0138	0.0138	0.0138	0.0137	0.0175	0.0137	0.0143	0.0144	0.0137	0.0138	0.0156	0.0138	0.0137	0.0142	0.0139	0.0138	0.0137	0.0137	0.0138	0.0145	0	0.0137	0.0138	0.0178	0.0137	0.0146	0.0138	0.0138	0.0171	0.0157	0.023	0.0137	0.0137	0.0138	0.0137	0.0138	0.0468	0.0157	0.028	0.0138	0.0141	0.0138	0.0324	0.0137	0.0138	0.024	0.0202	0.0139
  a	0.0137	0.0182	0.0137	0.0188	0.0185	0.0137	0.0144	0.0136	0.0137	0.0249	0.0138	0.0136	0.014	0.0137	0.0136	0.0177	0.0136	0.0208	0.0149	0.0136	0.0136	0.0142	0.0169	0.0136	0.0157	0.0181	0.0136	0.0135	0.0146	0.0137	0.0136	0.0136	0	0.019	0.0137	0.0135	0.0136	0.0137	0.0222	0.0137	0.0136	0.0271	0.0143	0.0136	0.0137	0.0136	0.0136	0.0148	0.0139	0.0287	0.0138	0.0185	0.0186	0.0225	0.0136	0.0204	0.0175	0.0136	0.0188
  b	0.019	0.0145	0.0222	0.019	0.054	0.0274	0.0211	0.0137	0.019	0.0208	0.0137	0.0217	0.0312	0.0169	0.0186	0.0209	0.0137	0.0401	0.0139	0.0137	0.0146	0.0143	0.0221	0.0138	0.0347	0.0343	0.0208	0.0136	0.0138	0.0256	0.0136	0.0137	0.019	0	0.0378	0.0136	0.0197	0.014	0.0248	0.0139	0.014	0.0497	0.0137	0.0238	0.0144	0.0168	0.0136	0.0138	0.0239	0.0329	0.0213	0.014	0.0138	0.0272	0.0157	0.0145	0.0277	0.0136	0.0209
