{
  "generated_by": {
    "program": "augur",
    "version": "7.0.2"
  },
  "models": {
    "country": {
      "alphabet": [
        "Australia",
        "Austria",
        "Belgium",
        "Brazil",
        "Canada",
        "China",
        "Czech Republic",
        "Democratic Republic of the Congo",
        "England",
        "Finland",
        "France",
        "Georgia",
        "Germany",
        "Hong Kong",
        "Iceland",
        "India",
        "Ireland",
        "Italy",
        "Japan",
        "Luxembourg",
        "Mexico",
        "Netherlands",
        "Norway",
        "Portugal",
        "Scotland",
        "Senegal",
        "Singapore",
        "South Korea",
        "Spain",
        "Switzerland",
        "Taiwan",
        "USA",
        "Wales",
        "?"
      ],
      "equilibrium_probabilities": [
        0.025053259501416198,
        0.03704540234015388,
        0.02865975559070164,
        0.033968742418269776,
        0.03340936024911553,
        0.024178938640541662,
        0.03548764064474327,
        0.035612370261749744,
        0.02406086322328165,
        0.03375651824459631,
        0.019493942877970197,
        0.036792100281966826,
        0.02963016192091908,
        0.033178686872693326,
        0.030151284294515624,
        0.033716834005631975,
        0.03574889820707594,
        0.026614070060377908,
        0.03220562749806546,
        0.02980665110013592,
        0.03557721753414675,
        0.0200537398828036,
        0.03189457003768171,
        0.02137107222237169,
        0.029310438301176064,
        0.03472719673979829,
        0.035186197550318786,
        0.035659290453650364,
        0.022354646258379518,
        0.02126390857079631,
        0.03453701548435198,
        0.027436446744121712,
        0.032057151986481285
      ],
      "rate": 209.53872923061692,
      "transition_matrix": [
        [
          0.0,
          0.7188986118675995,
          1.1917535914128057,
          0.6412403549064617,
          4.442350694103698,
          1.1615938511602808,
          0.6239613689518977,
          0.9039583008395918,
          6.938991833611877,
          1.1920635562549968,
          4.587529317082426,
          0.9331733977956647,
          1.6257062429530373,
          0.6676582180777059,
          2.308102854104532,
          2.0309667641024314,
          0.6253423410162828,
          0.9098969999562083,
          1.2317183600136594,
          1.251133479097975,
          0.9499080663794671,
          1.9129831531607469,
          1.2263415789045204,
          0.7304197190294708,
          2.4785380340569305,
          0.637041066524462,
          1.2415940619297585,
          0.7882370312582997,
          0.9857479426642144,
          1.348690252763014,
          2.0943860102498144,
          4.714419978858066,
          0.7155722959085643
        ],
        [
          0.7188986118675995,
          0.0,
          0.6980389824717174,
          0.6205089751624701,
          0.6389121418749647,
          0.6201037532357282,
          0.6204692928224232,
          0.6203753075010073,
          1.0034109065702763,
          0.8114404499826278,
          0.6377688620448576,
          0.6200922212058091,
          1.8272472013303593,
          0.6192760883770321,
          0.8611075182426546,
          0.6199028942974506,
          0.6205438942333938,
          0.6244154458688711,
          0.6203472155251831,
          1.163317687559621,
          0.6224387128240874,
          0.9101971030626835,
          0.7948098380187115,
          1.0018653161145454,
          1.3337358053850408,
          0.6211056181129246,
          0.6228811080419969,
          0.6190271163642557,
          1.7624577752840356,
          0.8965795015155056,
          0.9289607483661846,
          0.6237026575654694,
          0.6195836454962727
        ],
        [
          1.1917535914128057,
          0.6980389824717174,
          0.0,
          1.830931347604923,
          1.0235942859065246,
          0.9403894461278737,
          0.6750968378139103,
          1.8390559107397106,
          5.3829798716468975,
          0.6417622028813731,
          5.223759984348085,
          0.6354764626773726,
          1.2408468256833936,
          0.9153531046622669,
          1.8348865002025982,
          0.7447529339593723,
          0.8358166000217762,
          2.226295045440059,
          0.637431359108036,
          2.6804166851157047,
          0.6280244799628237,
          5.369234013009917,
          0.8463645337345508,
          2.3040815872469627,
          1.5831603727706876,
          0.8971963780217023,
          0.6254951493110718,
          0.6192783689092825,
          1.2861096160904757,
          2.7522145334761903,
          0.9691816801661407,
          0.8791813900274065,
          0.6267709629580074
        ],
        [
          0.6412403549064617,
          0.6205089751624701,
          1.830931347604923,
          0.0,
          0.6263827383796833,
          0.6179591371754721,
          0.6197947812461923,
          0.6203427515742974,
          1.6140734072074305,
          0.6212467295855372,
          0.7955982645277102,
          0.6195252509217025,
          0.6378338996348352,
          0.6206050427122011,
          0.6252311402930355,
          0.6236324275466943,
          0.6200620158063032,
          0.9487433066476744,
          0.6193267200275882,
          0.6314978340896791,
          0.6200488241483871,
          1.5109225314561332,
          0.6219465757957054,
          0.6336947571718674,
          0.6721808355577611,
          0.6203306806098384,
          0.6199364079696802,
          0.6184266876722488,
          1.0541327253546802,
          1.4077842571268004,
          0.621721417227497,
          0.6233076858619109,
          0.6223383721750445
        ],
        [
          4.442350694103698,
          0.6389121418749647,
          1.0235942859065246,
          0.6263827383796833,
          0.0,
          1.1145497929033197,
          0.6260201656019914,
          1.336243996044223,
          1.8700124425471085,
          1.1512947607307036,
          3.2637371393228554,
          0.6817712435649349,
          1.4662642233016465,
          0.6307012095199156,
          0.9640110314134972,
          1.1302047210256376,
          0.8818375192699435,
          0.6463944203758923,
          1.80140326709607,
          3.245692695355466,
          1.2578951611667406,
          1.0098863863767262,
          1.142354850080642,
          1.8337852428773702,
          0.9219918541060333,
          0.6290887344445107,
          0.8142412869716628,
          0.6204351540458112,
          0.8652410391615198,
          1.6747330217134873,
          2.0797375134054015,
          6.697843870922254,
          0.6253426752649198
        ],
        [
          1.1615938511602808,
          0.6201037532357282,
          0.9403894461278737,
          0.6179591371754721,
          1.1145497929033197,
          0.0,
          0.6187197779600019,
          0.6180530332469996,
          1.225000042051382,
          0.9324746699965112,
          0.6938409951255863,
          0.6177088590102777,
          1.4762424728634072,
          2.816907407758714,
          0.7748181973001845,
          0.9293156882812693,
          0.6204916716909992,
          0.620913692691235,
          2.4869181012720447,
          0.623159789234933,
          0.6198959171424692,
          0.9075479507413423,
          0.6211875082729204,
          0.6261067076933607,
          2.072441403001934,
          0.7115758339977787,
          2.939271054690006,
          3.493363352424456,
          1.5770961339140366,
          0.6205818288334009,
          1.857113286600079,
          1.561205952115296,
          0.6176544062669675
        ],
        [
          0.6239613689518977,
          0.6204692928224232,
          0.6750968378139103,
          0.6197947812461923,
          0.6260201656019914,
          0.6187197779600019,
          0.0,
          0.6194897591637121,
          0.9812940331564918,
          0.621197651018571,
          0.9503392271891098,
          0.6190296073999705,
          0.6221831469338944,
          0.6187682106296253,
          0.7977274628760276,
          0.6206833735751741,
          0.620012471125202,
          1.4137326621318962,
          0.6199340009020334,
          0.62274161499759,
          0.619869792031908,
          1.2323017928431546,
          0.6223531582036204,
          0.7958717543221365,
          0.8415798691908855,
          0.6202029949114625,
          0.6204761400706273,
          0.6184915856776715,
          0.8201280558332391,
          0.9358229265654945,
          0.6202829806366414,
          0.6214965899885287,
          0.6191691844850195
        ],
        [
          0.9039583008395918,
          0.6203753075010073,
          1.8390559107397106,
          0.6203427515742974,
          1.336243996044223,
          0.6180530332469996,
          0.6194897591637121,
          0.0,
          0.7200773872944496,
          0.6217183684239758,
          2.5065011419344168,
          0.6194672558835803,
          0.6229513026326627,
          0.6191456075854134,
          0.6807272226839858,
          0.6196653392187913,
          0.6206965766153524,
          0.6234834614954194,
          0.6195895572871359,
          0.7460916153101699,
          0.6197895229690029,
          0.8697524457906338,
          0.931869945027529,
          0.7661131348371932,
          0.6264550643703298,
          0.6208254906561209,
          0.620822196110075,
          0.6184609980442763,
          0.6222800545343361,
          0.9355749629609873,
          0.6593846192042493,
          0.6261753770978231,
          0.6189410181195841
        ],
        [
          6.938991833611877,
          1.0034109065702763,
          5.3829798716468975,
          1.6140734072074305,
          1.8700124425471085,
          1.225000042051382,
          0.9812940331564918,
          0.7200773872944496,
          0.0,
          1.835572702428301,
          2.817405484291065,
          0.6296356926202343,
          2.797921403707113,
          0.6270881067897242,
          5.066091487303889,
          0.6953511281656364,
          0.9889407457983834,
          3.652118407501688,
          2.1254893921297406,
          1.3472622842511575,
          0.9213481878149946,
          8.418544093919815,
          1.106555756984766,
          9.173690544568897,
          5.645765069210041,
          0.6951504524933968,
          0.6431067514339212,
          0.6182083971028408,
          3.509532294547622,
          2.9565938378622,
          2.156683383885367,
          3.450794338188199,
          2.213945581543656
        ],
        [
          1.1920635562549968,
          0.8114404499826278,
          0.6417622028813731,
          0.6212467295855372,
          1.1512947607307036,
          0.9324746699965112,
          0.621197651018571,
          0.6217183684239758,
          1.835572702428301,
          0.0,
          1.580188602843594,
          0.6207405103636201,
          1.0791022762544007,
          0.6207890871514632,
          0.8114952920321994,
          0.6211899215509029,
          0.6219119339749719,
          0.8243675671105761,
          0.7912603346144855,
          1.0524439675540247,
          0.6218465029929069,
          2.004316062477979,
          1.7494466980752268,
          0.7756689143771907,
          1.4451955487744559,
          0.6223871297959692,
          0.7597469956335732,
          0.6197803811267987,
          1.1375873515054737,
          0.6278225786540085,
          0.9316688337691083,
          0.650429335622015,
          0.620220013588771
        ],
        [
          4.587529317082426,
          0.6377688620448576,
          5.223759984348085,
          0.7955982645277102,
          3.2637371393228554,
          0.6938409951255863,
          0.9503392271891098,
          2.5065011419344168,
          2.817405484291065,
          1.580188602843594,
          0.0,
          0.9455889239634442,
          1.1663360325213932,
          0.7975449800305492,
          1.7491180304985292,
          1.2681819325455688,
          0.6242265550827936,
          1.1595981997566867,
          1.0701524974463463,
          5.546714823175464,
          0.625253792869341,
          1.540447451793588,
          1.5869010195323492,
          1.867062973174074,
          1.8165261657019678,
          2.4718029070469556,
          0.858881015972294,
          0.6191580424152875,
          1.5000936474560302,
          1.0066425996520172,
          2.825178779369839,
          5.560911304618212,
          0.6201866969329749
        ],
        [
          0.9331733977956647,
          0.6200922212058091,
          0.6354764626773726,
          0.6195252509217025,
          0.6817712435649349,
          0.6177088590102777,
          0.6190296073999705,
          0.6194672558835803,
          0.6296356926202343,
          0.6207405103636201,
          0.9455889239634442,
          0.0,
          0.6212297714802777,
          0.6184892785513556,
          0.6213954478835825,
          0.9288348708864844,
          0.6196462956169596,
          0.6227599476130014,
          0.6187119323229334,
          0.6233664808176393,
          0.6199682949872625,
          0.9409121652260408,
          0.9279498727534967,
          1.1916866331476583,
          0.6351152673418003,
          0.6198795192345542,
          0.6200824616188576,
          0.6183560228443045,
          1.2538919099665315,
          0.620967379784603,
          0.620219537129285,
          0.9190756983214676,
          0.6186380754665175
        ],
        [
          1.6257062429530373,
          1.8272472013303593,
          1.2408468256833936,
          0.6378338996348352,
          1.4662642233016465,
          1.4762424728634072,
          0.6221831469338944,
          0.6229513026326627,
          2.797921403707113,
          1.0791022762544007,
          1.1663360325213932,
          0.6212297714802777,
          0.0,
          0.622487285824891,
          1.61306574795251,
          0.6205990912186627,
          0.6246199935942932,
          0.6303789393047406,
          0.7870538771888884,
          1.1980830739339674,
          0.6838388026467674,
          2.808639781838666,
          0.6281415056414528,
          1.7518100091207602,
          1.7058220446789476,
          0.9385002233200155,
          1.4190239507942664,
          0.6234311010493682,
          0.8561108881576808,
          0.736916703747538,
          0.7055335506129043,
          3.568084760225039,
          0.6333523702628734
        ],
        [
          0.6676582180777059,
          0.6192760883770321,
          0.9153531046622669,
          0.6206050427122011,
          0.6307012095199156,
          2.816907407758714,
          0.6187682106296253,
          0.6191456075854134,
          0.6270881067897242,
          0.6207890871514632,
          0.7975449800305492,
          0.6184892785513556,
          0.622487285824891,
          0.0,
          0.6228943344885051,
          0.6187477442974859,
          0.6194717556198186,
          0.6202760462697899,
          1.2938664300199085,
          0.6210306036366083,
          0.6189653254159383,
          0.6244944156900394,
          0.6206426588742446,
          0.6200785870692466,
          0.9560137745614335,
          0.6205672980366052,
          2.185490292070292,
          1.5321416869386895,
          0.6192052508516616,
          0.6194443208145033,
          1.231106225238026,
          0.6233968075432792,
          0.6183147874025164
        ],
        [
          2.308102854104532,
          0.8611075182426546,
          1.8348865002025982,
          0.6252311402930355,
          0.9640110314134972,
          0.7748181973001845,
          0.7977274628760276,
          0.6807272226839858,
          5.066091487303889,
          0.8114952920321994,
          1.7491180304985292,
          0.6213954478835825,
          1.61306574795251,
          0.6228943344885051,
          0.0,
          0.6246627956277516,
          0.6327686693586894,
          0.7252078914276402,
          0.7762265145865795,
          0.9816773891221169,
          0.624800599027559,
          4.9001189847687785,
          1.544350181975505,
          0.9021634215486405,
          1.4772043876815861,
          0.6249042569888028,
          1.0355097329908898,
          0.6205180620337821,
          1.2378075192041895,
          1.0881992169935273,
          1.2506146276061172,
          1.054083447244552,
          0.7977462933539688
        ],
        [
          2.0309667641024314,
          0.6199028942974506,
          0.7447529339593723,
          0.6236324275466943,
          1.1302047210256376,
          0.9293156882812693,
          0.6206833735751741,
          0.6196653392187913,
          0.6953511281656364,
          0.6211899215509029,
          1.2681819325455688,
          0.9288348708864844,
          0.6205990912186627,
          0.6187477442974859,
          0.6246627956277516,
          0.0,
          0.6198374882498886,
          0.9815988844849889,
          0.6187822144322156,
          0.6440265148899212,
          0.6196661728086044,
          0.6342108909051141,
          0.8393989231988938,
          0.6225595519576742,
          0.6371304207146616,
          0.6199379770435632,
          0.6201940535657922,
          0.6185605656250186,
          0.9818914841333658,
          1.1100158186696094,
          0.6210007041370437,
          0.6224629629460579,
          0.6186202298784276
        ],
        [
          0.6253423410162828,
          0.6205438942333938,
          0.8358166000217762,
          0.6200620158063032,
          0.8818375192699435,
          0.6204916716909992,
          0.620012471125202,
          0.6206965766153524,
          0.9889407457983834,
          0.6219119339749719,
          0.6242265550827936,
          0.6196462956169596,
          0.6246199935942932,
          0.6194717556198186,
          0.6327686693586894,
          0.6198374882498886,
          0.0,
          1.38058248198274,
          0.6218860878161115,
          0.6247000273421074,
          0.6204391763388376,
          1.6056998010829646,
          0.6224618313402112,
          1.1797045699685795,
          0.6338039161793706,
          0.6245884990386288,
          0.8093482651955969,
          0.6191822991554937,
          0.63308176513649,
          0.6257688100155723,
          0.621535861988266,
          0.6237483876415553,
          0.6192466625743588
        ],
        [
          0.9098969999562083,
          0.6244154458688711,
          2.226295045440059,
          0.9487433066476744,
          0.6463944203758923,
          0.620913692691235,
          1.4137326621318962,
          0.6234834614954194,
          3.652118407501688,
          0.8243675671105761,
          1.1595981997566867,
          0.6227599476130014,
          0.6303789393047406,
          0.6202760462697899,
          0.7252078914276402,
          0.9815988844849889,
          1.38058248198274,
          0.0,
          1.0896133380380333,
          2.1915460947438525,
          0.6233205042233759,
          2.6665825621998085,
          1.0639666616300938,
          1.0879437729098034,
          1.0989400300615824,
          1.1156897022266241,
          0.6225011256415411,
          0.6195472260575433,
          1.3323944749120253,
          0.8604390063891972,
          0.6285825945044755,
          0.798319441804674,
          0.6215333884075459
        ],
        [
          1.2317183600136594,
          0.6203472155251831,
          0.637431359108036,
          0.6193267200275882,
          1.80140326709607,
          2.4869181012720447,
          0.6199340009020334,
          0.6195895572871359,
          2.1254893921297406,
          0.7912603346144855,
          1.0701524974463463,
          0.6187119323229334,
          0.7870538771888884,
          1.2938664300199085,
          0.7762265145865795,
          0.6187822144322156,
          0.6218860878161115,
          1.0896133380380333,
          0.0,
          0.6255276898067846,
          0.6192794643930305,
          1.1853834032085098,
          0.6223993167165471,
          1.2423651769979216,
          0.8604524182909948,
          0.6209116830309845,
          1.5742405287653958,
          0.6202277935266854,
          0.6227052259411344,
          0.6227030692185803,
          0.8679184677105125,
          0.7994689160399455,
          0.619103614567048
        ],
        [
          1.251133479097975,
          1.163317687559621,
          2.6804166851157047,
          0.6314978340896791,
          3.245692695355466,
          0.623159789234933,
          0.62274161499759,
          0.7460916153101699,
          1.3472622842511575,
          1.0524439675540247,
          5.546714823175464,
          0.6233664808176393,
          1.1980830739339674,
          0.6210306036366083,
          0.9816773891221169,
          0.6440265148899212,
          0.6247000273421074,
          2.1915460947438525,
          0.6255276898067846,
          0.0,
          0.7376824885201887,
          1.1652391724015552,
          0.8385896152737098,
          1.2718710365976391,
          0.8339971999673194,
          0.7172026980074829,
          0.6275333051317505,
          0.6193571507728255,
          1.4943520745103096,
          1.0812670968756264,
          1.1691606548396716,
          1.6156994349111085,
          0.620907712091479
        ],
        [
          0.9499080663794671,
          0.6224387128240874,
          0.6280244799628237,
          0.6200488241483871,
          1.2578951611667406,
          0.6198959171424692,
          0.619869792031908,
          0.6197895229690029,
          0.9213481878149946,
          0.6218465029929069,
          0.625253792869341,
          0.6199682949872625,
          0.6838388026467674,
          0.6189653254159383,
          0.624800599027559,
          0.6196661728086044,
          0.6204391763388376,
          0.6233205042233759,
          0.6192794643930305,
          0.7376824885201887,
          0.0,
          0.6324475453147117,
          0.6223691403927112,
          1.1188657475705217,
          0.8360872686198505,
          0.852760398382041,
          0.6210646231167669,
          0.6188639254594603,
          1.7961445392662687,
          0.8313370369872249,
          0.6212869482239914,
          0.6530956445588311,
          0.6193876442043853
        ],
        [
          1.9129831531607469,
          0.9101971030626835,
          5.369234013009917,
          1.5109225314561332,
          1.0098863863767262,
          0.9075479507413423,
          1.2323017928431546,
          0.8697524457906338,
          8.418544093919815,
          2.004316062477979,
          1.540447451793588,
          0.9409121652260408,
          2.808639781838666,
          0.6244944156900394,
          4.9001189847687785,
          0.6342108909051141,
          1.6056998010829646,
          2.6665825621998085,
          1.1853834032085098,
          1.1652391724015552,
          0.6324475453147117,
          0.0,
          0.6849870430575443,
          3.0511394720611995,
          6.2572610381206895,
          1.0145063783228685,
          0.6300197758611061,
          0.6185348054120928,
          1.4808304915526902,
          2.1540690406257523,
          1.209507050750859,
          0.8144664072274345,
          0.6722382805294038
        ],
        [
          1.2263415789045204,
          0.7948098380187115,
          0.8463645337345508,
          0.6219465757957054,
          1.142354850080642,
          0.6211875082729204,
          0.6223531582036204,
          0.931869945027529,
          1.106555756984766,
          1.7494466980752268,
          1.5869010195323492,
          0.9279498727534967,
          0.6281415056414528,
          0.6206426588742446,
          1.544350181975505,
          0.8393989231988938,
          0.6224618313402112,
          1.0639666616300938,
          0.6223993167165471,
          0.8385896152737098,
          0.6223691403927112,
          0.6849870430575443,
          0.0,
          0.9641648435967222,
          1.3252374483518208,
          0.6224406033343403,
          0.6942610808171986,
          0.6198589333103335,
          1.1528719428772125,
          1.121694172436701,
          0.6249151965406323,
          0.6465983758532511,
          0.6204838741328532
        ],
        [
          0.7304197190294708,
          1.0018653161145454,
          2.3040815872469627,
          0.6336947571718674,
          1.8337852428773702,
          0.6261067076933607,
          0.7958717543221365,
          0.7661131348371932,
          9.173690544568897,
          0.7756689143771907,
          1.867062973174074,
          1.1916866331476583,
          1.7518100091207602,
          0.6200785870692466,
          0.9021634215486405,
          0.6225595519576742,
          1.1797045699685795,
          1.0879437729098034,
          1.2423651769979216,
          1.2718710365976391,
          1.1188657475705217,
          3.0511394720611995,
          0.9641648435967222,
          0.0,
          1.7750864969813351,
          0.8032914201350932,
          0.9365494724089968,
          0.6186765637906304,
          4.052537525225085,
          1.3668231273822409,
          0.913006393777251,
          0.7335086897851638,
          0.6222971921989409
        ],
        [
          2.4785380340569305,
          1.3337358053850408,
          1.5831603727706876,
          0.6721808355577611,
          0.9219918541060333,
          2.072441403001934,
          0.8415798691908855,
          0.6264550643703298,
          5.645765069210041,
          1.4451955487744559,
          1.8165261657019678,
          0.6351152673418003,
          1.7058220446789476,
          0.9560137745614335,
          1.4772043876815861,
          0.6371304207146616,
          0.6338039161793706,
          1.0989400300615824,
          0.8604524182909948,
          0.8339971999673194,
          0.8360872686198505,
          6.2572610381206895,
          1.3252374483518208,
          1.7750864969813351,
          0.0,
          0.6413069276130418,
          1.16687100951273,
          0.6299942577450912,
          2.062859689593482,
          0.7888408736180258,
          0.6346826984947413,
          1.3414075369959453,
          0.6233997943436363
        ],
        [
          0.637041066524462,
          0.6211056181129246,
          0.8971963780217023,
          0.6203306806098384,
          0.6290887344445107,
          0.7115758339977787,
          0.6202029949114625,
          0.6208254906561209,
          0.6951504524933968,
          0.6223871297959692,
          2.4718029070469556,
          0.6198795192345542,
          0.9385002233200155,
          0.6205672980366052,
          0.6249042569888028,
          0.6199379770435632,
          0.6245884990386288,
          1.1156897022266241,
          0.6209116830309845,
          0.7172026980074829,
          0.852760398382041,
          1.0145063783228685,
          0.6224406033343403,
          0.8032914201350932,
          0.6413069276130418,
          0.0,
          0.6946504192770138,
          0.6198382634970266,
          0.6717551177190447,
          0.6227342058285451,
          0.6223440802320951,
          0.8600310692301231,
          0.6193012761971063
        ],
        [
          1.2415940619297585,
          0.6228811080419969,
          0.6254951493110718,
          0.6199364079696802,
          0.8142412869716628,
          2.939271054690006,
          0.6204761400706273,
          0.620822196110075,
          0.6431067514339212,
          0.7597469956335732,
          0.858881015972294,
          0.6200824616188576,
          1.4190239507942664,
          2.185490292070292,
          1.0355097329908898,
          0.6201940535657922,
          0.8093482651955969,
          0.6225011256415411,
          1.5742405287653958,
          0.6275333051317505,
          0.6210646231167669,
          0.6300197758611061,
          0.6942610808171986,
          0.9365494724089968,
          1.16687100951273,
          0.6946504192770138,
          0.0,
          0.8984411198339818,
          0.6222380405432463,
          0.6215258787372205,
          0.6348878128591096,
          0.7236425401301732,
          0.6196955690712672
        ],
        [
          0.7882370312582997,
          0.6190271163642557,
          0.6192783689092825,
          0.6184266876722488,
          0.6204351540458112,
          3.493363352424456,
          0.6184915856776715,
          0.6184609980442763,
          0.6182083971028408,
          0.6197803811267987,
          0.6191580424152875,
          0.6183560228443045,
          0.6234311010493682,
          1.5321416869386895,
          0.6205180620337821,
          0.6185605656250186,
          0.6191822991554937,
          0.6195472260575433,
          0.6202277935266854,
          0.6193571507728255,
          0.6188639254594603,
          0.6185348054120928,
          0.6198589333103335,
          0.6186765637906304,
          0.6299942577450912,
          0.6198382634970266,
          0.8984411198339818,
          0.0,
          0.6181292769530459,
          0.619015856617515,
          0.6239513564660536,
          0.6203566317313743,
          0.6182992367736478
        ],
        [
          0.9857479426642144,
          1.7624577752840356,
          1.2861096160904757,
          1.0541327253546802,
          0.8652410391615198,
          1.5770961339140366,
          0.8201280558332391,
          0.6222800545343361,
          3.509532294547622,
          1.1375873515054737,
          1.5000936474560302,
          1.2538919099665315,
          0.8561108881576808,
          0.6192052508516616,
          1.2378075192041895,
          0.9818914841333658,
          0.63308176513649,
          1.3323944749120253,
          0.6227052259411344,
          1.4943520745103096,
          1.7961445392662687,
          1.4808304915526902,
          1.1528719428772125,
          4.052537525225085,
          2.062859689593482,
          0.6717551177190447,
          0.6222380405432463,
          0.6181292769530459,
          0.0,
          1.945676297925831,
          1.2559294920640507,
          1.0154183388999865,
          0.6190056038164783
        ],
        [
          1.348690252763014,
          0.8965795015155056,
          2.7522145334761903,
          1.4077842571268004,
          1.6747330217134873,
          0.6205818288334009,
          0.9358229265654945,
          0.9355749629609873,
          2.9565938378622,
          0.6278225786540085,
          1.0066425996520172,
          0.620967379784603,
          0.736916703747538,
          0.6194443208145033,
          1.0881992169935273,
          1.1100158186696094,
          0.6257688100155723,
          0.8604390063891972,
          0.6227030692185803,
          1.0812670968756264,
          0.8313370369872249,
          2.1540690406257523,
          1.121694172436701,
          1.3668231273822409,
          0.7888408736180258,
          0.6227342058285451,
          0.6215258787372205,
          0.619015856617515,
          1.945676297925831,
          0.0,
          0.6972978610243302,
          1.2636605989880743,
          0.9329363982400496
        ],
        [
          2.0943860102498144,
          0.9289607483661846,
          0.9691816801661407,
          0.621721417227497,
          2.0797375134054015,
          1.857113286600079,
          0.6202829806366414,
          0.6593846192042493,
          2.156683383885367,
          0.9316688337691083,
          2.825178779369839,
          0.620219537129285,
          0.7055335506129043,
          1.231106225238026,
          1.2506146276061172,
          0.6210007041370437,
          0.621535861988266,
          0.6285825945044755,
          0.8679184677105125,
          1.1691606548396716,
          0.6212869482239914,
          1.209507050750859,
          0.6249151965406323,
          0.913006393777251,
          0.6346826984947413,
          0.6223440802320951,
          0.6348878128591096,
          0.6239513564660536,
          1.2559294920640507,
          0.6972978610243302,
          0.0,
          0.9767876111459377,
          0.6222007137278602
        ],
        [
          4.714419978858066,
          0.6237026575654694,
          0.8791813900274065,
          0.6233076858619109,
          6.697843870922254,
          1.561205952115296,
          0.6214965899885287,
          0.6261753770978231,
          3.450794338188199,
          0.650429335622015,
          5.560911304618212,
          0.9190756983214676,
          3.568084760225039,
          0.6233968075432792,
          1.054083447244552,
          0.6224629629460579,
          0.6237483876415553,
          0.798319441804674,
          0.7994689160399455,
          1.6156994349111085,
          0.6530956445588311,
          0.8144664072274345,
          0.6465983758532511,
          0.7335086897851638,
          1.3414075369959453,
          0.8600310692301231,
          0.7236425401301732,
          0.6203566317313743,
          1.0154183388999865,
          1.2636605989880743,
          0.9767876111459377,
          0.0,
          0.6213384777527838
        ],
        [
          0.7155722959085643,
          0.6195836454962727,
          0.6267709629580074,
          0.6223383721750445,
          0.6253426752649198,
          0.6176544062669675,
          0.6191691844850195,
          0.6189410181195841,
          2.213945581543656,
          0.620220013588771,
          0.6201866969329749,
          0.6186380754665175,
          0.6333523702628734,
          0.6183147874025164,
          0.7977462933539688,
          0.6186202298784276,
          0.6192466625743588,
          0.6215333884075459,
          0.619103614567048,
          0.620907712091479,
          0.6193876442043853,
          0.6722382805294038,
          0.6204838741328532,
          0.6222971921989409,
          0.6233997943436363,
          0.6193012761971063,
          0.6196955690712672,
          0.6182992367736478,
          0.6190056038164783,
          0.9329363982400496,
          0.6222007137278602,
          0.6213384777527838,
          0.0
        ]
      ]
    }
  },
  "nodes": {
    "EPI_ISL_402120": {
      "country": "China",
      "country_confidence": {
        "China": 1.0
      },
      "country_entropy": -1.000088900581841e-12
    },
    "EPI_ISL_402121": {
      "country": "China",
      "country_confidence": {
        "China": 1.0
      },
      "country_entropy": -1.000088900581841e-12
    },
    "EPI_ISL_402125": {
      "country": "China",
      "country_confidence": {
        "China": 0.9999999999999999
      },
      "country_entropy": -9.99866855976916e-13
    },
    "EPI_ISL_402132": {
      "country": "China",
      "country_confidence": {
        "China": 1.0
      },
      "country_entropy": -1.000088900581841e-12
    },
    "EPI_ISL_403929": {
      "country": "China",
      "country_confidence": {
        "China": 1.0
      },
      "country_entropy": -1.000088900581841e-12
    },
    "EPI_ISL_403932": {
      "country": "China",
      "country_confidence": {
        "China": 0.9999999999999999
      },
      "country_entropy": -9.99866855976916e-13
    },
    "EPI_ISL_404227": {
      "country": "China",
      "country_confidence": {
        "China": 1.0
      },
      "country_entropy": -1.000088900581841e-12
    },
    "EPI_ISL_404228": {
      "country": "China",
      "country_confidence": {
        "China": 0.9999999999999999
      },
      "country_entropy": -9.99866855976916e-13
    },
    "EPI_ISL_406031": {
      "country": "Taiwan",
      "country_confidence": {
        "Taiwan": 1.0
      },
      "country_entropy": -1.000088900581841e-12
    },
    "EPI_ISL_406538": {
      "country": "China",
      "country_confidence": {
        "China": 1.0
      },
      "country_entropy": -1.000088900581841e-12
    },
    "EPI_ISL_406593": {
      "country": "China",
      "country_confidence": {
        "China": 0.9999999999999999
      },
      "country_entropy": -9.99866855976916e-13
    },
    "EPI_ISL_406594": {
      "country": "China",
      "country_confidence": {
        "China": 1.0
      },
      "country_entropy": -1.000088900581841e-12
    },
    "EPI_ISL_406716": {
      "country": "China",
      "country_confidence": {
        "China": 1.0
      },
      "country_entropy": -1.000088900581841e-12
    },
    "EPI_ISL_406862": {
      "country": "Germany",
      "country_confidence": {
        "Germany": 1.0
      },
      "country_entropy": -1.000088900581841e-12
    },
    "EPI_ISL_406973": {
      "country": "Singapore",
      "country_confidence": {
        "Singapore": 1.0
      },
      "country_entropy": -1.000088900581841e-12
    },
    "EPI_ISL_407079": {
      "country": "Finland",
      "country_confidence": {
        "Finland": 1.0
      },
      "country_entropy": -1.000088900581841e-12
    },
    "EPI_ISL_407193": {
      "country": "South Korea",
      "country_confidence": {
        "South Korea": 1.0
      },
      "country_entropy": -1.000088900581841e-12
    },
    "EPI_ISL_407976": {
      "country": "Belgium",
      "country_confidence": {
        "Belgium": 1.0
      },
      "country_entropy": -1.000088900581841e-12
    },
    "EPI_ISL_407987": {
      "country": "Singapore",
      "country_confidence": {
        "Singapore": 1.0
      },
      "country_entropy": -1.000088900581841e-12
    },
    "EPI_ISL_407988": {
      "country": "Singapore",
      "country_confidence": {
        "Singapore": 1.0
      },
      "country_entropy": -1.000088900581841e-12
    },
    "EPI_ISL_408430": {
      "country": "France",
      "country_confidence": {
        "France": 1.0
      },
      "country_entropy": -1.000088900581841e-12
    },
    "EPI_ISL_408479": {
      "country": "China",
      "country_confidence": {
        "China": 1.0
      },
      "country_entropy": -1.000088900581841e-12
    },
    "EPI_ISL_408480": {
      "country": "China",
      "country_confidence": {
        "China": 1.0
      },
      "country_entropy": -1.000088900581841e-12
    },
    "EPI_ISL_408486": {
      "country": "China",
      "country_confidence": {
        "China": 1.0
      },
      "country_entropy": -1.000088900581841e-12
    },
    "EPI_ISL_408489": {
      "country": "Taiwan",
      "country_confidence": {
        "Taiwan": 1.0
      },
      "country_entropy": -1.000088900581841e-12
    },
    "EPI_ISL_408514": {
      "country": "China",
      "country_confidence": {
        "China": 1.0
      },
      "country_entropy": -1.000088900581841e-12
    },
    "EPI_ISL_408515": {
      "country": "China",
      "country_confidence": {
        "China": 1.0
      },
      "country_entropy": -1.000088900581841e-12
    },
    "EPI_ISL_408665": {
      "country": "Japan",
      "country_confidence": {
        "Japan": 1.0
      },
      "country_entropy": -1.000088900581841e-12
    },
    "EPI_ISL_408666": {
      "country": "Japan",
      "country_confidence": {
        "Japan": 1.0
      },
      "country_entropy": -1.000088900581841e-12
    },
    "EPI_ISL_408667": {
      "country": "Japan",
      "country_confidence": {
        "Japan": 1.0
      },
      "country_entropy": -1.000088900581841e-12
    },
    "EPI_ISL_408669": {
      "country": "Japan",
      "country_confidence": {
        "Japan": 1.0
      },
      "country_entropy": -1.000088900581841e-12
    },
    "EPI_ISL_410218": {
      "country": "Taiwan",
      "country_confidence": {
        "Taiwan": 1.0
      },
      "country_entropy": -1.000088900581841e-12
    },
    "EPI_ISL_410531": {
