{
  "generated_by": {
    "program": "augur",
    "version": "7.0.2"
  },
  "models": {
    "country": {
      "alphabet": [
        "Argentina",
        "Australia",
        "Austria",
        "Bangladesh",
        "Belgium",
        "Bosnia and Herzegovina",
        "Brazil",
        "Canada",
        "Chile",
        "China",
        "Colombia",
        "Czech Republic",
        "Democratic Republic of the Congo",
        "Denmark",
        "Finland",
        "France",
        "Georgia",
        "Germany",
        "Greece",
        "Hong Kong",
        "Hungary",
        "Iceland",
        "India",
        "Israel",
        "Italy",
        "Japan",
        "Jordan",
        "Kazakhstan",
        "Latvia",
        "Luxembourg",
        "Malaysia",
        "Mexico",
        "Morocco",
        "Netherlands",
        "New Zealand",
        "Nigeria",
        "Norway",
        "Oman",
        "Poland",
        "Portugal",
        "Romania",
        "Russia",
        "Saudi Arabia",
        "Senegal",
        "Singapore",
        "South Africa",
        "South Korea",
        "Spain",
        "Sweden",
        "Switzerland",
        "Taiwan",
        "Thailand",
        "Turkey",
        "USA",
        "Uganda",
        "United Arab Emirates",
        "United Kingdom",
        "Uruguay",
        "Vietnam",
        "?"
      ],
      "equilibrium_probabilities": [
        0.01915012436649914,
        0.018076671044216248,
        0.017839363879073377,
        0.018479492376501944,
        0.017587290692271117,
        0.01783311278833516,
        0.017584533475845474,
        0.01776539157593477,
        0.017835138029244142,
        0.011107054384094164,
        0.01830370004045144,
        0.018148219520178182,
        0.018265966444583913,
        0.017145924730263922,
        0.017983223191066985,
        0.01716185016569558,
        0.018403650477343454,
        0.016591597069526277,
        0.01609107000817572,
        0.016456745301124714,
        0.018132960771048635,
        0.01809490224584835,
        0.012666232660970252,
        0.01800783783767092,
        0.014753070949895516,
        0.014887149083894043,
        0.01863066907411888,
        0.018705660608982138,
        0.018215939315550263,
        0.015878546042893227,
        0.016522736639454038,
        0.017528291236020285,
        0.01830556198615596,
        0.014300148135440656,
        0.01569037352022389,
        0.01834939247525661,
        0.016743876049165836,
        0.017744642010120475,
        0.017356444942091483,
        0.01707527266163597,
        0.01842703016241838,
        0.01786669202470545,
        0.013870268797851299,
        0.018259054455427394,
        0.016623042119129232,
        0.017077880687362032,
        0.015930506241043394,
        0.015299840082784205,
        0.016675641920786397,
        0.015404809120222216,
        0.016180127369649064,
        0.015719815277721188,
        0.01889328469708568,
        0.014287751913311384,
        0.018752440649316773,
        0.01598457772105411,
        0.0133398493969454,
        0.01847811853046894,
        0.01752944102585423
      ],
      "rate": 353.6611337565813,
      "transition_matrix": [
        [
          0.0,
          1.0641633658435643,
          0.9179943917785941,
          0.7972744144604849,
          0.9694874991042348,
          0.7708871955338473,
          2.305607287901786,
          0.9708907659946513,
          0.8719003807107578,
          0.7717265162954979,
          0.7820966141881404,
          0.778831398670669,
          0.7745537453671298,
          0.7696972150594517,
          0.851965642810398,
          0.7725532935546225,
          0.7653608180512718,
          1.1500100435897422,
          0.7815444767972968,
          0.7652529613648044,
          0.9845427746578568,
          0.7791363027269782,
          0.7694700581720968,
          1.8118383504483835,
          0.8072281471003437,
          1.1503588660077184,
          0.7700832013363699,
          0.7644246170738189,
          0.7663607916938169,
          0.7727817999644299,
          0.763126189077532,
          1.1221879869633617,
          0.7664173769607515,
          1.157075130874707,
          0.7710808731032435,
          0.7641278155094707,
          0.7687307648920074,
          0.7767203664247403,
          2.2341521899147057,
          0.8079553086304043,
          0.7637190679838268,
          1.855550032516209,
          1.163365432908507,
          0.7643535631040987,
          0.7665379166181968,
          0.8810195118499905,
          0.7624616550294775,
          2.2819222233193215,
          0.830619892094061,
          0.8621334928768868,
          0.799059584060825,
          0.7668254388109961,
          0.767513593591046,
          0.8127307921773083,
          0.7758452580139257,
          0.7696382266987146,
          1.7538381046288587,
          1.01833342288702,
          0.7726508358894442
        ],
        [
          1.0641633658435643,
          0.0,
          0.8266250294019835,
          1.498547851531154,
          1.179940844560168,
          1.068735339148357,
          0.7977515871811126,
          1.1784163617883023,
          1.4247853248234752,
          3.3887989459501116,
          1.0427051415467186,
          0.8302353658008446,
          0.7799272453587464,
          0.9544950366238254,
          0.7743749316574005,
          1.3123133262221394,
          0.7762852649268788,
          1.6768056653023369,
          0.9700961428172497,
          1.5311186701633306,
          0.8018298446880463,
          0.829801497766299,
          1.9831547797738338,
          1.0719673227384887,
          1.2917122964886758,
          2.829926518401391,
          1.0966450242622416,
          0.7717759094752192,
          0.9874378359975073,
          1.2085071932821587,
          0.9479783016676093,
          0.8912986499907931,
          0.7783449385483827,
          1.4982307099732508,
          1.319076747464001,
          0.7743119968609221,
          1.4373241967467445,
          2.0574651997535542,
          0.874322837275326,
          1.3141562200047494,
          0.7856171080495326,
          0.8764201174780339,
          1.9542639736631982,
          0.9203735337709211,
          1.2106318776973026,
          0.776717863236668,
          0.771635653993884,
          1.507818838537815,
          1.1938653588065584,
          1.1803514447889898,
          1.1331260315015252,
          1.1870834501529157,
          0.8834490381161181,
          2.624262852778746,
          0.8457744797815508,
          2.0475802702895467,
          1.3888434622626369,
          0.7805752953303257,
          1.2403952847961104
        ],
        [
          0.9179943917785941,
          0.8266250294019835,
          0.0,
          0.7711068249088456,
          0.7966692850785155,
          1.0418277371199771,
          0.8054546098986406,
          0.8199811135858714,
          0.8216739418725979,
          1.1384397879345292,
          1.1768046466915918,
          0.7735550053976822,
          0.7715299290673239,
          0.9019211275431059,
          0.7830184150674531,
          1.6940107480204751,
          1.0415883830308623,
          2.042008405357134,
          0.7983262703118337,
          0.7694997152366521,
          1.106002018831155,
          0.7933032452443165,
          0.7764821900286308,
          0.772460723094856,
          1.5836825393469958,
          0.8132877267915419,
          0.7731457814457803,
          0.7654617984317647,
          0.7717585086822271,
          0.7814914729509042,
          0.7671099621493483,
          1.2247796715611419,
          0.7699033806401963,
          2.5047645880578093,
          1.4142018653227164,
          0.7662973359544207,
          1.1685151265070426,
          1.9227676131089158,
          1.369394892758004,
          0.9637273493227388,
          0.7660257742129668,
          0.7823110538541963,
          1.1744214412235086,
          0.7687110449220553,
          0.7724844478999807,
          0.7718110695702995,
          0.7673927414496259,
          1.1655881626537636,
          0.7787490578951947,
          1.1689106291267504,
          1.5599536332235573,
          0.9261599139477625,
          0.7703795456290673,
          1.1760104336825328,
          1.1471757529576554,
          0.7838371899105209,
          1.1403643268265578,
          0.7698139140717347,
          0.7771959092807197
        ],
        [
          0.7972744144604849,
          1.498547851531154,
          0.7711068249088456,
          0.0,
          0.8604093870760452,
          0.7720186676962911,
          0.7690486945131804,
          0.7681455794922175,
          0.7744293531345415,
          0.7747302548823494,
          0.7753865812224481,
          1.0354388209397904,
          1.0176902583340044,
          0.7693161584086329,
          0.7670896258143873,
          0.77481201461433,
          0.9940866658024405,
          0.9855586140678586,
          0.8480097716048496,
          0.7662372957065293,
          0.768009610083887,
          0.7663330679721214,
          0.8267394087413675,
          0.7668577705029648,
          1.3171852140949973,
          0.780160574151862,
          0.7720942060790398,
          0.76415952460285,
          0.8037422038129104,
          0.7820146024183963,
          1.0266624310347334,
          0.7835246569228479,
          0.7671200019977745,
          0.7774252727189868,
          0.7708820058292577,
          0.7656072474574883,
          0.7707158274813448,
          0.783668263261531,
          0.8575709237520168,
          0.8291370058842045,
          0.7650133361570386,
          1.1227496667094385,
          1.8955885056648143,
          0.7662262551006072,
          0.9960295717992763,
          0.7687948060519878,
          0.763560881719047,
          1.065850801378318,
          0.8556653431548701,
          0.7969046350495474,
          0.7881444659110983,
          0.7673850895066704,
          1.1154289918594145,
          1.060998571839821,
          1.0010840317419494,
          0.7710800430492291,
          1.9287021640590676,
          0.7656481558818853,
          0.7823305553693773
        ],
        [
          0.9694874991042348,
          1.179940844560168,
          0.7966692850785155,
          0.8604093870760452,
          0.0,
          0.8997598690265302,
          0.7837623920789888,
          1.372178177643562,
          0.7973013440155207,
          1.163451561341932,
          1.0942018114545493,
          0.7962247040775168,
          2.7957916791216144,
          0.8554885186823699,
          0.7749195683899318,
          1.9171827254175338,
          0.8212976476197954,
          2.1003917721655063,
          1.0760266935353295,
          0.8930108035690064,
          2.252556375096111,
          0.7753015617286698,
          1.2965965961990429,
          0.849379260690892,
          0.9773700441847376,
          0.8733294338789218,
          0.7781322167729681,
          0.7662672754884771,
          0.8865877520756045,
          3.1452934391514176,
          0.7665331528080146,
          0.7807722429174944,
          0.9885864177305099,
          3.2873077210724846,
          1.3364889879501374,
          0.7662622030458784,
          1.1621932293301656,
          0.8323053088775972,
          2.0151329264792186,
          1.212714948292759,
          0.7665355938573024,
          0.7979116585694527,
          1.1802021048514337,
          0.7683075394920473,
          0.7795950022999246,
          0.895536062102207,
          0.7656655371757782,
          1.3629345779699926,
          1.2779404443973723,
          3.9541556711925954,
          0.7847962759637581,
          0.7688305946974514,
          0.8147500193014101,
          1.0790012273311629,
          0.7722736269294272,
          0.778317174197127,
          2.2426835469837854,
          0.7682699575402588,
          1.2048627728566477
        ],
        [
          0.7708871955338473,
          1.068735339148357,
          1.0418277371199771,
          0.7720186676962911,
          0.8997598690265302,
          0.0,
          0.809980014624983,
          0.7883822937752009,
          0.7731596999130748,
          0.7756550317920928,
          0.7714366508738321,
          1.1636584742550482,
          2.3712934110135757,
          0.89449902220059,
          0.7694326263606687,
          1.5068258105369392,
          0.7688079550989653,
          0.815286996443454,
          0.7817922487098684,
          0.7674154595667537,
          0.7721458454413951,
          0.7752655463251056,
          1.0169200345307219,
          1.0448588090877722,
          1.4445895335078351,
          0.7767131146310702,
          0.7722327633962536,
          0.7662240789344238,
          1.1580037230880105,
          1.4268581503231759,
          0.7654814012343693,
          0.7709060149617184,
          0.7690984616019273,
          1.3866792276900761,
          0.7746405606191016,
          0.7667682582755764,
          0.9257050335961658,
          0.8974406218638276,
          1.0047457898448042,
          0.7789241470442023,
          0.990319685215111,
          1.0174943995983508,
          1.1788456422028097,
          0.7677808194645229,
          0.7707860898474742,
          0.9055071438084193,
          0.7646577909474847,
          0.7790305260839883,
          1.5142681378943799,
          1.1853856044693458,
          0.7729249934051756,
          0.767191068899806,
          0.7705429820842407,
          0.7859856368393594,
          1.722935306131404,
          0.7727601284429232,
          1.305021309703823,
          0.7761053072172283,
          0.77714515519879
        ],
        [
          2.305607287901786,
          0.7977515871811126,
          0.8054546098986406,
          0.7690486945131804,
          0.7837623920789888,
          0.809980014624983,
          0.0,
          0.7676287750128516,
          1.544434749208668,
          0.7703303764356618,
          0.769182894254996,
          1.2935616610582876,
          0.766527935022504,
          0.7691780764406726,
          0.7677665295713645,
          0.7753351515889423,
          0.767126846474234,
          0.7839276176282707,
          1.4596425236153758,
          0.7649290058725325,
          0.7666183173773443,
          0.9982859427251136,
          0.770068145224128,
          0.7679895221804405,
          1.508797755523514,
          0.7854716252087746,
          1.0158227634472865,
          0.7630099930939426,
          0.7666897285303436,
          0.8087533644072595,
          0.763138263651383,
          0.7708179959759434,
          0.7673466024735022,
          2.989771578320535,
          0.7715049735538797,
          0.9919867993576051,
          0.7686565180266969,
          0.8768754864860483,
          0.9109979249220753,
          0.7736092724684628,
          0.7641821879138473,
          0.7753742315535901,
          1.5529680538417663,
          0.7647051713702432,
          0.7664196489237147,
          0.8300376490442475,
          0.7629946579032082,
          0.7785132777437849,
          0.869217183361182,
          1.2084074835815612,
          0.7696725479861509,
          0.764509873996447,
          0.7751098904469428,
          1.1602242581746327,
          0.7778836124675909,
          0.7703389680801562,
          2.179556422485163,
          1.1673527500479748,
          0.773881204843868
        ],
        [
          0.9708907659946513,
          1.1784163617883023,
          0.8199811135858714,
          0.7681455794922175,
          1.372178177643562,
          0.7883822937752009,
          0.7676287750128516,
          0.0,
          0.7745991775735411,
          1.1681416279092414,
          1.0876458869710552,
          0.780420908353238,
          1.123827399615729,
          1.21777018234712,
          1.1597387337183378,
          1.3526803028502088,
          0.7663282511653285,
          1.3193472328678386,
          0.7723572140592347,
          0.7685008215120532,
          0.7673930199679447,
          0.7665009930150093,
          2.0210308577819958,
          1.8112621437736849,
          0.7941482365689306,
          1.4098074149192552,
          0.9688544541386226,
          0.7630790466363324,
          0.8128974414906353,
          1.1936882704182052,
          0.765784639097512,
          0.8073778901729795,
          0.9215918670708775,
          1.609936336633998,
          1.405028853147212,
          0.7641778230711673,
          1.02757696904654,
          1.1420366395165393,
          0.7754383644879186,
          0.7761724473316316,
          0.763500296696799,
          0.7725238878326349,
          0.9062219333260636,
          0.7666197649884081,
          1.3663129849858444,
          0.7681599391797445,
          0.7645390497440505,
          0.7713942985147576,
          0.7773256263097281,
          1.059944397638506,
          0.7855096614077356,
          0.7675105228112455,
          0.7853572885349284,
          3.3958246778912056,
          0.7680191150556965,
          1.1017936448251884,
          0.7953428040166388,
          0.7649886181831091,
          0.7962510998991024
        ],
        [
          0.8719003807107578,
          1.4247853248234752,
          0.8216739418725979,
          0.7744293531345415,
          0.7973013440155207,
          0.7731596999130748,
          1.544434749208668,
          0.7745991775735411,
          0.0,
          0.9429495209851209,
          1.981145696136832,
          1.1683868577213465,
          0.7703739428564438,
          1.0340718397978885,
          0.8212587014807098,
          0.7856534152850498,
          1.100428338005159,
          1.2044734629376486,
          1.1295166335906488,
          0.978675027142866,
          1.8447091793649388,
          0.7703010583613596,
          1.4065395197581316,
          0.7689983069300906,
          1.6337362041508627,
          1.1477668259283065,
          1.1378956089495562,
          0.7658710129451352,
          0.7700915331622774,
          1.0084697168038832,
          0.7890732751231664,
          1.3153756961624892,
          0.7698966124565347,
          0.9849504263450569,
          1.2807240833564058,
          0.7662163237995911,
          1.036287864663629,
          0.8842724943458,
          1.4459076565928553,
          2.387409217452536,
          0.7658122382215055,
          0.786934591202722,
          1.2364207041661193,
          0.7685180303637683,
          1.1356593701495525,
          0.7718406959953645,
          0.7653423565906988,
          2.0954519181406615,
          0.7839161268056262,
          0.8006516410876836,
          0.7792773153617287,
          0.7681884698056358,
          0.776550811645329,
          0.9772921292839937,
          0.7703140623529697,
          0.772748034304785,
          2.071714643221691,
          0.801062787033875,
          0.7796318938318191
        ],
        [
          0.7717265162954979,
          3.3887989459501116,
          1.1384397879345292,
          0.7747302548823494,
          1.163451561341932,
          0.7756550317920928,
          0.7703303764356618,
          1.1681416279092414,
          0.9429495209851209,
          0.0,
          1.1713473465605375,
          0.774208801365921,
          0.9260163647873452,
          0.8631886681325276,
          1.1524537298125854,
          1.1593878130775643,
          0.9389692208814047,
          1.1770228518263288,
          0.8632152831537957,
          4.804543547351324,
          0.7764131489010367,
          0.8311409532399557,
          1.183875804214215,
          0.7737252031430878,
          0.963173696701749,
          3.190066846660576,
          0.776558108986478,
          0.770439997153936,
          1.1594018171222835,
          1.026832831249589,
          3.6841829476059913,
          1.04937581383806,
          0.7697951981807601,
          2.3649434381059082,
          2.065936784509432,
          0.8039592679524491,
          1.308798311456946,
          1.342880584606068,
          0.7807794952278392,
          0.7810269155874394,
          0.7665138377780574,
          0.7805999419587621,
          1.505252466778279,
          0.7699209418581909,
          3.527669432881504,
          0.8026617147015035,
          4.508404407315559,
          2.325689345732655,
          1.471445079392103,
          0.7894650545142291,
          4.982269629384009,
          4.847235526144576,
          0.7751048114756489,
          5.401654257589492,
          0.8173405221545436,
          3.6167559554716164,
          0.9804245431065388,
          0.7676436420897649,
          1.2789523318776401
        ],
        [
          0.7820966141881404,
          1.0427051415467186,
          1.1768046466915918,
          0.7753865812224481,
          1.0942018114545493,
          0.7714366508738321,
          0.769182894254996,
          1.0876458869710552,
          1.981145696136832,
          1.1713473465605375,
          0.0,
          0.7849963260417147,
          0.7697595692412065,
          0.8275963301965384,
          0.7796843145144914,
          1.3697604211033347,
          0.8015756203930634,
          1.1836732353190098,
          0.7802595052911728,
          0.7700830655174911,
          1.6509205815453016,
          0.766986613395743,
          1.967252800330161,
          0.7697426298554436,
          0.8327723052568232,
          1.1725880293875073,
          0.7774871700497475,
          0.7640237820405408,
          0.7680815403532304,
          0.7855363212989658,
          0.7652771345969337,
          1.0265709255753244,
          0.7681337967156224,
          1.86392712860454,
          1.223946678829771,
          0.7652043988536943,
          0.7822459835483677,
          0.7738782772552028,
          1.0339218977625992,
          1.1409987708034892,
          0.764517141454563,
          0.7827260576343887,
          0.9710700166696735,
          0.7677290908120941,
          0.8161133701854189,
          0.773624456010054,
          0.7644972797471487,
          0.8289827650741779,
          1.2295595478904573,
          0.7806992639689101,
          1.0793946645954735,
          0.7747639123563281,
          0.7683686768761541,
          1.250184322417602,
          0.768395211789831,
          0.7923404229158583,
          1.1829424720458495,
          0.9291179140746043,
          1.5477441044327112
        ],
        [
          0.778831398670669,
          0.8302353658008446,
          0.7735550053976822,
          1.0354388209397904,
          0.7962247040775168,
          1.1636584742550482,
          1.2935616610582876,
          0.780420908353238,
          1.1683868577213465,
          0.774208801365921,
          0.7849963260417147,
          0.0,
          0.7943207903426498,
          0.7721182724706251,
          0.7689804878943859,
          1.5437785099454946,
          0.7847632206389012,
          0.844430158353505,
          0.8308769703603952,
          0.7678184474327507,
          0.7695604448586703,
          0.7677916492511666,
          1.193224645882234,
          0.7689076922252709,
          1.584012876213215,
          1.0918668884645706,
          1.4835876044936864,
          0.7645320543662413,
          0.8201752702870946,
          1.2068320840040028,
          0.765871216539044,
          0.7716169794388299,
          1.0110238005129017,
          1.5763857275391973,
          0.7793382164190475,
          0.766639438379309,
          0.775467268165003,
          0.7726228590200173,
          1.2213633921102216,
          0.8410270398403193,
          0.7818263506827633,
          0.7805279829491808,
          1.4168923857620295,
          0.7782904400850039,
          0.8242565952057535,
          0.7764704487270809,
          0.7642678531745127,
          0.7771620248996319,
          0.9047585091669119,
          0.8015603553543527,
          0.7837806774604388,
          0.7665955559580975,
          0.7742954692613387,
          0.8046380676717103,
          0.7733588368623256,
          0.7712882688297141,
          1.5827698014037739,
          0.7660225287324595,
          1.0285779639988089
        ],
        [
          0.7745537453671298,
          0.7799272453587464,
          0.7715299290673239,
          1.0176902583340044,
          2.7957916791216144,
          2.3712934110135757,
          0.766527935022504,
          1.123827399615729,
          0.7703739428564438,
          0.9260163647873452,
          0.7697595692412065,
          0.7943207903426498,
          0.0,
          0.7728993466724545,
          1.1559902957973403,
          2.3253473017705577,
          0.7665565689397922,
          0.785470031509905,
          0.7716941543299493,
          0.7667270434943015,
          1.1297414060996294,
          0.765421719540017,
          1.214085711509697,
          1.529534026301987,
          1.0531467701855637,
          0.7724312545355562,
          0.7689056402408019,
          0.7632453101470562,
          0.7675618747063587,
          1.8637739708595753,
          0.7659481541662553,
          0.7703944881404846,
          0.7660290689427061,
          0.7856376658860832,
          0.7731407074227479,
          0.7639782609764622,
          0.8524226078417446,
          0.7682636105197435,
          1.4417867691556665,
          1.0407400918805256,
          0.7642869732806042,
          0.7858094446142952,
          0.7944364741261988,
          0.7665948585970274,
          0.983712320858146,
          0.7692629231447484,
          0.7640283285527288,
          0.7763619036664597,
          0.7796378534705534,
          1.807578355167351,
          0.7701963498959288,
          0.7660422478336987,
          0.7682422681016025,
          0.8944002025945502,
          0.7686966750280244,
          0.7676381239072165,
          0.7930103135408128,
          0.7644244269597738,
          0.7723575458422589
        ],
        [
          0.7696972150594517,
          0.9544950366238254,
          0.9019211275431059,
          0.7693161584086329,
          0.8554885186823699,
          0.89449902220059,
          0.7691780764406726,
          1.21777018234712,
          1.0340718397978885,
          0.8631886681325276,
          0.8275963301965384,
          0.7721182724706251,
          0.7728993466724545,
          0.0,
          1.1609882414008148,
          1.3680348232063213,
          0.7684966711485028,
          2.0161307381519427,
          1.042809826740245,
          0.7684990537567703,
          0.8094246676154959,
          0.7673918243568741,
          0.9987152949802911,
          2.049752905777615,
          1.0196514687021097,
          0.7803111869348629,
          1.0022026575439928,
          0.7648365563183287,
          1.156923717888576,
          0.782773770247267,
          0.7655714344696046,
          0.7713288556845884,
          0.8751514283850103,
          1.082340670044013,
          3.2408456544106534,
          0.7660115829491745,
          1.1292823037798285,
          0.7860133100958769,
          0.7818814333161695,
          0.9193127764045487,
          0.7654432532642618,
          0.7766382677567869,
          0.7811062514754633,
          0.7672089845673072,
          1.1629716115566757,
          0.7725210956386984,
          0.7654783836145027,
          0.7739535964743488,
          2.7557978736397852,
          1.3715968618825727,
          1.0219236093016892,
          0.7698043944992546,
          0.7688322622369782,
          1.9724134764531194,
          0.7693284730498251,
          0.9002449895619177,
          0.790311803105689,
          0.7654683427880578,
          0.7839041170449236
        ],
        [
          0.851965642810398,
          0.7743749316574005,
          0.7830184150674531,
          0.7670896258143873,
          0.7749195683899318,
          0.7694326263606687,
          0.7677665295713645,
          1.1597387337183378,
          0.8212587014807098,
          1.1524537298125854,
          0.7796843145144914,
          0.7689804878943859,
          1.1559902957973403,
          1.1609882414008148,
          0.0,
          1.5747262178048702,
          0.7665367851555487,
          0.8204895061996303,
          1.0472267362074206,
          0.764524976509582,
          0.8935911617839752,
          0.7642795818202891,
          1.1593228403171176,
          0.7701287214502034,
          0.9081581488626252,
          0.77069932629065,
          0.7691736365331143,
          0.762355089036455,
          0.7649464628312829,
          1.7415890645156005,
          0.7629654461643671,
          0.7678676616340828,
          0.784646610208138,
          0.7733027167488121,
          0.7704295973055736,
          0.7639352140032944,
          0.7793630187222036,
          0.7671250514562965,
          1.0732749422645527,
          1.0614884600719823,
          0.762824768837233,
          0.7893930315967139,
          0.8904173333956341,
          0.7858405941361182,
          0.7776284397886855,
          0.7664848757495744,
          0.7625045522575346,
          0.7903464288039957,
          1.1546095455728187,
          0.7754585196461306,
          0.768925277225193,
          0.7644422484860427,
          0.7683026847323159,
          1.1332714764778729,
          0.7662334592948776,
          0.8159682854534838,
          1.5471233702741212,
          0.763605740831662,
          0.7701069029345333
        ],
        [
          0.7725532935546225,
          1.3123133262221394,
          1.6940107480204751,
          0.77481201461433,
          1.9171827254175338,
          1.5068258105369392,
          0.7753351515889423,
          1.3526803028502088,
          0.7856534152850498,
          1.1593878130775643,
          1.3697604211033347,
          1.5437785099454946,
          2.3253473017705577,
          1.3680348232063213,
          1.5747262178048702,
          0.0,
          0.7716754924347728,
          1.569708248884081,
          0.7793567569896025,
          0.775699593562375,
          0.7760372592972835,
          0.7705950127922211,
          1.6453662209855695,
          1.578479563760959,
          1.0659408304289566,
          1.4215635605082577,
          0.7838878413393321,
          0.7693112806905784,
          0.7726336666875737,
          1.7744312621126237,
          0.7701387064903553,
          0.7797784096913751,
          1.1417805342848624,
          1.666605863593991,
          2.430482168784177,
          1.1511654613689877,
          0.8958176732718484,
          0.7840317391290167,
          0.8943067890113588,
          1.278357023880656,
          0.7672943119757059,
          0.7997768616108993,
          1.6795879287966544,
          2.786082825201035,
          0.9868500467837773,
          0.9193462278802352,
          1.0060265169296905,
          1.1789485272285773,
          0.7930146717424531,
          2.104919213544038,
          0.9838117899113575,
          1.3899904915188497,
          0.9348036050400796,
          3.6861877349443453,
          0.7765616083895956,
          0.813452906876146,
          1.20055094059342,
          0.7677067749463165,
          1.1715915310750804
        ],
        [
          0.7653608180512718,
          0.7762852649268788,
          1.0415883830308623,
          0.9940866658024405,
          0.8212976476197954,
          0.7688079550989653,
          0.767126846474234,
          0.7663282511653285,
          1.100428338005159,
          0.9389692208814047,
          0.8015756203930634,
          0.7847632206389012,
          0.7665565689397922,
          0.7684966711485028,
          0.7665367851555487,
          0.7716754924347728,
          0.0,
          0.818561082114427,
          0.7708590822359929,
          0.7667951919101544,
          0.8219264339039396,
          0.766620838003318,
          0.7689892883794016,
          0.7651636294249532,
          1.916356328636426,
          0.772029953346504,
          0.7889185914095412,
          0.7624394596579135,
          0.7650697121458885,
          1.2843133820179635,
          0.7633437496337231,
          0.7695312277199919,
          0.7653395499248973,
          0.9356866431819056,
          1.0343875115797412,
          0.7629278054657859,
          0.7696141985399345,
          1.1327115103244327,
          0.8108912600909581,
          1.048543438871193,
          0.7626308460306628,
          0.7710668243818869,
          0.7752576300217002,
          0.763292612982185,
          0.7715943737305516,
          0.766110861796215,
          0.7628915215930137,
          1.1542929869970207,
          0.7720838471944819,
          0.7740236529335047,
          0.8148654216842198,
          0.7643209693268035,
          0.7666497339453207,
          1.166449430541846,
          0.7664624318028412,
          1.1621099728409854,
          0.7834532374340605,
          0.7638458143463109,
          0.7989114776015895
        ],
        [
          1.1500100435897422,
          1.6768056653023369,
          2.042008405357134,
          0.9855586140678586,
          2.1003917721655063,
          0.815286996443454,
          0.7839276176282707,
          1.3193472328678386,
          1.2044734629376486,
          1.1770228518263288,
          1.1836732353190098,
          0.844430158353505,
          0.785470031509905,
          2.0161307381519427,
          0.8204895061996303,
          1.569708248884081,
          0.818561082114427,
          0.0,
          0.9150317444763479,
          0.7761111293386892,
          1.0648462283630897,
          0.7759435811465759,
          2.4650651507029133,
          0.8205906318010785,
          1.358316484382185,
          1.9887103229622385,
          0.8257905814710306,
          0.7702221982774462,
          2.2605151304213025,
          1.7818345645298523,
          0.7718942222425123,
          1.015871363182224,
          1.0377736041434278,
          3.8225204754320643,
          2.596590072676865,
          0.7700704877811649,
          0.7968224948441153,
          0.8732069259909069,
          1.683190603723073,
          1.3804061238763952,
          0.7709791875169387,
          1.6143845702582447,
          0.9632128589880636,
          1.1628222251887437,
          0.8169088682574327,
          0.776228954519853,
          0.7701747149383896,
          1.791497296193941,
          0.8337133855591794,
          1.7735279690745462,
          0.8939579465500183,
          0.8309837607349997,
          0.9304411476826575,
          0.9189967086169466,
          0.9734315888533294,
          1.0451223242343786,
          1.5244293286346513,
          0.7714833320683903,
          1.1318929212926925
        ],
        [
          0.7815444767972968,
          0.9700961428172497,
          0.7983262703118337,
          0.8480097716048496,
          1.0760266935353295,
          0.7817922487098684,
          1.4596425236153758,
          0.7723572140592347,
          1.1295166335906488,
          0.8632152831537957,
          0.7802595052911728,
          0.8308769703603952,
          0.7716941543299493,
          1.042809826740245,
          1.0472267362074206,
          0.7793567569896025,
          0.7708590822359929,
          0.9150317444763479,
          0.0,
          0.7717317543784438,
          0.7723529500896967,
          0.7713118890814608,
          0.7811718639843079,
          0.8032828328566131,
          1.573151980851139,
          2.0071957623218237,
          0.7859303399322309,
          0.7686557650591438,
          0.8517983816116876,
          0.8921763418284736,
          0.7672765400008869,
          0.8039812246377398,
          0.933925924482651,
          1.4225284422016866,
          1.1848361234129485,
          1.420735397764595,
          0.7770193870507083,
          0.7920242022907821,
          1.0613629794821062,
          0.8131720371987223,
          0.8584184056139329,
          1.1349998554648326,
          0.8007441032704802,
          0.767753460919166,
          1.129638662210253,
          0.8375509801265144,
          0.7663370081569055,
          0.8143828720015843,
          2.0003449800487423,
          1.211467359173927,
          0.8293816891115092,
          0.7759413597293199,
          0.7996524280343799,
          0.7912267383819366,
          0.7727049776596926,
          1.310054628616064,
          3.001467929758623,
          0.770561201808175,
          1.3926439554666856
        ],
        [
          0.7652529613648044,
          1.5311186701633306,
          0.7694997152366521,
          0.7662372957065293,
          0.8930108035690064,
          0.7674154595667537,
          0.7649290058725325,
          0.7685008215120532,
          0.978675027142866,
          4.804543547351324,
          0.7700830655174911,
          0.7678184474327507,
          0.7667270434943015,
          0.7684990537567703,
          0.764524976509582,
          0.775699593562375,
          0.7667951919101544,
          0.7761111293386892,
          0.7717317543784438,
          0.0,
          0.7660517213994099,
          0.7643959729364681,
          0.9691506595476446,
          0.7650777955926479,
          1.162220447698521,
          1.3507413958589185,
          1.0268993418719705,
          0.7622506957686203,
          0.7652142190048975,
          0.7717171900916655,
          0.7734329130974198,
          0.7679788197708926,
          0.764859275590325,
          0.9624098892137309,
          0.7703376051757884,
          0.7635041277792743,
          0.769209288224662,
          0.7690192017523878,
          0.77241861471233,
          0.9528887589155628,
          0.7630393661289546,
          0.7768282964779879,
          0.7719359494098437,
          0.7633810007429686,
          1.0354127402726805,
          0.7656537139090629,
          0.7888987034458723,
          0.7818850077913589,
          0.9119231042227385,
          0.7787276159342184,
          0.8427532772232914,
          1.27694294884334,
          0.7651933665686467,
          1.2632501881400133,
          0.7664657297641906,
          0.8874419927092989,
          0.7880201952966887,
          0.7633997967230076,
          0.7840399102575569
        ],
        [
          0.9845427746578568,
          0.8018298446880463,
          1.106002018831155,
          0.768009610083887,
          2.252556375096111,
          0.7721458454413951,
          0.7666183173773443,
          0.7673930199679447,
          1.8447091793649388,
          0.7764131489010367,
          1.6509205815453016,
          0.7695604448586703,
          1.1297414060996294,
          0.8094246676154959,
          0.8935911617839752,
          0.7760372592972835,
          0.8219264339039396,
          1.0648462283630897,
          0.7723529500896967,
          0.7660517213994099,
          0.0,
          0.7667605310952498,
          0.7981163742788525,
          0.7667286561257773,
          1.1614254531519792,
          1.4074059626557198,
          0.7788400674029308,
          0.7638290270938519,
          0.7673422131084648,
          0.8103748062799258,
          0.7632209763744869,
          0.7794411734204291,
          0.7661657095370388,
          0.7786168182206098,
          1.8731540300306173,
          0.763830804092897,
          0.7685373351161241,
          0.7681348323179311,
          0.8313870236513676,
          1.1917574325124223,
          0.764421245833314,
          1.157993913873952,
          0.9974202808941274,
          0.7644223009040908,
          0.7667270294742267,
          0.7667636492077542,
          0.7625296842543464,
          1.2928266666083608,
          0.7735855157622943,
          1.0209998043184383,
          0.7687422577498594,
