Map from character to field name
A:	Argentina
B:	Australia
C:	Austria
D:	Bangladesh
E:	Belgium
F:	Bosnia and Herzegovina
G:	Brazil
H:	Canada
I:	Chile
J:	China
K:	Colombia
L:	Czech Republic
M:	Democratic Republic of the Congo
N:	Denmark
O:	Finland
P:	France
Q:	Georgia
R:	Germany
S:	Greece
T:	Hong Kong
U:	Hungary
V:	Iceland
W:	India
X:	Israel
Y:	Italy
Z:	Japan
[:	Jordan
\:	Kazakhstan
]:	Latvia
^:	Luxembourg
_:	Malaysia
`:	Mexico
a:	Morocco
b:	Netherlands
c:	New Zealand
d:	Nigeria
e:	Norway
f:	Oman
g:	Poland
h:	Portugal
i:	Romania
j:	Russia
k:	Saudi Arabia
l:	Senegal
m:	Singapore
n:	South Africa
o:	South Korea
p:	Spain
q:	Sweden
r:	Switzerland
s:	Taiwan
t:	Thailand
u:	Turkey
v:	USA
w:	Uganda
x:	United Arab Emirates
y:	United Kingdom
z:	Uruguay
{:	Vietnam
|:	?


Substitution rate (mu): 353.661134

Equilibrium frequencies (pi_i):
  A: 0.0192
  B: 0.0181
  C: 0.0178
  D: 0.0185
  E: 0.0176
  F: 0.0178
  G: 0.0176
  H: 0.0178
  I: 0.0178
  J: 0.0111
  K: 0.0183
  L: 0.0181
  M: 0.0183
  N: 0.0171
  O: 0.018
  P: 0.0172
  Q: 0.0184
  R: 0.0166
  S: 0.0161
  T: 0.0165
  U: 0.0181
  V: 0.0181
  W: 0.0127
  X: 0.018
  Y: 0.0148
  Z: 0.0149
  [: 0.0186
  \: 0.0187
  ]: 0.0182
  ^: 0.0159
  _: 0.0165
  `: 0.0175
  a: 0.0183
  b: 0.0143
  c: 0.0157
  d: 0.0183
  e: 0.0167
  f: 0.0177
  g: 0.0174
  h: 0.0171
  i: 0.0184
  j: 0.0179
  k: 0.0139
  l: 0.0183
  m: 0.0166
  n: 0.0171
  o: 0.0159
  p: 0.0153
  q: 0.0167
  r: 0.0154
  s: 0.0162
  t: 0.0157
  u: 0.0189
  v: 0.0143
  w: 0.0188
  x: 0.016
  y: 0.0133
  z: 0.0185
  {: 0.0175

Symmetrized rates from j->i (W_ij):
	A	B	C	D	E	F	G	H	I	J	K	L	M	N	O	P	Q	R	S	T	U	V	W	X	Y	Z	[	\	]	^	_	`	a	b	c	d	e	f	g	h	i	j	k	l	m	n	o	p	q	r	s	t	u	v	w	x	y	z	{
  A	0	1.0642	0.918	0.7973	0.9695	0.7709	2.3056	0.9709	0.8719	0.7717	0.7821	0.7788	0.7746	0.7697	0.852	0.7726	0.7654	1.15	0.7815	0.7653	0.9845	0.7791	0.7695	1.8118	0.8072	1.1504	0.7701	0.7644	0.7664	0.7728	0.7631	1.1222	0.7664	1.1571	0.7711	0.7641	0.7687	0.7767	2.2342	0.808	0.7637	1.8556	1.1634	0.7644	0.7665	0.881	0.7625	2.2819	0.8306	0.8621	0.7991	0.7668	0.7675	0.8127	0.7758	0.7696	1.7538	1.0183	0.7727
  B	1.0642	0	0.8266	1.4985	1.1799	1.0687	0.7978	1.1784	1.4248	3.3888	1.0427	0.8302	0.7799	0.9545	0.7744	1.3123	0.7763	1.6768	0.9701	1.5311	0.8018	0.8298	1.9832	1.072	1.2917	2.8299	1.0966	0.7718	0.9874	1.2085	0.948	0.8913	0.7783	1.4982	1.3191	0.7743	1.4373	2.0575	0.8743	1.3142	0.7856	0.8764	1.9543	0.9204	1.2106	0.7767	0.7716	1.5078	1.1939	1.1804	1.1331	1.1871	0.8834	2.6243	0.8458	2.0476	1.3888	0.7806	1.2404
  C	0.918	0.8266	0	0.7711	0.7967	1.0418	0.8055	0.82	0.8217	1.1384	1.1768	0.7736	0.7715	0.9019	0.783	1.694	1.0416	2.042	0.7983	0.7695	1.106	0.7933	0.7765	0.7725	1.5837	0.8133	0.7731	0.7655	0.7718	0.7815	0.7671	1.2248	0.7699	2.5048	1.4142	0.7663	1.1685	1.9228	1.3694	0.9637	0.766	0.7823	1.1744	0.7687	0.7725	0.7718	0.7674	1.1656	0.7787	1.1689	1.56	0.9262	0.7704	1.176	1.1472	0.7838	1.1404	0.7698	0.7772
  D	0.7973	1.4985	0.7711	0	0.8604	0.772	0.769	0.7681	0.7744	0.7747	0.7754	1.0354	1.0177	0.7693	0.7671	0.7748	0.9941	0.9856	0.848	0.7662	0.768	0.7663	0.8267	0.7669	1.3172	0.7802	0.7721	0.7642	0.8037	0.782	1.0267	0.7835	0.7671	0.7774	0.7709	0.7656	0.7707	0.7837	0.8576	0.8291	0.765	1.1227	1.8956	0.7662	0.996	0.7688	0.7636	1.0659	0.8557	0.7969	0.7881	0.7674	1.1154	1.061	1.0011	0.7711	1.9287	0.7656	0.7823
  E	0.9695	1.1799	0.7967	0.8604	0	0.8998	0.7838	1.3722	0.7973	1.1635	1.0942	0.7962	2.7958	0.8555	0.7749	1.9172	0.8213	2.1004	1.076	0.893	2.2526	0.7753	1.2966	0.8494	0.9774	0.8733	0.7781	0.7663	0.8866	3.1453	0.7665	0.7808	0.9886	3.2873	1.3365	0.7663	1.1622	0.8323	2.0151	1.2127	0.7665	0.7979	1.1802	0.7683	0.7796	0.8955	0.7657	1.3629	1.2779	3.9542	0.7848	0.7688	0.8148	1.079	0.7723	0.7783	2.2427	0.7683	1.2049
  F	0.7709	1.0687	1.0418	0.772	0.8998	0	0.81	0.7884	0.7732	0.7757	0.7714	1.1637	2.3713	0.8945	0.7694	1.5068	0.7688	0.8153	0.7818	0.7674	0.7721	0.7753	1.0169	1.0449	1.4446	0.7767	0.7722	0.7662	1.158	1.4269	0.7655	0.7709	0.7691	1.3867	0.7746	0.7668	0.9257	0.8974	1.0047	0.7789	0.9903	1.0175	1.1788	0.7678	0.7708	0.9055	0.7647	0.779	1.5143	1.1854	0.7729	0.7672	0.7705	0.786	1.7229	0.7728	1.305	0.7761	0.7771
  G	2.3056	0.7978	0.8055	0.769	0.7838	0.81	0	0.7676	1.5444	0.7703	0.7692	1.2936	0.7665	0.7692	0.7678	0.7753	0.7671	0.7839	1.4596	0.7649	0.7666	0.9983	0.7701	0.768	1.5088	0.7855	1.0158	0.763	0.7667	0.8088	0.7631	0.7708	0.7673	2.9898	0.7715	0.992	0.7687	0.8769	0.911	0.7736	0.7642	0.7754	1.553	0.7647	0.7664	0.83	0.763	0.7785	0.8692	1.2084	0.7697	0.7645	0.7751	1.1602	0.7779	0.7703	2.1796	1.1674	0.7739
  H	0.9709	1.1784	0.82	0.7681	1.3722	0.7884	0.7676	0	0.7746	1.1681	1.0876	0.7804	1.1238	1.2178	1.1597	1.3527	0.7663	1.3193	0.7724	0.7685	0.7674	0.7665	2.021	1.8113	0.7941	1.4098	0.9689	0.7631	0.8129	1.1937	0.7658	0.8074	0.9216	1.6099	1.405	0.7642	1.0276	1.142	0.7754	0.7762	0.7635	0.7725	0.9062	0.7666	1.3663	0.7682	0.7645	0.7714	0.7773	1.0599	0.7855	0.7675	0.7854	3.3958	0.768	1.1018	0.7953	0.765	0.7963
  I	0.8719	1.4248	0.8217	0.7744	0.7973	0.7732	1.5444	0.7746	0	0.9429	1.9811	1.1684	0.7704	1.0341	0.8213	0.7857	1.1004	1.2045	1.1295	0.9787	1.8447	0.7703	1.4065	0.769	1.6337	1.1478	1.1379	0.7659	0.7701	1.0085	0.7891	1.3154	0.7699	0.985	1.2807	0.7662	1.0363	0.8843	1.4459	2.3874	0.7658	0.7869	1.2364	0.7685	1.1357	0.7718	0.7653	2.0955	0.7839	0.8007	0.7793	0.7682	0.7766	0.9773	0.7703	0.7727	2.0717	0.8011	0.7796
  J	0.7717	3.3888	1.1384	0.7747	1.1635	0.7757	0.7703	1.1681	0.9429	0	1.1713	0.7742	0.926	0.8632	1.1525	1.1594	0.939	1.177	0.8632	4.8045	0.7764	0.8311	1.1839	0.7737	0.9632	3.1901	0.7766	0.7704	1.1594	1.0268	3.6842	1.0494	0.7698	2.3649	2.0659	0.804	1.3088	1.3429	0.7808	0.781	0.7665	0.7806	1.5053	0.7699	3.5277	0.8027	4.5084	2.3257	1.4714	0.7895	4.9823	4.8472	0.7751	5.4017	0.8173	3.6168	0.9804	0.7676	1.279
  K	0.7821	1.0427	1.1768	0.7754	1.0942	0.7714	0.7692	1.0876	1.9811	1.1713	0	0.785	0.7698	0.8276	0.7797	1.3698	0.8016	1.1837	0.7803	0.7701	1.6509	0.767	1.9673	0.7697	0.8328	1.1726	0.7775	0.764	0.7681	0.7855	0.7653	1.0266	0.7681	1.8639	1.2239	0.7652	0.7822	0.7739	1.0339	1.141	0.7645	0.7827	0.9711	0.7677	0.8161	0.7736	0.7645	0.829	1.2296	0.7807	1.0794	0.7748	0.7684	1.2502	0.7684	0.7923	1.1829	0.9291	1.5477
  L	0.7788	0.8302	0.7736	1.0354	0.7962	1.1637	1.2936	0.7804	1.1684	0.7742	0.785	0	0.7943	0.7721	0.769	1.5438	0.7848	0.8444	0.8309	0.7678	0.7696	0.7678	1.1932	0.7689	1.584	1.0919	1.4836	0.7645	0.8202	1.2068	0.7659	0.7716	1.011	1.5764	0.7793	0.7666	0.7755	0.7726	1.2214	0.841	0.7818	0.7805	1.4169	0.7783	0.8243	0.7765	0.7643	0.7772	0.9048	0.8016	0.7838	0.7666	0.7743	0.8046	0.7734	0.7713	1.5828	0.766	1.0286
  M	0.7746	0.7799	0.7715	1.0177	2.7958	2.3713	0.7665	1.1238	0.7704	0.926	0.7698	0.7943	0	0.7729	1.156	2.3253	0.7666	0.7855	0.7717	0.7667	1.1297	0.7654	1.2141	1.5295	1.0531	0.7724	0.7689	0.7632	0.7676	1.8638	0.7659	0.7704	0.766	0.7856	0.7731	0.764	0.8524	0.7683	1.4418	1.0407	0.7643	0.7858	0.7944	0.7666	0.9837	0.7693	0.764	0.7764	0.7796	1.8076	0.7702	0.766	0.7682	0.8944	0.7687	0.7676	0.793	0.7644	0.7724
  N	0.7697	0.9545	0.9019	0.7693	0.8555	0.8945	0.7692	1.2178	1.0341	0.8632	0.8276	0.7721	0.7729	0	1.161	1.368	0.7685	2.0161	1.0428	0.7685	0.8094	0.7674	0.9987	2.0498	1.0197	0.7803	1.0022	0.7648	1.1569	0.7828	0.7656	0.7713	0.8752	1.0823	3.2408	0.766	1.1293	0.786	0.7819	0.9193	0.7654	0.7766	0.7811	0.7672	1.163	0.7725	0.7655	0.774	2.7558	1.3716	1.0219	0.7698	0.7688	1.9724	0.7693	0.9002	0.7903	0.7655	0.7839
  O	0.852	0.7744	0.783	0.7671	0.7749	0.7694	0.7678	1.1597	0.8213	1.1525	0.7797	0.769	1.156	1.161	0	1.5747	0.7665	0.8205	1.0472	0.7645	0.8936	0.7643	1.1593	0.7701	0.9082	0.7707	0.7692	0.7624	0.7649	1.7416	0.763	0.7679	0.7846	0.7733	0.7704	0.7639	0.7794	0.7671	1.0733	1.0615	0.7628	0.7894	0.8904	0.7858	0.7776	0.7665	0.7625	0.7903	1.1546	0.7755	0.7689	0.7644	0.7683	1.1333	0.7662	0.816	1.5471	0.7636	0.7701
  P	0.7726	1.3123	1.694	0.7748	1.9172	1.5068	0.7753	1.3527	0.7857	1.1594	1.3698	1.5438	2.3253	1.368	1.5747	0	0.7717	1.5697	0.7794	0.7757	0.776	0.7706	1.6454	1.5785	1.0659	1.4216	0.7839	0.7693	0.7726	1.7744	0.7701	0.7798	1.1418	1.6666	2.4305	1.1512	0.8958	0.784	0.8943	1.2784	0.7673	0.7998	1.6796	2.7861	0.9869	0.9193	1.006	1.1789	0.793	2.1049	0.9838	1.39	0.9348	3.6862	0.7766	0.8135	1.2006	0.7677	1.1716
  Q	0.7654	0.7763	1.0416	0.9941	0.8213	0.7688	0.7671	0.7663	1.1004	0.939	0.8016	0.7848	0.7666	0.7685	0.7665	0.7717	0	0.8186	0.7709	0.7668	0.8219	0.7666	0.769	0.7652	1.9164	0.772	0.7889	0.7624	0.7651	1.2843	0.7633	0.7695	0.7653	0.9357	1.0344	0.7629	0.7696	1.1327	0.8109	1.0485	0.7626	0.7711	0.7753	0.7633	0.7716	0.7661	0.7629	1.1543	0.7721	0.774	0.8149	0.7643	0.7666	1.1664	0.7665	1.1621	0.7835	0.7638	0.7989
  R	1.15	1.6768	2.042	0.9856	2.1004	0.8153	0.7839	1.3193	1.2045	1.177	1.1837	0.8444	0.7855	2.0161	0.8205	1.5697	0.8186	0	0.915	0.7761	1.0648	0.7759	2.4651	0.8206	1.3583	1.9887	0.8258	0.7702	2.2605	1.7818	0.7719	1.0159	1.0378	3.8225	2.5966	0.7701	0.7968	0.8732	1.6832	1.3804	0.771	1.6144	0.9632	1.1628	0.8169	0.7762	0.7702	1.7915	0.8337	1.7735	0.894	0.831	0.9304	0.919	0.9734	1.0451	1.5244	0.7715	1.1319
  S	0.7815	0.9701	0.7983	0.848	1.076	0.7818	1.4596	0.7724	1.1295	0.8632	0.7803	0.8309	0.7717	1.0428	1.0472	0.7794	0.7709	0.915	0	0.7717	0.7724	0.7713	0.7812	0.8033	1.5732	2.0072	0.7859	0.7687	0.8518	0.8922	0.7673	0.804	0.9339	1.4225	1.1848	1.4207	0.777	0.792	1.0614	0.8132	0.8584	1.135	0.8007	0.7678	1.1296	0.8376	0.7663	0.8144	2.0003	1.2115	0.8294	0.7759	0.7997	0.7912	0.7727	1.3101	3.0015	0.7706	1.3926
  T	0.7653	1.5311	0.7695	0.7662	0.893	0.7674	0.7649	0.7685	0.9787	4.8045	0.7701	0.7678	0.7667	0.7685	0.7645	0.7757	0.7668	0.7761	0.7717	0	0.7661	0.7644	0.9692	0.7651	1.1622	1.3507	1.0269	0.7623	0.7652	0.7717	0.7734	0.768	0.7649	0.9624	0.7703	0.7635	0.7692	0.769	0.7724	0.9529	0.763	0.7768	0.7719	0.7634	1.0354	0.7657	0.7889	0.7819	0.9119	0.7787	0.8428	1.2769	0.7652	1.2633	0.7665	0.8874	0.788	0.7634	0.784
  U	0.9845	0.8018	1.106	0.768	2.2526	0.7721	0.7666	0.7674	1.8447	0.7764	1.6509	0.7696	1.1297	0.8094	0.8936	0.776	0.8219	1.0648	0.7724	0.7661	0	0.7668	0.7981	0.7667	1.1614	1.4074	0.7788	0.7638	0.7673	0.8104	0.7632	0.7794	0.7662	0.7786	1.8732	0.7638	0.7685	0.7681	0.8314	1.1918	0.7644	1.158	0.9974	0.7644	0.7667	0.7668	0.7625	1.2928	0.7736	1.021	0.7687	0.7646	0.7694	0.7735	0.7669	0.7675	0.8269	0.765	1.0388
  V	0.7791	0.8298	0.7933	0.7663	0.7753	0.7753	0.9983	0.7665	0.7703	0.8311	0.767	0.7678	0.7654	0.7674	0.7643	0.7706	0.7666	0.7759	0.7713	0.7644	0.7668	0	0.831	0.7656	0.7961	0.771	0.7677	0.7626	0.765	1.1467	0.763	1.0182	0.7671	2.6501	0.7685	0.7627	0.7675	1.0009	0.7711	0.7706	0.7631	0.7703	0.7733	0.7632	0.7672	0.7669	0.7628	0.9817	0.7711	1.5422	1.1557	0.7642	0.771	1.4278	0.7666	0.7681	1.9178	0.8587	0.7754
  W	0.7695	1.9832	0.7765	0.8267	1.2966	1.0169	0.7701	2.021	1.4065	1.1839	1.9673	1.1932	1.2141	0.9987	1.1593	1.6454	0.769	2.4651	0.7812	0.9692	0.7981	0.831	0	1.154	3.2022	1.5962	0.7777	0.7643	0.8579	1.3755	2.3647	0.776	0.9733	1.9582	1.3398	0.7658	0.8821	1.5326	1.9564	1.5738	0.7647	1.328	3.4952	1.1504	3.7024	1.145	0.7657	0.7833	1.2305	1.4451	1.5933	1.5452	1.2817	2.6271	0.772	0.8016	2.6547	0.766	1.5279
  X	1.8118	1.072	0.7725	0.7669	0.8494	1.0449	0.768	1.8113	0.769	0.7737	0.7697	0.7689	1.5295	2.0498	0.7701	1.5785	0.7652	0.8206	0.8033	0.7651	0.7667	0.7656	1.154	0	0.7773	1.5454	0.7696	1.1459	0.7654	0.7746	0.763	0.768	1.0489	1.2002	3.2442	0.7634	0.7703	0.7683	1.1879	0.772	0.7633	0.7873	0.7743	0.8541	0.7681	0.7665	0.7629	0.7695	0.7737	0.7872	0.7695	0.7653	0.765	1.652	0.7841	0.7707	1.1363	0.7642	0.7696
  Y	0.8072	1.2917	1.5837	1.3172	0.9774	1.4446	1.5088	0.7941	1.6337	0.9632	0.8328	1.584	1.0531	1.0197	0.9082	1.0659	1.9164	1.3583	1.5732	1.1622	1.1614	0.7961	3.2022	0.7773	0	1.8923	1.1271	0.7793	1.3185	2.0683	0.7723	1.242	1.5025	2.1013	0.8073	0.7742	2.3355	0.9854	2.8323	2.4662	0.7786	2.6773	2.723	0.7947	0.9054	1.199	0.7702	1.5854	2.5304	2.3382	0.9294	0.7777	0.8726	1.1921	0.8171	1.0931	3.4991	0.7745	2.1067
  Z	1.1504	2.8299	0.8133	0.7802	0.8733	0.7767	0.7855	1.4098	1.1478	3.1901	1.1726	1.0919	0.7724	0.7803	0.7707	1.4216	0.772	1.9887	2.0072	1.3507	1.4074	0.771	1.5962	1.5454	1.8923	0	1.258	0.7663	1.1346	0.7868	1.151	0.781	1.5507	1.7566	0.7988	1.1266	0.7744	0.7779	1.2078	1.2375	1.0532	1.1205	0.8052	0.7683	1.1132	0.7716	0.7766	1.2999	0.98	1.8674	0.878	1.822	0.7732	1.3062	0.7746	1.2031	2.4769	0.7674	1.4881
  [	0.7701	1.0966	0.7731	0.7721	0.7781	0.7722	1.0158	0.9689	1.1379	0.7766	0.7775	1.4836	0.7689	1.0022	0.7692	0.7839	0.7889	0.8258	0.7859	1.0269	0.7788	0.7677	0.7777	0.7696	1.1271	1.258	0	0.7648	0.7698	1.0279	0.7648	0.7727	0.7683	0.8078	1.1617	0.7656	1.0058	0.8765	0.888	1.3753	0.7654	0.7868	0.8584	0.7658	1.155	0.7756	0.7644	0.8234	0.882	0.8139	0.7865	0.7676	1.0198	1.6811	1.0642	0.7713	1.7994	0.7665	1.5616
  \	0.7644	0.7718	0.7655	0.7642	0.7663	0.7662	0.763	0.7631	0.7659	0.7704	0.764	0.7645	0.7632	0.7648	0.7624	0.7693	0.7624	0.7702	0.7687	0.7623	0.7638	0.7626	0.7643	1.1459	0.7793	0.7663	0.7648	0	0.7627	0.7671	0.7612	0.7652	0.7626	0.7683	0.7649	0.7617	1.0036	1.1279	0.8116	0.7671	0.7615	1.0203	0.7704	1.0548	0.763	0.8243	0.7608	1.9204	0.7676	0.8159	0.8227	0.7619	0.7635	0.7705	0.7643	0.7799	1.0081	0.7627	0.7677
  ]	0.7664	0.9874	0.7718	0.8037	0.8866	1.158	0.7667	0.8129	0.7701	1.1594	0.7681	0.8202	0.7676	1.1569	0.7649	0.7726	0.7651	2.2605	0.8518	0.7652	0.7673	0.765	0.8579	0.7654	1.3185	1.1346	0.7698	0.7627	0	0.7739	0.7639	0.7855	0.7674	0.7822	0.9145	0.7639	0.8539	0.7695	0.7803	0.8391	0.7638	0.8266	1.0534	0.7643	0.8145	0.7667	0.7622	0.774	0.8361	1.672	0.7812	0.7661	1.1538	0.7744	0.7681	0.7693	1.8031	0.7641	1.1008
  ^	0.7728	1.2085	0.7815	0.782	3.1453	1.4269	0.8088	1.1937	1.0085	1.0268	0.7855	1.2068	1.8638	0.7828	1.7416	1.7744	1.2843	1.7818	0.8922	0.7717	0.8104	1.1467	1.3755	0.7746	2.0683	0.7868	1.0279	0.7671	0.7739	0	0.7677	0.9927	0.7729	1.0009	0.9168	0.768	1.004	0.7872	1.1977	1.1374	0.7683	0.8256	1.0285	0.7701	1.1522	1.1625	0.767	1.1298	1.3576	2.7466	0.7792	0.7702	1.2235	2.3577	0.8779	0.7863	1.395	0.7688	0.9588
  _	0.7631	0.948	0.7671	1.0267	0.7665	0.7655	0.7631	0.7658	0.7891	3.6842	0.7653	0.7659	0.7659	0.7656	0.763	0.7701	0.7633	0.7719	0.7673	0.7734	0.7632	0.763	2.3647	0.763	0.7723	1.151	0.7648	0.7612	0.7639	0.7677	0	0.7698	0.763	0.7855	0.7679	0.7622	0.7655	0.7657	0.7667	0.7671	0.7617	0.7668	0.9376	0.7624	2.3601	0.7643	0.8119	0.7709	0.7717	0.7679	0.9257	1.1282	0.7797	0.9882	0.7649	0.7682	0.7799	0.7623	0.7678
  `	1.1222	0.8913	1.2248	0.7835	0.7808	0.7709	0.7708	0.8074	1.3154	1.0494	1.0266	0.7716	0.7704	0.7713	0.7679	0.7798	0.7695	1.0159	0.804	0.768	0.7794	1.0182	0.776	0.768	1.242	0.781	0.7727	0.7652	0.7855	0.9927	0.7698	0	1.0388	0.9864	1.007	0.7648	0.8116	0.7729	0.7809	0.8205	0.7651	0.849	0.7796	0.7656	1.1371	0.7695	0.7715	1.3394	0.7808	0.8625	0.7795	0.7682	0.8701	1.6251	0.7692	0.7706	2.281	1.3906	1.1335
  a	0.7664	0.7783	0.7699	0.7671	0.9886	0.7691	0.7673	0.9216	0.7699	0.7698	0.7681	1.011	0.766	0.8752	0.7846	1.1418	0.7653	1.0378	0.9339	0.7649	0.7662	0.7671	0.9733	1.0489	1.5025	1.5507	0.7683	0.7626	0.7674	0.7729	0.763	1.0388	0	1.0653	0.7728	0.7634	0.768	0.7675	0.777	0.7827	0.7632	0.7729	0.8838	0.7658	0.7664	0.7661	0.7623	1.1608	0.7795	1.343	0.7728	0.7639	0.7658	1.159	0.766	0.7672	1.1916	0.7639	0.8622
  b	1.1571	1.4982	2.5048	0.7774	3.2873	1.3867	2.9898	1.6099	0.985	2.3649	1.8639	1.5764	0.7856	1.0823	0.7733	1.6666	0.9357	3.8225	1.4225	0.9624	0.7786	2.6501	1.9582	1.2002	2.1013	1.7566	0.8078	0.7683	0.7822	1.0009	0.7855	0.9864	1.0653	0	2.0666	0.77	0.8715	1.3044	1.1714	1.9192	0.7699	1.2827	1.5063	1.1596	0.7771	0.7995	1.0137	0.8364	0.7998	2.2875	1.0075	0.786	0.7771	1.0264	1.256	1.2725	2.0708	0.7839	0.9331
  c	0.7711	1.3191	1.4142	0.7709	1.3365	0.7746	0.7715	1.405	1.2807	2.0659	1.2239	0.7793	0.7731	3.2408	0.7704	2.4305	1.0344	2.5966	1.1848	0.7703	1.8732	0.7685	1.3398	3.2442	0.8073	0.7988	1.1617	0.7649	0.9145	0.9168	0.7679	1.007	0.7728	2.0666	0	0.7654	1.0242	0.774	0.886	0.8841	0.765	0.7755	0.9685	0.7684	1.0007	0.7685	0.7738	0.8148	0.7786	0.8466	0.7813	1.0048	0.7711	1.214	0.7712	1.0623	2.1452	0.7665	0.8564
  d	0.7641	0.7743	0.7663	0.7656	0.7663	0.7668	0.992	0.7642	0.7662	0.804	0.7652	0.7666	0.764	0.766	0.7639	1.1512	0.7629	0.7701	1.4207	0.7635	0.7638	0.7627	0.7658	0.7634	0.7742	1.1266	0.7656	0.7617	0.7639	0.768	0.7622	0.7648	0.7634	0.77	0.7654	0	0.7651	0.7677	0.7684	0.7676	0.7628	0.768	1.1407	1.0529	0.7642	0.7649	0.7615	0.7663	1.0122	0.7693	0.7672	0.7672	0.7645	1.1561	0.8799	0.7664	0.7734	0.7628	0.7673
  e	0.7687	1.4373	1.1685	0.7707	1.1622	0.9257	0.7687	1.0276	1.0363	1.3088	0.7822	0.7755	0.8524	1.1293	0.7794	0.8958	0.7696	0.7968	0.777	0.7692	0.7685	0.7675	0.8821	0.7703	2.3355	0.7744	1.0058	1.0036	0.8539	1.004	0.7655	0.8116	0.768	0.8715	1.0242	0.7651	0	0.9671	0.7853	0.7775	0.7648	1.0549	0.98	0.768	0.7705	0.7861	0.7654	0.7824	0.8013	0.8417	1.3871	0.7678	0.7719	2.974	0.7703	0.7821	1.4159	0.7662	1.1615
  f	0.7767	2.0575	1.9228	0.7837	0.8323	0.8974	0.8769	1.142	0.8843	1.3429	0.7739	0.7726	0.7683	0.786	0.7671	0.784	1.1327	0.8732	0.792	0.769	0.7681	1.0009	1.5326	0.7683	0.9854	0.7779	0.8765	1.1279	0.7695	0.7872	0.7657	0.7729	0.7675	1.3044	0.774	0.7677	0.9671	0	0.8648	1.1829	0.7653	0.777	1.6473	0.7687	0.7697	0.9568	0.7673	0.7763	1.2784	0.9831	1.1051	0.7811	1.5347	1.0569	1.3863	2.1679	1.5293	1.4053	0.7801
  g	2.2342	0.8743	1.3694	0.8576	2.0151	1.0047	0.911	0.7754	1.4459	0.7808	1.0339	1.2214	1.4418	0.7819	1.0733	0.8943	0.8109	1.6832	1.0614	0.7724	0.8314	0.7711	1.9564	1.1879	2.8323	1.2078	0.888	0.8116	0.7803	1.1977	0.7667	0.7809	0.777	1.1714	0.886	0.7684	0.7853	0.8648	0	1.1667	0.7851	1.461	1.5389	0.769	0.7775	1.0031	0.7659	0.8729	0.9202	1.1276	0.8428	0.7693	0.7925	1.5596	0.7963	0.7908	2.5069	0.7785	1.0915
  h	0.808	1.3142	0.9637	0.8291	1.2127	0.7789	0.7736	0.7762	2.3874	0.781	1.141	0.841	1.0407	0.9193	1.0615	1.2784	1.0485	1.3804	0.8132	0.9529	1.1918	0.7706	1.5738	0.772	2.4662	1.2375	1.3753	0.7671	0.8391	1.1374	0.7671	0.8205	0.7827	1.9192	0.8841	0.7676	0.7775	1.1829	1.1667	0	0.7674	1.753	0.8043	0.7687	0.7748	0.8592	0.7662	0.9931	1.1926	0.9841	0.8539	0.7749	1.0142	1.0114	0.7731	0.775	1.9212	0.7694	1.14
  i	0.7637	0.7856	0.766	0.765	0.7665	0.9903	0.7642	0.7635	0.7658	0.7665	0.7645	0.7818	0.7643	0.7654	0.7628	0.7673	0.7626	0.771	0.8584	0.763	0.7644	0.7631	0.7647	0.7633	0.7786	1.0532	0.7654	0.7615	0.7638	0.7683	0.7617	0.7651	0.7632	0.7699	0.765	0.7628	0.7648	0.7653	0.7851	0.7674	0	0.7706	1.1562	0.7625	0.764	0.765	0.761	1.5361	0.8032	1.944	0.7653	0.7627	0.7639	0.7683	1.0058	0.766	0.7805	0.7626	0.768
  j	1.8556	0.8764	0.7823	1.1227	0.7979	1.0175	0.7754	0.7725	0.7869	0.7806	0.7827	0.7805	0.7858	0.7766	0.7894	0.7998	0.7711	1.6144	1.135	0.7768	1.158	0.7703	1.328	0.7873	2.6773	1.1205	0.7868	1.0203	0.8266	0.8256	0.7668	0.849	0.7729	1.2827	0.7755	0.768	1.0549	0.777	1.461	1.753	0.7706	0	1.507	0.7695	0.8064	1.0737	0.7654	1.4986	1.3198	1.3175	1.0195	0.7705	1.2293	1.0664	1.3601	1.0303	1.8372	0.9172	0.8143
  k	1.1634	1.9543	1.1744	1.8956	1.1802	1.1788	1.553	0.9062	1.2364	1.5053	0.9711	1.4169	0.7944	0.7811	0.8904	1.6796	0.7753	0.9632	0.8007	0.7719	0.9974	0.7733	3.4952	0.7743	2.723	0.8052	0.8584	0.7704	1.0534	1.0285	0.9376	0.7796	0.8838	1.5063	0.9685	1.1407	0.98	1.6473	1.5389	0.8043	1.1562	1.507	0	1.4214	0.8339	1.0451	0.7682	0.9857	1.0891	1.0408	1.5483	0.7721	2.2312	1.2147	1.1937	1.1397	1.4162	0.7729	0.7835
  l	0.7644	0.9204	0.7687	0.7662	0.7683	0.7678	0.7647	0.7666	0.7685	0.7699	0.7677	0.7783	0.7666	0.7672	0.7858	2.7861	0.7633	1.1628	0.7678	0.7634	0.7644	0.7632	1.1504	0.8541	0.7947	0.7683	0.7658	1.0548	0.7643	0.7701	0.7624	0.7656	0.7658	1.1596	0.7684	1.0529	0.768	0.7687	0.769	0.7687	0.7625	0.7695	1.4214	0	0.7647	0.7659	0.762	0.9177	0.7695	1.1575	0.9994	0.7633	0.7657	1.2429	0.8867	0.7668	0.7733	0.7628	0.7673
  m	0.7665	1.2106	0.7725	0.996	0.7796	0.7708	0.7664	1.3663	1.1357	3.5277	0.8161	0.8243	0.9837	1.163	0.7776	0.9869	0.7716	0.8169	1.1296	1.0354	0.7667	0.7672	3.7024	0.7681	0.9054	1.1132	1.155	0.763	0.8145	1.1522	2.3601	1.1371	0.7664	0.7771	1.0007	0.7642	0.7705	0.7697	0.7775	0.7748	0.764	0.8064	0.8339	0.7647	0	0.7882	0.7655	1.5277	1.0775	0.7798	1.3405	1.5156	0.7695	1.4281	0.7675	0.7786	2.1932	0.7644	0.774
  n	0.881	0.7767	0.7718	0.7688	0.8955	0.9055	0.83	0.7682	0.7718	0.8027	0.7736	0.7765	0.7693	0.7725	0.7665	0.9193	0.7661	0.7762	0.8376	0.7657	0.7668	0.7669	1.145	0.7665	1.199	0.7716	0.7756	0.8243	0.7667	1.1625	0.7643	0.7695	0.7661	0.7995	0.7685	0.7649	0.7861	0.9568	1.0031	0.8592	0.765	1.0737	1.0451	0.7659	0.7882	0	0.764	0.9179	0.8619	1.2312	1.1232	0.7655	0.7689	2.1942	0.7709	0.7934	1.1037	1.0668	0.772
  o	0.7625	0.7716	0.7674	0.7636	0.7657	0.7647	0.763	0.7645	0.7653	4.5084	0.7645	0.7643	0.764	0.7655	0.7625	1.006	0.7629	0.7702	0.7663	0.7889	0.7625	0.7628	0.7657	0.7629	0.7702	0.7766	0.7644	0.7608	0.7622	0.767	0.8119	0.7715	0.7623	1.0137	0.7738	0.7615	0.7654	0.7673	0.7659	0.7662	0.761	0.7654	0.7682	0.762	0.7655	0.764	0	0.7672	0.7684	0.7676	1.1955	0.7863	0.7627	1.2618	0.7639	0.7714	1.152	0.7619	0.7669
  p	2.2819	1.5078	1.1656	1.0659	1.3629	0.779	0.7785	0.7714	2.0955	2.3257	0.829	0.7772	0.7764	0.774	0.7903	1.1789	1.1543	1.7915	0.8144	0.7819	1.2928	0.9817	0.7833	0.7695	1.5854	1.2999	0.8234	1.9204	0.774	1.1298	0.7709	1.3394	1.1608	0.8364	0.8148	0.7663	0.7824	0.7763	0.8729	0.9931	1.5361	1.4986	0.9857	0.9177	1.5277	0.9179	0.7672	0	1.1695	2.1595	0.7761	0.7692	0.9083	0.9689	0.7887	0.8171	1.6738	0.7867	0.7795
  q	0.8306	1.1939	0.7787	0.8557	1.2779	1.5143	0.8692	0.7773	0.7839	1.4714	1.2296	0.9048	0.7796	2.7558	1.1546	0.793	0.7721	0.8337	2.0003	0.9119	0.7736	0.7711	1.2305	0.7737	2.5304	0.98	0.882	0.7676	0.8361	1.3576	0.7717	0.7808	0.7795	0.7998	0.7786	1.0122	0.8013	1.2784	0.9202	1.1926	0.8032	1.3198	1.0891	0.7695	1.0775	0.8619	0.7684	1.1695	0	1.64	1.165	0.8522	0.7776	3.0158	0.815	2.3697	2.0334	0.7698	1.0737
  r	0.8621	1.1804	1.1689	0.7969	3.9542	1.1854	1.2084	1.0599	0.8007	0.7895	0.7807	0.8016	1.8076	1.3716	0.7755	2.1049	0.774	1.7735	1.2115	0.7787	1.021	1.5422	1.4451	0.7872	2.3382	1.8674	0.8139	0.8159	1.672	2.7466	0.7679	0.8625	1.343	2.2875	0.8466	0.7693	0.8417	0.9831	1.1276	0.9841	1.944	1.3175	1.0408	1.1575	0.7798	1.2312	0.7676	2.1595	1.64	0	0.8453	0.7747	1.835	2.9187	0.7776	1.0194	4.8033	0.7955	1.5344
  s	0.7991	1.1331	1.56	0.7881	0.7848	0.7729	0.7697	0.7855	0.7793	4.9823	1.0794	0.7838	0.7702	1.0219	0.7689	0.9838	0.8149	0.894	0.8294	0.8428	0.7687	1.1557	1.5933	0.7695	0.9294	0.878	0.7865	0.8227	0.7812	0.7792	0.9257	0.7795	0.7728	1.0075	0.7813	0.7672	1.3871	1.1051	0.8428	0.8539	0.7653	1.0195	1.5483	0.9994	1.3405	1.1232	1.1955	0.7761	1.165	0.8453	0	1.1203	1.0462	3.9563	0.7716	1.5652	1.8314	0.7675	0.8411
  t	0.7668	1.1871	0.9262	0.7674	0.7688	0.7672	0.7645	0.7675	0.7682	4.8472	0.7748	0.7666	0.766	0.7698	0.7644	1.39	0.7643	0.831	0.7759	1.2769	0.7646	0.7642	1.5452	0.7653	0.7777	1.822	0.7676	0.7619	0.7661	0.7702	1.1282	0.7682	0.7639	0.786	1.0048	0.7672	0.7678	0.7811	0.7693	0.7749	0.7627	0.7705	0.7721	0.7633	1.5156	0.7655	0.7863	0.7692	0.8522	0.7747	1.1203	0	0.7647	1.5216	1.0538	1.1627	0.9645	0.763	0.776
  u	0.7675	0.8834	0.7704	1.1154	0.8148	0.7705	0.7751	0.7854	0.7766	0.7751	0.7684	0.7743	0.7682	0.7688	0.7683	0.9348	0.7666	0.9304	0.7997	0.7652	0.7694	0.771	1.2817	0.765	0.8726	0.7732	1.0198	0.7635	1.1538	1.2235	0.7797	0.8701	0.7658	0.7771	0.7711	0.7645	0.7719	1.5347	0.7925	1.0142	0.7639	1.2293	2.2312	0.7657	0.7695	0.7689	0.7627	0.9083	0.7776	1.835	1.0462	0.7647	0	1.1661	0.7692	1.315	1.4284	0.7653	1.0038
  v	0.8127	2.6243	1.176	1.061	1.079	0.786	1.1602	3.3958	0.9773	5.4017	1.2502	0.8046	0.8944	1.9724	1.1333	3.6862	1.1664	0.919	0.7912	1.2633	0.7735	1.4278	2.6271	1.652	1.1921	1.3062	1.6811	0.7705	0.7744	2.3577	0.9882	1.6251	1.159	1.0264	1.214	1.1561	2.974	1.0569	1.5596	1.0114	0.7683	1.0664	1.2147	1.2429	1.4281	2.1942	1.2618	0.9689	3.0158	2.9187	3.9563	1.5216	1.1661	0	0.7751	1.428	1.7361	1.1561	1.7358
  w	0.7758	0.8458	1.1472	1.0011	0.7723	1.7229	0.7779	0.768	0.7703	0.8173	0.7684	0.7734	0.7687	0.7693	0.7662	0.7766	0.7665	0.9734	0.7727	0.7665	0.7669	0.7666	0.772	0.7841	0.8171	0.7746	1.0642	0.7643	0.7681	0.8779	0.7649	0.7692	0.766	1.256	0.7712	0.8799	0.7703	1.3863	0.7963	0.7731	1.0058	1.3601	1.1937	0.8867	0.7675	0.7709	0.7639	0.7887	0.815	0.7776	0.7716	1.0538	0.7692	0.7751	0	1.1555	1.4062	0.7661	0.7702
  x	0.7696	2.0476	0.7838	0.7711	0.7783	0.7728	0.7703	1.1018	0.7727	3.6168	0.7923	0.7713	0.7676	0.9002	0.816	0.8135	1.1621	1.0451	1.3101	0.8874	0.7675	0.7681	0.8016	0.7707	1.0931	1.2031	0.7713	0.7799	0.7693	0.7863	0.7682	0.7706	0.7672	1.2725	1.0623	0.7664	0.7821	2.1679	0.7908	0.775	0.766	1.0303	1.1397	0.7668	0.7786	0.7934	0.7714	0.8171	2.3697	1.0194	1.5652	1.1627	1.315	1.428	1.1555	0	1.5725	0.7664	0.7783
  y	1.7538	1.3888	1.1404	1.9287	2.2427	1.305	2.1796	0.7953	2.0717	0.9804	1.1829	1.5828	0.793	0.7903	1.5471	1.2006	0.7835	1.5244	3.0015	0.788	0.8269	1.9178	2.6547	1.1363	3.4991	2.4769	1.7994	1.0081	1.8031	1.395	0.7799	2.281	1.1916	2.0708	2.1452	0.7734	1.4159	1.5293	2.5069	1.9212	0.7805	1.8372	1.4162	0.7733	2.1932	1.1037	1.152	1.6738	2.0334	4.8033	1.8314	0.9645	1.4284	1.7361	1.4062	1.5725	0	1.1592	1.2703
  z	1.0183	0.7806	0.7698	0.7656	0.7683	0.7761	1.1674	0.765	0.8011	0.7676	0.9291	0.766	0.7644	0.7655	0.7636	0.7677	0.7638	0.7715	0.7706	0.7634	0.765	0.8587	0.766	0.7642	0.7745	0.7674	0.7665	0.7627	0.7641	0.7688	0.7623	1.3906	0.7639	0.7839	0.7665	0.7628	0.7662	1.4053	0.7785	0.7694	0.7626	0.9172	0.7729	0.7628	0.7644	1.0668	0.7619	0.7867	0.7698	0.7955	0.7675	0.763	0.7653	1.1561	0.7661	0.7664	1.1592	0	0.7677
  {	0.7727	1.2404	0.7772	0.7823	1.2049	0.7771	0.7739	0.7963	0.7796	1.279	1.5477	1.0286	0.7724	0.7839	0.7701	1.1716	0.7989	1.1319	1.3926	0.784	1.0388	0.7754	1.5279	0.7696	2.1067	1.4881	1.5616	0.7677	1.1008	0.9588	0.7678	1.1335	0.8622	0.9331	0.8564	0.7673	1.1615	0.7801	1.0915	1.14	0.768	0.8143	0.7835	0.7673	0.774	0.772	0.7669	0.7795	1.0737	1.5344	0.8411	0.776	1.0038	1.7358	0.7702	0.7783	1.2703	0.7677	0

Actual rates from j->i (Q_ij):
	A	B	C	D	E	F	G	H	I	J	K	L	M	N	O	P	Q	R	S	T	U	V	W	X	Y	Z	[	\	]	^	_	`	a	b	c	d	e	f	g	h	i	j	k	l	m	n	o	p	q	r	s	t	u	v	w	x	y	z	{
  A	0	0.0204	0.0176	0.0153	0.0186	0.0148	0.0442	0.0186	0.0167	0.0148	0.015	0.0149	0.0148	0.0147	0.0163	0.0148	0.0147	0.022	0.015	0.0147	0.0189	0.0149	0.0147	0.0347	0.0155	0.022	0.0147	0.0146	0.0147	0.0148	0.0146	0.0215	0.0147	0.0222	0.0148	0.0146	0.0147	0.0149	0.0428	0.0155	0.0146	0.0355	0.0223	0.0146	0.0147	0.0169	0.0146	0.0437	0.0159	0.0165	0.0153	0.0147	0.0147	0.0156	0.0149	0.0147	0.0336	0.0195	0.0148
  B	0.0192	0	0.0149	0.0271	0.0213	0.0193	0.0144	0.0213	0.0258	0.0613	0.0188	0.015	0.0141	0.0173	0.014	0.0237	0.014	0.0303	0.0175	0.0277	0.0145	0.015	0.0358	0.0194	0.0233	0.0512	0.0198	0.014	0.0178	0.0218	0.0171	0.0161	0.0141	0.0271	0.0238	0.014	0.026	0.0372	0.0158	0.0238	0.0142	0.0158	0.0353	0.0166	0.0219	0.014	0.0139	0.0273	0.0216	0.0213	0.0205	0.0215	0.016	0.0474	0.0153	0.037	0.0251	0.0141	0.0224
  C	0.0164	0.0147	0	0.0138	0.0142	0.0186	0.0144	0.0146	0.0147	0.0203	0.021	0.0138	0.0138	0.0161	0.014	0.0302	0.0186	0.0364	0.0142	0.0137	0.0197	0.0142	0.0139	0.0138	0.0283	0.0145	0.0138	0.0137	0.0138	0.0139	0.0137	0.0218	0.0137	0.0447	0.0252	0.0137	0.0208	0.0343	0.0244	0.0172	0.0137	0.014	0.021	0.0137	0.0138	0.0138	0.0137	0.0208	0.0139	0.0209	0.0278	0.0165	0.0137	0.021	0.0205	0.014	0.0203	0.0137	0.0139
  D	0.0147	0.0277	0.0142	0	0.0159	0.0143	0.0142	0.0142	0.0143	0.0143	0.0143	0.0191	0.0188	0.0142	0.0142	0.0143	0.0184	0.0182	0.0157	0.0142	0.0142	0.0142	0.0153	0.0142	0.0243	0.0144	0.0143	0.0141	0.0149	0.0145	0.019	0.0145	0.0142	0.0144	0.0142	0.0141	0.0142	0.0145	0.0158	0.0153	0.0141	0.0207	0.035	0.0142	0.0184	0.0142	0.0141	0.0197	0.0158	0.0147	0.0146	0.0142	0.0206	0.0196	0.0185	0.0142	0.0356	0.0141	0.0145
  E	0.0171	0.0208	0.014	0.0151	0	0.0158	0.0138	0.0241	0.014	0.0205	0.0192	0.014	0.0492	0.015	0.0136	0.0337	0.0144	0.0369	0.0189	0.0157	0.0396	0.0136	0.0228	0.0149	0.0172	0.0154	0.0137	0.0135	0.0156	0.0553	0.0135	0.0137	0.0174	0.0578	0.0235	0.0135	0.0204	0.0146	0.0354	0.0213	0.0135	0.014	0.0208	0.0135	0.0137	0.0158	0.0135	0.024	0.0225	0.0695	0.0138	0.0135	0.0143	0.019	0.0136	0.0137	0.0394	0.0135	0.0212
  F	0.0137	0.0191	0.0186	0.0138	0.016	0	0.0144	0.0141	0.0138	0.0138	0.0138	0.0208	0.0423	0.016	0.0137	0.0269	0.0137	0.0145	0.0139	0.0137	0.0138	0.0138	0.0181	0.0186	0.0258	0.0139	0.0138	0.0137	0.0207	0.0254	0.0137	0.0137	0.0137	0.0247	0.0138	0.0137	0.0165	0.016	0.0179	0.0139	0.0177	0.0181	0.021	0.0137	0.0137	0.0161	0.0136	0.0139	0.027	0.0211	0.0138	0.0137	0.0137	0.014	0.0307	0.0138	0.0233	0.0138	0.0139
  G	0.0405	0.014	0.0142	0.0135	0.0138	0.0142	0	0.0135	0.0272	0.0135	0.0135	0.0227	0.0135	0.0135	0.0135	0.0136	0.0135	0.0138	0.0257	0.0135	0.0135	0.0176	0.0135	0.0135	0.0265	0.0138	0.0179	0.0134	0.0135	0.0142	0.0134	0.0136	0.0135	0.0526	0.0136	0.0174	0.0135	0.0154	0.016	0.0136	0.0134	0.0136	0.0273	0.0134	0.0135	0.0146	0.0134	0.0137	0.0153	0.0212	0.0135	0.0134	0.0136	0.0204	0.0137	0.0135	0.0383	0.0205	0.0136
  H	0.0172	0.0209	0.0146	0.0136	0.0244	0.014	0.0136	0	0.0138	0.0208	0.0193	0.0139	0.02	0.0216	0.0206	0.024	0.0136	0.0234	0.0137	0.0137	0.0136	0.0136	0.0359	0.0322	0.0141	0.025	0.0172	0.0136	0.0144	0.0212	0.0136	0.0143	0.0164	0.0286	0.025	0.0136	0.0183	0.0203	0.0138	0.0138	0.0136	0.0137	0.0161	0.0136	0.0243	0.0136	0.0136	0.0137	0.0138	0.0188	0.014	0.0136	0.014	0.0603	0.0136	0.0196	0.0141	0.0136	0.0141
  I	0.0156	0.0254	0.0147	0.0138	0.0142	0.0138	0.0275	0.0138	0	0.0168	0.0353	0.0208	0.0137	0.0184	0.0146	0.014	0.0196	0.0215	0.0201	0.0175	0.0329	0.0137	0.0251	0.0137	0.0291	0.0205	0.0203	0.0137	0.0137	0.018	0.0141	0.0235	0.0137	0.0176	0.0228	0.0137	0.0185	0.0158	0.0258	0.0426	0.0137	0.014	0.0221	0.0137	0.0203	0.0138	0.0136	0.0374	0.014	0.0143	0.0139	0.0137	0.0138	0.0174	0.0137	0.0138	0.0369	0.0143	0.0139
  J	0.0086	0.0376	0.0126	0.0086	0.0129	0.0086	0.0086	0.013	0.0105	0	0.013	0.0086	0.0103	0.0096	0.0128	0.0129	0.0104	0.0131	0.0096	0.0534	0.0086	0.0092	0.0131	0.0086	0.0107	0.0354	0.0086	0.0086	0.0129	0.0114	0.0409	0.0117	0.0086	0.0263	0.0229	0.0089	0.0145	0.0149	0.0087	0.0087	0.0085	0.0087	0.0167	0.0086	0.0392	0.0089	0.0501	0.0258	0.0163	0.0088	0.0553	0.0538	0.0086	0.06	0.0091	0.0402	0.0109	0.0085	0.0142
  K	0.0143	0.0191	0.0215	0.0142	0.02	0.0141	0.0141	0.0199	0.0363	0.0214	0	0.0144	0.0141	0.0151	0.0143	0.0251	0.0147	0.0217	0.0143	0.0141	0.0302	0.014	0.036	0.0141	0.0152	0.0215	0.0142	0.014	0.0141	0.0144	0.014	0.0188	0.0141	0.0341	0.0224	0.014	0.0143	0.0142	0.0189	0.0209	0.014	0.0143	0.0178	0.0141	0.0149	0.0142	0.014	0.0152	0.0225	0.0143	0.0198	0.0142	0.0141	0.0229	0.0141	0.0145	0.0217	0.017	0.0283
  L	0.0141	0.0151	0.014	0.0188	0.0145	0.0211	0.0235	0.0142	0.0212	0.0141	0.0142	0	0.0144	0.014	0.014	0.028	0.0142	0.0153	0.0151	0.0139	0.014	0.0139	0.0217	0.014	0.0287	0.0198	0.0269	0.0139	0.0149	0.0219	0.0139	0.014	0.0183	0.0286	0.0141	0.0139	0.0141	0.014	0.0222	0.0153	0.0142	0.0142	0.0257	0.0141	0.015	0.0141	0.0139	0.0141	0.0164	0.0145	0.0142	0.0139	0.0141	0.0146	0.014	0.014	0.0287	0.0139	0.0187
  M	0.0141	0.0142	0.0141	0.0186	0.0511	0.0433	0.014	0.0205	0.0141	0.0169	0.0141	0.0145	0	0.0141	0.0211	0.0425	0.014	0.0143	0.0141	0.014	0.0206	0.014	0.0222	0.0279	0.0192	0.0141	0.014	0.0139	0.014	0.034	0.014	0.0141	0.014	0.0144	0.0141	0.014	0.0156	0.014	0.0263	0.019	0.014	0.0144	0.0145	0.014	0.018	0.0141	0.014	0.0142	0.0142	0.033	0.0141	0.014	0.014	0.0163	0.014	0.014	0.0145	0.014	0.0141
  N	0.0132	0.0164	0.0155	0.0132	0.0147	0.0153	0.0132	0.0209	0.0177	0.0148	0.0142	0.0132	0.0133	0	0.0199	0.0235	0.0132	0.0346	0.0179	0.0132	0.0139	0.0132	0.0171	0.0351	0.0175	0.0134	0.0172	0.0131	0.0198	0.0134	0.0131	0.0132	0.015	0.0186	0.0556	0.0131	0.0194	0.0135	0.0134	0.0158	0.0131	0.0133	0.0134	0.0132	0.0199	0.0132	0.0131	0.0133	0.0473	0.0235	0.0175	0.0132	0.0132	0.0338	0.0132	0.0154	0.0136	0.0131	0.0134
  O	0.0153	0.0139	0.0141	0.0138	0.0139	0.0138	0.0138	0.0209	0.0148	0.0207	0.014	0.0138	0.0208	0.0209	0	0.0283	0.0138	0.0148	0.0188	0.0137	0.0161	0.0137	0.0208	0.0138	0.0163	0.0139	0.0138	0.0137	0.0138	0.0313	0.0137	0.0138	0.0141	0.0139	0.0139	0.0137	0.014	0.0138	0.0193	0.0191	0.0137	0.0142	0.016	0.0141	0.014	0.0138	0.0137	0.0142	0.0208	0.0139	0.0138	0.0137	0.0138	0.0204	0.0138	0.0147	0.0278	0.0137	0.0138
  P	0.0133	0.0225	0.0291	0.0133	0.0329	0.0259	0.0133	0.0232	0.0135	0.0199	0.0235	0.0265	0.0399	0.0235	0.027	0	0.0132	0.0269	0.0134	0.0133	0.0133	0.0132	0.0282	0.0271	0.0183	0.0244	0.0135	0.0132	0.0133	0.0305	0.0132	0.0134	0.0196	0.0286	0.0417	0.0198	0.0154	0.0135	0.0153	0.0219	0.0132	0.0137	0.0288	0.0478	0.0169	0.0158	0.0173	0.0202	0.0136	0.0361	0.0169	0.0239	0.016	0.0633	0.0133	0.014	0.0206	0.0132	0.0201
  Q	0.0141	0.0143	0.0192	0.0183	0.0151	0.0141	0.0141	0.0141	0.0203	0.0173	0.0148	0.0144	0.0141	0.0141	0.0141	0.0142	0	0.0151	0.0142	0.0141	0.0151	0.0141	0.0142	0.0141	0.0353	0.0142	0.0145	0.014	0.0141	0.0236	0.014	0.0142	0.0141	0.0172	0.019	0.014	0.0142	0.0208	0.0149	0.0193	0.014	0.0142	0.0143	0.014	0.0142	0.0141	0.014	0.0212	0.0142	0.0142	0.015	0.0141	0.0141	0.0215	0.0141	0.0214	0.0144	0.0141	0.0147
  R	0.0191	0.0278	0.0339	0.0164	0.0348	0.0135	0.013	0.0219	0.02	0.0195	0.0196	0.014	0.013	0.0335	0.0136	0.026	0.0136	0	0.0152	0.0129	0.0177	0.0129	0.0409	0.0136	0.0225	0.033	0.0137	0.0128	0.0375	0.0296	0.0128	0.0169	0.0172	0.0634	0.0431	0.0128	0.0132	0.0145	0.0279	0.0229	0.0128	0.0268	0.016	0.0193	0.0136	0.0129	0.0128	0.0297	0.0138	0.0294	0.0148	0.0138	0.0154	0.0152	0.0162	0.0173	0.0253	0.0128	0.0188
  S	0.0126	0.0156	0.0128	0.0136	0.0173	0.0126	0.0235	0.0124	0.0182	0.0139	0.0126	0.0134	0.0124	0.0168	0.0169	0.0125	0.0124	0.0147	0	0.0124	0.0124	0.0124	0.0126	0.0129	0.0253	0.0323	0.0126	0.0124	0.0137	0.0144	0.0123	0.0129	0.015	0.0229	0.0191	0.0229	0.0125	0.0127	0.0171	0.0131	0.0138	0.0183	0.0129	0.0124	0.0182	0.0135	0.0123	0.0131	0.0322	0.0195	0.0133	0.0125	0.0129	0.0127	0.0124	0.0211	0.0483	0.0124	0.0224
  T	0.0126	0.0252	0.0127	0.0126	0.0147	0.0126	0.0126	0.0126	0.0161	0.0791	0.0127	0.0126	0.0126	0.0126	0.0126	0.0128	0.0126	0.0128	0.0127	0	0.0126	0.0126	0.0159	0.0126	0.0191	0.0222	0.0169	0.0125	0.0126	0.0127	0.0127	0.0126	0.0126	0.0158	0.0127	0.0126	0.0127	0.0127	0.0127	0.0157	0.0126	0.0128	0.0127	0.0126	0.017	0.0126	0.013	0.0129	0.015	0.0128	0.0139	0.021	0.0126	0.0208	0.0126	0.0146	0.013	0.0126	0.0129
  U	0.0179	0.0145	0.0201	0.0139	0.0408	0.014	0.0139	0.0139	0.0335	0.0141	0.0299	0.014	0.0205	0.0147	0.0162	0.0141	0.0149	0.0193	0.014	0.0139	0	0.0139	0.0145	0.0139	0.0211	0.0255	0.0141	0.0139	0.0139	0.0147	0.0138	0.0141	0.0139	0.0141	0.034	0.0139	0.0139	0.0139	0.0151	0.0216	0.0139	0.021	0.0181	0.0139	0.0139	0.0139	0.0138	0.0234	0.014	0.0185	0.0139	0.0139	0.014	0.014	0.0139	0.0139	0.015	0.0139	0.0188
  V	0.0141	0.015	0.0144	0.0139	0.014	0.014	0.0181	0.0139	0.0139	0.015	0.0139	0.0139	0.0139	0.0139	0.0138	0.0139	0.0139	0.014	0.014	0.0138	0.0139	0	0.015	0.0139	0.0144	0.014	0.0139	0.0138	0.0138	0.0207	0.0138	0.0184	0.0139	0.048	0.0139	0.0138	0.0139	0.0181	0.014	0.0139	0.0138	0.0139	0.014	0.0138	0.0139	0.0139	0.0138	0.0178	0.014	0.0279	0.0209	0.0138	0.014	0.0258	0.0139	0.0139	0.0347	0.0155	0.014
  W	0.0097	0.0251	0.0098	0.0105	0.0164	0.0129	0.0098	0.0256	0.0178	0.015	0.0249	0.0151	0.0154	0.0126	0.0147	0.0208	0.0097	0.0312	0.0099	0.0123	0.0101	0.0105	0	0.0146	0.0406	0.0202	0.0099	0.0097	0.0109	0.0174	0.03	0.0098	0.0123	0.0248	0.017	0.0097	0.0112	0.0194	0.0248	0.0199	0.0097	0.0168	0.0443	0.0146	0.0469	0.0145	0.0097	0.0099	0.0156	0.0183	0.0202	0.0196	0.0162	0.0333	0.0098	0.0102	0.0336	0.0097	0.0194
  X	0.0326	0.0193	0.0139	0.0138	0.0153	0.0188	0.0138	0.0326	0.0138	0.0139	0.0139	0.0138	0.0275	0.0369	0.0139	0.0284	0.0138	0.0148	0.0145	0.0138	0.0138	0.0138	0.0208	0	0.014	0.0278	0.0139	0.0206	0.0138	0.0139	0.0137	0.0138	0.0189	0.0216	0.0584	0.0137	0.0139	0.0138	0.0214	0.0139	0.0137	0.0142	0.0139	0.0154	0.0138	0.0138	0.0137	0.0139	0.0139	0.0142	0.0139	0.0138	0.0138	0.0297	0.0141	0.0139	0.0205	0.0138	0.0139
  Y	0.0119	0.0191	0.0234	0.0194	0.0144	0.0213	0.0223	0.0117	0.0241	0.0142	0.0123	0.0234	0.0155	0.015	0.0134	0.0157	0.0283	0.02	0.0232	0.0171	0.0171	0.0117	0.0472	0.0115	0	0.0279	0.0166	0.0115	0.0195	0.0305	0.0114	0.0183	0.0222	0.031	0.0119	0.0114	0.0345	0.0145	0.0418	0.0364	0.0115	0.0395	0.0402	0.0117	0.0134	0.0177	0.0114	0.0234	0.0373	0.0345	0.0137	0.0115	0.0129	0.0176	0.0121	0.0161	0.0516	0.0114	0.0311
  Z	0.0171	0.0421	0.0121	0.0116	0.013	0.0116	0.0117	0.021	0.0171	0.0475	0.0175	0.0163	0.0115	0.0116	0.0115	0.0212	0.0115	0.0296	0.0299	0.0201	0.021	0.0115	0.0238	0.023	0.0282	0	0.0187	0.0114	0.0169	0.0117	0.0171	0.0116	0.0231	0.0262	0.0119	0.0168	0.0115	0.0116	0.018	0.0184	0.0157	0.0167	0.012	0.0114	0.0166	0.0115	0.0116	0.0194	0.0146	0.0278	0.0131	0.0271	0.0115	0.0194	0.0115	0.0179	0.0369	0.0114	0.0222
  [	0.0143	0.0204	0.0144	0.0144	0.0145	0.0144	0.0189	0.0181	0.0212	0.0145	0.0145	0.0276	0.0143	0.0187	0.0143	0.0146	0.0147	0.0154	0.0146	0.0191	0.0145	0.0143	0.0145	0.0143	0.021	0.0234	0	0.0142	0.0143	0.0191	0.0142	0.0144	0.0143	0.015	0.0216	0.0143	0.0187	0.0163	0.0165	0.0256	0.0143	0.0147	0.016	0.0143	0.0215	0.0144	0.0142	0.0153	0.0164	0.0152	0.0147	0.0143	0.019	0.0313	0.0198	0.0144	0.0335	0.0143	0.0291
  \	0.0143	0.0144	0.0143	0.0143	0.0143	0.0143	0.0143	0.0143	0.0143	0.0144	0.0143	0.0143	0.0143	0.0143	0.0143	0.0144	0.0143	0.0144	0.0144	0.0143	0.0143	0.0143	0.0143	0.0214	0.0146	0.0143	0.0143	0	0.0143	0.0143	0.0142	0.0143	0.0143	0.0144	0.0143	0.0142	0.0188	0.0211	0.0152	0.0143	0.0142	0.0191	0.0144	0.0197	0.0143	0.0154	0.0142	0.0359	0.0144	0.0153	0.0154	0.0143	0.0143	0.0144	0.0143	0.0146	0.0189	0.0143	0.0144
  ]	0.014	0.018	0.0141	0.0146	0.0162	0.0211	0.014	0.0148	0.014	0.0211	0.014	0.0149	0.014	0.0211	0.0139	0.0141	0.0139	0.0412	0.0155	0.0139	0.014	0.0139	0.0156	0.0139	0.024	0.0207	0.014	0.0139	0	0.0141	0.0139	0.0143	0.014	0.0142	0.0167	0.0139	0.0156	0.014	0.0142	0.0153	0.0139	0.0151	0.0192	0.0139	0.0148	0.014	0.0139	0.0141	0.0152	0.0305	0.0142	0.014	0.021	0.0141	0.014	0.014	0.0328	0.0139	0.0201
  ^	0.0123	0.0192	0.0124	0.0124	0.0499	0.0227	0.0128	0.019	0.016	0.0163	0.0125	0.0192	0.0296	0.0124	0.0277	0.0282	0.0204	0.0283	0.0142	0.0123	0.0129	0.0182	0.0218	0.0123	0.0328	0.0125	0.0163	0.0122	0.0123	0	0.0122	0.0158	0.0123	0.0159	0.0146	0.0122	0.0159	0.0125	0.019	0.0181	0.0122	0.0131	0.0163	0.0122	0.0183	0.0185	0.0122	0.0179	0.0216	0.0436	0.0124	0.0122	0.0194	0.0374	0.0139	0.0125	0.0222	0.0122	0.0152
  _	0.0126	0.0157	0.0127	0.017	0.0127	0.0126	0.0126	0.0127	0.013	0.0609	0.0126	0.0127	0.0127	0.0126	0.0126	0.0127	0.0126	0.0128	0.0127	0.0128	0.0126	0.0126	0.0391	0.0126	0.0128	0.019	0.0126	0.0126	0.0126	0.0127	0	0.0127	0.0126	0.013	0.0127	0.0126	0.0126	0.0127	0.0127	0.0127	0.0126	0.0127	0.0155	0.0126	0.039	0.0126	0.0134	0.0127	0.0127	0.0127	0.0153	0.0186	0.0129	0.0163	0.0126	0.0127	0.0129	0.0126	0.0127
  `	0.0197	0.0156	0.0215	0.0137	0.0137	0.0135	0.0135	0.0142	0.0231	0.0184	0.018	0.0135	0.0135	0.0135	0.0135	0.0137	0.0135	0.0178	0.0141	0.0135	0.0137	0.0178	0.0136	0.0135	0.0218	0.0137	0.0135	0.0134	0.0138	0.0174	0.0135	0	0.0182	0.0173	0.0177	0.0134	0.0142	0.0135	0.0137	0.0144	0.0134	0.0149	0.0137	0.0134	0.0199	0.0135	0.0135	0.0235	0.0137	0.0151	0.0137	0.0135	0.0153	0.0285	0.0135	0.0135	0.04	0.0244	0.0199
  a	0.014	0.0142	0.0141	0.014	0.0181	0.0141	0.014	0.0169	0.0141	0.0141	0.0141	0.0185	0.014	0.016	0.0144	0.0209	0.014	0.019	0.0171	0.014	0.014	0.014	0.0178	0.0192	0.0275	0.0284	0.0141	0.014	0.014	0.0141	0.014	0.019	0	0.0195	0.0141	0.014	0.0141	0.014	0.0142	0.0143	0.014	0.0141	0.0162	0.014	0.014	0.014	0.014	0.0212	0.0143	0.0246	0.0141	0.014	0.014	0.0212	0.014	0.014	0.0218	0.014	0.0158
  b	0.0165	0.0214	0.0358	0.0111	0.047	0.0198	0.0428	0.023	0.0141	0.0338	0.0267	0.0225	0.0112	0.0155	0.0111	0.0238	0.0134	0.0547	0.0203	0.0138	0.0111	0.0379	0.028	0.0172	0.03	0.0251	0.0116	0.011	0.0112	0.0143	0.0112	0.0141	0.0152	0	0.0296	0.011	0.0125	0.0187	0.0168	0.0274	0.011	0.0183	0.0215	0.0166	0.0111	0.0114	0.0145	0.012	0.0114	0.0327	0.0144	0.0112	0.0111	0.0147	0.018	0.0182	0.0296	0.0112	0.0133
  c	0.0121	0.0207	0.0222	0.0121	0.021	0.0122	0.0121	0.022	0.0201	0.0324	0.0192	0.0122	0.0121	0.0509	0.0121	0.0381	0.0162	0.0407	0.0186	0.0121	0.0294	0.0121	0.021	0.0509	0.0127	0.0125	0.0182	0.012	0.0143	0.0144	0.012	0.0158	0.0121	0.0324	0	0.012	0.0161	0.0121	0.0139	0.0139	0.012	0.0122	0.0152	0.0121	0.0157	0.0121	0.0121	0.0128	0.0122	0.0133	0.0123	0.0158	0.0121	0.019	0.0121	0.0167	0.0337	0.012	0.0134
