{
  "generated_by": {
    "program": "augur",
    "version": "7.0.2"
  },
  "models": {
    "country": {
      "alphabet": [
        "Alaska",
        "Arizona",
        "California",
        "Connecticut",
        "Florida",
        "Georgia",
        "Idaho",
        "Illinois",
        "Iowa",
        "Louisiana",
        "Maryland",
        "Massachusetts",
        "Michigan",
        "Minnesota",
        "Missouri",
        "Nebraska",
        "New Jersey",
        "New Mexico",
        "New York",
        "North Carolina",
        "Ohio",
        "Oregon",
        "Pennsylvania",
        "South Carolina",
        "Texas",
        "Utah",
        "Virginia",
        "Washington",
        "Wisconsin",
        "Wyoming",
        "?"
      ],
      "equilibrium_probabilities": [
        0.04056124589559537,
        0.03638444550990175,
        0.029925026731354845,
        0.03156957111101508,
        0.030823272286910095,
        0.04317129662733142,
        0.024128690147663452,
        0.034202084003839346,
        0.03620102259658449,
        0.014278193468208373,
        0.028463157121139383,
        0.03512125390141868,
        0.029745020251973325,
        0.034069902271282614,
        0.03738944478026552,
        0.03756410343436059,
        0.037893936641273974,
        0.03403987824971415,
        0.02946850862312749,
        0.037611199674873835,
        0.03972747863738622,
        0.025672511275788245,
        0.03611396512932738,
        0.03780507942915083,
        0.030602562190325724,
        0.02836631433671979,
        0.035713216832401154,
        0.029880361962597843,
        0.03630743938969987,
        0.037199817488769306
      ],
      "rate": 318.1157637764316,
      "transition_matrix": [
        [
          0.0,
          0.5808373492834162,
          0.5934482381476021,
          0.5192076705021542,
          0.82439762652546,
          0.5146163318494879,
          1.2059701389045303,
          0.6615394364031097,
          0.5126842926889728,
          0.7835838339018524,
          0.6651072761905077,
          0.7016677340506351,
          0.5420788224041716,
          0.5262431464071882,
          0.68302581674222,
          0.5142400750025362,
          0.5273988959397183,
          0.5176746816288719,
          1.220653577828989,
          0.7875548853574854,
          0.5136116565252822,
          1.0673401207006559,
          0.5186984629254229,
          0.6737043789763867,
          1.4107423742669265,
          1.427737254656941,
          0.7826980445750686,
          0.5245715899198917,
          0.5534734546218136,
          0.5209879018468143
        ],
        [
          0.5808373492834162,
          0.0,
          1.2987926018132374,
          0.8806576578584252,
          1.2001333610175586,
          0.8308486848723721,
          0.5184935778281505,
          1.3036634945349415,
          0.6695471505956825,
          1.9129511935933563,
          0.8527531763847157,
          0.9190513309632447,
          0.5922911701758958,
          0.9299463537408642,
          0.5558445294962494,
          0.5219652646932053,
          0.771945247610919,
          0.5320099971933158,
          1.8959694745511644,
          0.6417157391328813,
          0.5788943044525123,
          1.6926385389628809,
          0.9473801573369393,
          0.5122601251493776,
          1.7632586380503232,
          1.0032951867913724,
          1.1027737931767152,
          3.111027483307477,
          0.7616691982460347,
          0.5830655345723393
        ],
        [
          0.5934482381476021,
          1.2987926018132374,
          0.0,
          1.0420381909064513,
          2.801229811615642,
          0.7844535847691392,
          0.5270468541257257,
          1.6470320529468203,
          1.0468321913647234,
          2.425047770384283,
          2.141932340820634,
          1.2640135347664878,
          2.5319841098785547,
          1.313693870824138,
          0.6522604027639675,
          0.6720383573298748,
          0.6621003089892589,
          0.6524254567598822,
          3.231586385441803,
          1.1515429115742295,
          0.6032166164573685,
          3.863012075099666,
          0.8396784212503363,
          0.5192056913973915,
          1.0142546710060922,
          3.1761673817544467,
          0.9721196448147255,
          2.1002186377882106,
          2.659907413714173,
          1.2009840385086665
        ],
        [
          0.5192076705021542,
          0.8806576578584252,
          1.0420381909064513,
          0.0,
          0.9009975426694903,
          0.5212958148692471,
          1.9585872447934043,
          0.95517217356136,
          0.5161518334461368,
          4.239213484328106,
          1.1755955284997395,
          1.2383692042635688,
          2.441420530712307,
          1.278261546210413,
          0.5156512680163433,
          0.879363246074246,
          2.0970390944474113,
          1.2513247048235103,
          3.6201758761726923,
          0.7873886482178356,
          1.6945499126974854,
          1.050805134669801,
          0.555841965913786,
          0.5131770768402789,
          1.412634415192175,
          0.8806352199202717,
          0.5777673995303566,
          2.4553597542689682,
          0.6659876196418514,
          1.0740530473401786
        ],
        [
          0.82439762652546,
          1.2001333610175586,
          2.801229811615642,
          0.9009975426694903,
          0.0,
          1.136535631976452,
          0.7902765071044741,
          1.9139131134188363,
          0.6768502632118595,
          5.397894593196722,
          1.828953493105649,
          1.1411743440998383,
          0.976047621755955,
          2.024499514307947,
          0.7109421704524241,
          0.5423529362671112,
          0.6352323984014698,
          0.9327627514418279,
          3.0975573414064255,
          1.0444997003624952,
          1.1238109744953477,
          1.463963560680551,
          1.3016572970569413,
          0.8256320031748677,
          1.451623500187601,
          1.5249690583886046,
          2.554407934535809,
          1.1613819652083532,
          1.3705033653009688,
          0.7520572513938435
        ],
        [
          0.5146163318494879,
          0.8308486848723721,
          0.7844535847691392,
          0.5212958148692471,
          1.136535631976452,
          0.0,
          0.5119922554367858,
          1.4533563534721399,
          0.5117112465498217,
          0.9124045969529027,
          0.9769108966242054,
          0.5227485931276764,
          0.6673472254253138,
          0.5859973211597826,
          0.6745684198554517,
          0.5118235385575283,
          0.5423992418010026,
          0.5155460546887253,
          0.6576518254284964,
          0.5210142969698758,
          0.5235297851655184,
          0.5643407778557337,
          0.5252293412996297,
          2.0941226306553355,
          0.5838859905472441,
          0.5303868146663518,
          1.0996950684525604,
          1.0065415880385293,
          0.524635648932436,
          0.7768997093950971
        ],
        [
          1.2059701389045303,
          0.5184935778281505,
          0.5270468541257257,
          1.9585872447934043,
          0.7902765071044741,
          0.5119922554367858,
          0.0,
          0.788305397501588,
          0.5108820410146643,
          2.1408188611271823,
          0.6656413430618462,
          1.0333429950890956,
          1.4281707957282117,
          0.7599393970063564,
          0.9309771321715572,
          0.5117064610831582,
          0.5220207488260148,
          0.5205597574363515,
          0.826998755931919,
          0.8070515799480721,
          0.5125853188885762,
          1.5945138137045842,
          0.517713845259565,
          0.5101270929991572,
          0.6559341536902521,
          1.717477918584725,
          0.7834998974989762,
          1.6639721949629025,
          1.207614259807255,
          0.6661471479745383
        ],
        [
          0.6615394364031097,
          1.3036634945349415,
          1.6470320529468203,
          0.95517217356136,
          1.9139131134188363,
          1.4533563534721399,
          0.788305397501588,
          0.0,
          0.7546932808164702,
          1.9074544496663606,
          2.4984791924515988,
          1.5319382276524542,
          1.4211963869409265,
          1.028115057205454,
          0.8625130545958186,
          0.5159052796968866,
          0.6182493668574724,
          0.8118983557363231,
          1.0161717378328123,
          1.2648599361640116,
          0.520441248044052,
          0.808973118138034,
          1.3066751598091213,
          0.9437287652950599,
          1.1095820286912226,
          1.237528809153357,
          0.8147020872349099,
          1.4069033138422478,
          6.583244175629644,
          0.5364682724973623
        ],
        [
          0.5126842926889728,
          0.6695471505956825,
          1.0468321913647234,
          0.5161518334461368,
          0.6768502632118595,
          0.5117112465498217,
          0.5108820410146643,
          0.7546932808164702,
          0.0,
          0.6596738736558125,
          0.5173256190274358,
          0.5156318814427571,
          0.5341454157504736,
          0.5171901347065413,
          0.5116200340977424,
          0.5102012822254168,
          0.515688411253162,
          0.5115413948002044,
          0.5355121275736453,
          0.5143524890158027,
          0.5107464190135088,
          0.6509223119851173,
          0.515147466991035,
          0.5098072833596375,
          0.516612617454488,
          1.4741621109411018,
          0.5327357462506002,
          0.5147415024652847,
          0.813752091867786,
          0.513513345931408
        ],
        [
          0.7835838339018524,
          1.9129511935933563,
          2.425047770384283,
          4.239213484328106,
          5.397894593196722,
          0.9124045969529027,
          2.1408188611271823,
          1.9074544496663606,
          0.6596738736558125,
          0.0,
          3.289216638591465,
          1.561795907224261,
          4.446885218191415,
          3.2847845670508664,
          0.5232923253939397,
          1.4331059825680212,
          2.1328545540262396,
          2.259919455275728,
          2.494169223863219,
          1.60648170415469,
          0.5222498792409901,
          1.9935720687214404,
          3.8134626194586216,
          0.8006172170239811,
          4.429322035073282,
          2.782365560507055,
          2.4813543528245208,
          0.6581899279133109,
          1.308835098498056,
          1.4730882630798392
        ],
        [
          0.6651072761905077,
          0.8527531763847157,
          2.141932340820634,
          1.1755955284997395,
          1.828953493105649,
          0.9769108966242054,
          0.6656413430618462,
          2.4984791924515988,
          0.5173256190274358,
          3.289216638591465,
          0.0,
          1.3387976462279207,
          1.6638883194992637,
          2.1474610498409317,
          0.5237040522161883,
          0.8742104070118921,
          0.8462036667330827,
          1.2265983995500727,
          1.4696793690086525,
          0.8627354964346058,
          1.0295409164366498,
          2.691131800947484,
          1.8474191174358616,
          1.0318853255346716,
          3.5153907384216074,
          1.8055895686296257,
          3.8429636863247656,
          0.8151491516779122,
          0.854635713937997,
          0.6085832716489256
        ],
        [
          0.7016677340506351,
          0.9190513309632447,
          1.2640135347664878,
          1.2383692042635688,
          1.1411743440998383,
          0.5227485931276764,
          1.0333429950890956,
          1.5319382276524542,
          0.5156318814427571,
          1.561795907224261,
          1.3387976462279207,
          0.0,
          1.1415706056507133,
          0.7615497261987845,
          0.8582830359712239,
          0.5162097217945302,
          0.8428719129530823,
          0.5275796142992941,
          1.603148621224505,
          1.5303694092596012,
          0.6262539872712948,
          1.4534581558595854,
          1.2198413424038428,
          0.5124848733306441,
          1.466772071354506,
          1.8256175457468289,
          3.590231243096533,
          0.8209570415636073,
          0.744978047663659,
          0.6774896624221195
        ],
        [
          0.5420788224041716,
          0.5922911701758958,
          2.5319841098785547,
          2.441420530712307,
          0.976047621755955,
          0.6673472254253138,
          1.4281707957282117,
          1.4211963869409265,
          0.5341454157504736,
          4.446885218191415,
          1.6638883194992637,
          1.1415706056507133,
          0.0,
          3.1560224757466604,
          0.6643847175504807,
          1.2670173623128744,
          0.8734938386904676,
          0.6552402815420492,
          2.898313914795678,
          0.776855139461971,
          0.521266806537503,
          0.9464172937210173,
          0.7621662988733873,
          0.9024750821838845,
          2.620288229815963,
          2.023251332871507,
          1.8836236070130374,
          1.0007520030759458,
          1.0082323380961586,
          1.4111831740136689
        ],
        [
          0.5262431464071882,
          0.9299463537408642,
          1.313693870824138,
          1.278261546210413,
          2.024499514307947,
          0.5859973211597826,
          0.7599393970063564,
          1.028115057205454,
          0.5171901347065413,
          3.2847845670508664,
          2.1474610498409317,
          0.7615497261987845,
          3.1560224757466604,
          0.0,
          0.5188868902604535,
          0.6958705961454165,
          0.5505283178184378,
          0.950186525640818,
          1.022336996873063,
          0.9791436535704157,
          0.5216986604038355,
          1.4753090386751049,
          1.4202171069264564,
          0.5134009069224578,
          1.4312704190098107,
          1.254418843677883,
          1.6806173810803193,
          1.052302526971697,
          2.8440800229733827,
          0.6732853057747392
        ],
        [
          0.68302581674222,
          0.5558445294962494,
          0.6522604027639675,
          0.5156512680163433,
          0.7109421704524241,
          0.6745684198554517,
          0.9309771321715572,
          0.8625130545958186,
          0.5116200340977424,
          0.5232923253939397,
          0.5237040522161883,
          0.8582830359712239,
          0.6643847175504807,
          0.5188868902604535,
          0.0,
          0.5129304078902486,
          0.5139992336682353,
          0.51612700002141,
          0.5347085683902884,
          0.5353938214515136,
          0.511906779153139,
          0.8580434507592897,
          0.5749180918191559,
          0.5113542163411471,
          1.4964589278134517,
          1.6920402735653286,
          0.9342214557953614,
          1.2943903046383634,
          0.5207337675658067,
          0.5162462729709104
        ],
        [
          0.5142400750025362,
          0.5219652646932053,
          0.6720383573298748,
          0.879363246074246,
          0.5423529362671112,
          0.5118235385575283,
          0.5117064610831582,
          0.5159052796968866,
          0.5102012822254168,
          1.4331059825680212,
          0.8742104070118921,
          0.5162097217945302,
          1.2670173623128744,
          0.6958705961454165,
          0.5129304078902486,
          0.0,
          0.5208473135461069,
          0.5763594723905185,
          0.7550433234607381,
          0.5322151557666488,
          0.511044162393618,
          0.7962976548141211,
          0.517603003656106,
          0.5094345050676207,
          0.6687461011479584,
          0.6551506598973826,
          0.6997874981211752,
          0.5150220827304387,
          0.5192588038425552,
          0.5155067200976847
        ],
        [
          0.5273988959397183,
          0.771945247610919,
          0.6621003089892589,
          2.0970390944474113,
          0.6352323984014698,
          0.5423992418010026,
          0.5220207488260148,
          0.6182493668574724,
          0.515688411253162,
          2.1328545540262396,
          0.8462036667330827,
          0.8428719129530823,
          0.8734938386904676,
          0.5505283178184378,
          0.5139992336682353,
          0.5208473135461069,
          0.0,
          0.5531796534677832,
          3.6817332820612303,
          0.8391796782702463,
          0.8857237812594398,
          0.7014216044217672,
          0.760694362662668,
          0.5118179724293619,
          0.9389937432287799,
          0.5444213778483805,
          0.9329881026906122,
          0.5750394979318171,
          1.3672367781776849,
          0.7607821502449678
        ],
        [
          0.5176746816288719,
          0.5320099971933158,
          0.6524254567598822,
          1.2513247048235103,
          0.9327627514418279,
          0.5155460546887253,
          0.5205597574363515,
          0.8118983557363231,
          0.5115413948002044,
          2.259919455275728,
          1.2265983995500727,
          0.5275796142992941,
          0.6552402815420492,
          0.950186525640818,
          0.51612700002141,
          0.5763594723905185,
          0.5531796534677832,
          0.0,
          0.6995145173959528,
          0.6536308019375717,
          0.5135695714736529,
          0.9707798901888576,
          1.4570471758596253,
          0.5105748151592707,
          1.2610377091055525,
          0.5699776752693628,
          0.8406734568487766,
          0.6553387800427205,
          0.6254485448340854,
          0.688473673332063
        ],
        [
          1.220653577828989,
          1.8959694745511644,
          3.231586385441803,
          3.6201758761726923,
          3.0975573414064255,
          0.6576518254284964,
          0.826998755931919,
          1.0161717378328123,
          0.5355121275736453,
          2.494169223863219,
          1.4696793690086525,
          1.603148621224505,
          2.898313914795678,
          1.022336996873063,
          0.5347085683902884,
          0.7550433234607381,
          3.6817332820612303,
          0.6995145173959528,
          0.0,
          1.1457588205476041,
          0.9256769358656215,
          3.602193199414031,
          1.5594289764813951,
          0.5269008893522611,
          1.1207705583421295,
          1.6628389244270214,
          2.0453248452644046,
          1.0218082865646505,
          1.8029901059533746,
          1.3481837267979213
        ],
        [
          0.7875548853574854,
          0.6417157391328813,
          1.1515429115742295,
          0.7873886482178356,
          1.0444997003624952,
          0.5210142969698758,
          0.8070515799480721,
          1.2648599361640116,
          0.5143524890158027,
          1.60648170415469,
          0.8627354964346058,
          1.5303694092596012,
          0.776855139461971,
          0.9791436535704157,
          0.5353938214515136,
          0.5322151557666488,
          0.8391796782702463,
          0.6536308019375717,
          1.1457588205476041,
          0.0,
          0.5167219792963166,
          0.5355767801877616,
          0.9354889380337587,
          0.5126090618681745,
          0.9917425981469374,
          1.157925084289013,
          1.436533791610633,
          1.091807442844531,
          0.7174388282479366,
          0.84815685026398
        ],
        [
          0.5136116565252822,
          0.5788943044525123,
          0.6032166164573685,
          1.6945499126974854,
          1.1238109744953477,
          0.5235297851655184,
          0.5125853188885762,
          0.520441248044052,
          0.5107464190135088,
          0.5222498792409901,
          1.0295409164366498,
          0.6262539872712948,
          0.521266806537503,
          0.5216986604038355,
          0.511906779153139,
          0.511044162393618,
          0.8857237812594398,
          0.5135695714736529,
          0.9256769358656215,
          0.5167219792963166,
          0.0,
          0.840383576905229,
          0.5204768173792116,
          0.5099923386726469,
          0.6626181935516466,
          0.5884476169787572,
          0.7953810183149804,
          0.5623476373714923,
          0.666925332571185,
          0.5163224201568211
        ],
        [
          1.0673401207006559,
          1.6926385389628809,
          3.863012075099666,
          1.050805134669801,
          1.463963560680551,
          0.5643407778557337,
          1.5945138137045842,
          0.808973118138034,
          0.6509223119851173,
          1.9935720687214404,
          2.691131800947484,
          1.4534581558595854,
          0.9464172937210173,
          1.4753090386751049,
          0.8580434507592897,
          0.7962976548141211,
          0.7014216044217672,
          0.9707798901888576,
          3.602193199414031,
          0.5355767801877616,
          0.840383576905229,
          0.0,
          0.6665017470008295,
          0.5125709888793311,
          1.1478445079869328,
          1.8236313630146137,
          1.3727399824672164,
          4.252257563117598,
          1.7252538024641964,
          0.559413344507833
        ],
        [
          0.5186984629254229,
          0.9473801573369393,
          0.8396784212503363,
          0.555841965913786,
          1.3016572970569413,
          0.5252293412996297,
          0.517713845259565,
          1.3066751598091213,
          0.515147466991035,
          3.8134626194586216,
          1.8474191174358616,
          1.2198413424038428,
          0.7621662988733873,
          1.4202171069264564,
          0.5749180918191559,
          0.517603003656106,
          0.760694362662668,
          1.4570471758596253,
          1.5594289764813951,
          0.9354889380337587,
          0.5204768173792116,
          0.6665017470008295,
          0.0,
          0.512432757224597,
          0.6375145369994828,
          0.8726913365085054,
          1.6832893355081724,
          0.7392134106899642,
          0.8777234914008042,
          1.1105158315771786
        ],
        [
          0.6737043789763867,
          0.5122601251493776,
          0.5192056913973915,
          0.5131770768402789,
          0.8256320031748677,
          2.0941226306553355,
          0.5101270929991572,
          0.9437287652950599,
          0.5098072833596375,
          0.8006172170239811,
          1.0318853255346716,
          0.5124848733306441,
          0.9024750821838845,
          0.5134009069224578,
          0.5113542163411471,
          0.5094345050676207,
          0.5118179724293619,
          0.5105748151592707,
          0.5269008893522611,
          0.5126090618681745,
          0.5099923386726469,
          0.5125709888793311,
          0.512432757224597,
          0.0,
          0.5142476231784187,
          0.6452389694565931,
          0.5168352133755435,
          0.5108537541209263,
          0.5119986673986615,
          0.5144270057042857
        ],
        [
          1.4107423742669265,
          1.7632586380503232,
          1.0142546710060922,
          1.412634415192175,
          1.451623500187601,
          0.5838859905472441,
          0.6559341536902521,
          1.1095820286912226,
          0.516612617454488,
          4.429322035073282,
          3.5153907384216074,
          1.466772071354506,
          2.620288229815963,
          1.4312704190098107,
          1.4964589278134517,
          0.6687461011479584,
          0.9389937432287799,
          1.2610377091055525,
          1.1207705583421295,
          0.9917425981469374,
          0.6626181935516466,
          1.1478445079869328,
          0.6375145369994828,
          0.5142476231784187,
          0.0,
          0.9342616608160483,
          2.3315745106051,
          1.4015948866365104,
          1.3348652003088088,
          0.9880322145693446
        ],
        [
          1.427737254656941,
          1.0032951867913724,
          3.1761673817544467,
          0.8806352199202717,
          1.5249690583886046,
          0.5303868146663518,
          1.717477918584725,
          1.237528809153357,
          1.4741621109411018,
          2.782365560507055,
          1.8055895686296257,
          1.8256175457468289,
          2.023251332871507,
          1.254418843677883,
          1.6920402735653286,
          0.6551506598973826,
          0.5444213778483805,
          0.5699776752693628,
          1.6628389244270214,
          1.157925084289013,
          0.5884476169787572,
          1.8236313630146137,
          0.8726913365085054,
          0.6452389694565931,
          0.9342616608160483,
          0.0,
          2.6355874970232667,
          1.9037284603082123,
          1.6144550650432519,
          1.2104071536995231
        ],
        [
          0.7826980445750686,
          1.1027737931767152,
          0.9721196448147255,
          0.5777673995303566,
          2.554407934535809,
          1.0996950684525604,
          0.7834998974989762,
          0.8147020872349099,
          0.5327357462506002,
          2.4813543528245208,
          3.8429636863247656,
          3.590231243096533,
          1.8836236070130374,
          1.6806173810803193,
          0.9342214557953614,
          0.6997874981211752,
          0.9329881026906122,
          0.8406734568487766,
          2.0453248452644046,
          1.436533791610633,
          0.7953810183149804,
          1.3727399824672164,
          1.6832893355081724,
          0.5168352133755435,
          2.3315745106051,
          2.6355874970232667,
          0.0,
          1.3088019595727938,
          1.1447078088005709,
          0.8956082850311808
        ],
        [
          0.5245715899198917,
          3.111027483307477,
          2.1002186377882106,
          2.4553597542689682,
          1.1613819652083532,
          1.0065415880385293,
          1.6639721949629025,
          1.4069033138422478,
          0.5147415024652847,
          0.6581899279133109,
          0.8151491516779122,
          0.8209570415636073,
          1.0007520030759458,
          1.052302526971697,
          1.2943903046383634,
          0.5150220827304387,
          0.5750394979318171,
          0.6553387800427205,
          1.0218082865646505,
          1.091807442844531,
          0.5623476373714923,
          4.252257563117598,
          0.7392134106899642,
          0.5108537541209263,
          1.4015948866365104,
          1.9037284603082123,
          1.3088019595727938,
          0.0,
          0.7928642155264276,
          0.6626961961175241
        ],
        [
          0.5534734546218136,
          0.7616691982460347,
          2.659907413714173,
          0.6659876196418514,
          1.3705033653009688,
          0.524635648932436,
          1.207614259807255,
          6.583244175629644,
          0.813752091867786,
          1.308835098498056,
          0.854635713937997,
          0.744978047663659,
          1.0082323380961586,
          2.8440800229733827,
          0.5207337675658067,
          0.5192588038425552,
          1.3672367781776849,
          0.6254485448340854,
          1.8029901059533746,
          0.7174388282479366,
          0.666925332571185,
          1.7252538024641964,
          0.8777234914008042,
          0.5119986673986615,
          1.3348652003088088,
          1.6144550650432519,
          1.1447078088005709,
          0.7928642155264276,
          0.0,
          0.6878630121366415
        ],
        [
          0.5209879018468143,
          0.5830655345723393,
          1.2009840385086665,
          1.0740530473401786,
          0.7520572513938435,
          0.7768997093950971,
          0.6661471479745383,
          0.5364682724973623,
          0.513513345931408,
          1.4730882630798392,
          0.6085832716489256,
          0.6774896624221195,
          1.4111831740136689,
          0.6732853057747392,
          0.5162462729709104,
          0.5155067200976847,
          0.7607821502449678,
          0.688473673332063,
          1.3481837267979213,
          0.84815685026398,
          0.5163224201568211,
          0.559413344507833,
          1.1105158315771786,
          0.5144270057042857,
          0.9880322145693446,
          1.2104071536995231,
          0.8956082850311808,
          0.6626961961175241,
          0.6878630121366415,
          0.0
        ]
      ]
    }
  },
  "nodes": {
    "EPI_ISL_404253": {
      "country": "Illinois",
      "country_confidence": {
        "Illinois": 1.0
      },
      "country_entropy": -1.000088900581841e-12
    },
    "EPI_ISL_404895": {
      "country": "Washington",
      "country_confidence": {
        "Washington": 1.0
      },
      "country_entropy": -1.000088900581841e-12
    },
    "EPI_ISL_406223": {
      "country": "Arizona",
      "country_confidence": {
        "Arizona": 1.0
      },
      "country_entropy": -1.000088900581841e-12
    },
    "EPI_ISL_408009": {
      "country": "California",
      "country_confidence": {
        "California": 1.0
      },
      "country_entropy": -1.000088900581841e-12
    },
    "EPI_ISL_408670": {
      "country": "Wisconsin",
      "country_confidence": {
        "Wisconsin": 0.9999999999999999
      },
      "country_entropy": -9.99866855976916e-13
    },
    "EPI_ISL_409067": {
      "country": "Massachusetts",
      "country_confidence": {
        "Massachusetts": 1.0
      },
      "country_entropy": -1.000088900581841e-12
    },
    "EPI_ISL_410045": {
      "country": "Illinois",
      "country_confidence": {
        "Illinois": 1.0
      },
      "country_entropy": -1.000088900581841e-12
    },
    "EPI_ISL_411954": {
      "country": "California",
      "country_confidence": {
        "California": 1.0
      },
      "country_entropy": -1.000088900581841e-12
    },
    "EPI_ISL_411956": {
      "country": "Texas",
      "country_confidence": {
        "Texas": 1.0
      },
      "country_entropy": -1.000088900581841e-12
    },
    "EPI_ISL_414476": {
      "country": "New York",
      "country_confidence": {
        "New York": 1.0
      },
      "country_entropy": -1.000088900581841e-12
    },
    "EPI_ISL_414622": {
      "country": "Washington",
      "country_confidence": {
        "Washington": 1.0
      },
      "country_entropy": -1.000088900581841e-12
    },
    "EPI_ISL_415542": {
      "country": "Utah",
      "country_confidence": {
        "Utah": 1.0
      },
      "country_entropy": -1.000088900581841e-12
    },
    "EPI_ISL_415544": {
      "country": "Utah",
      "country_confidence": {
        "Utah": 1.0
      },
      "country_entropy": -1.000088900581841e-12
    },
    "EPI_ISL_416417": {
      "country": "Connecticut",
      "country_confidence": {
        "Connecticut": 1.0
      },
      "country_entropy": -1.000088900581841e-12
    },
    "EPI_ISL_416423": {
      "country": "Connecticut",
      "country_confidence": {
        "Connecticut": 1.0
      },
      "country_entropy": -1.000088900581841e-12
    },
    "EPI_ISL_416462": {
      "country": "Washington",
      "country_confidence": {
        "Washington": 1.0
      },
      "country_entropy": -1.000088900581841e-12
    },
    "EPI_ISL_416643": {
      "country": "Washington",
      "country_confidence": {
        "Washington": 1.0
      },
      "country_entropy": -1.000088900581841e-12
    },
    "EPI_ISL_416673": {
      "country": "Oregon",
      "country_confidence": {
        "Oregon": 1.0
      },
      "country_entropy": -1.000088900581841e-12
    },
    "EPI_ISL_416728": {
      "country": "Washington",
      "country_confidence": {
        "Washington": 1.0
      },
      "country_entropy": -1.000088900581841e-12
    },
    "EPI_ISL_416831": {
      "country": "New York",
      "country_confidence": {
        "New York": 1.0
      },
      "country_entropy": -1.000088900581841e-12
    },
    "EPI_ISL_417026": {
      "country": "Utah",
      "country_confidence": {
        "Utah": 1.0
      },
      "country_entropy": -1.000088900581841e-12
    },
    "EPI_ISL_417028": {
      "country": "Utah",
      "country_confidence": {
        "Utah": 1.0
      },
      "country_entropy": -1.000088900581841e-12
    },
    "EPI_ISL_417095": {
      "country": "Washington",
      "country_confidence": {
        "Washington": 0.9999999999999999
      },
      "country_entropy": -9.99866855976916e-13
    },
    "EPI_ISL_417096": {
      "country": "Washington",
      "country_confidence": {
        "Washington": 0.9999999999999999
      },
      "country_entropy": -9.99866855976916e-13
    },
    "EPI_ISL_417098": {
      "country": "Washington",
      "country_confidence": {
        "Washington": 1.0
      },
      "country_entropy": -1.000088900581841e-12
    },
    "EPI_ISL_417108": {
      "country": "Washington",
      "country_confidence": {
        "Washington": 1.0
      },
      "country_entropy": -1.000088900581841e-12
    },
    "EPI_ISL_417135": {
      "country": "Washington",
      "country_confidence": {
        "Washington": 1.0
      },
      "country_entropy": -1.000088900581841e-12
    },
    "EPI_ISL_417142": {
      "country": "Washington",
      "country_confidence": {
        "Washington": 1.0
      },
      "country_entropy": -1.000088900581841e-12
    },
    "EPI_ISL_417148": {
      "country": "Washington",
      "country_confidence": {
        "Washington": 1.0
      },
      "country_entropy": -1.000088900581841e-12
    },
    "EPI_ISL_417150": {
      "country": "Washington",
      "country_confidence": {
        "Washington": 1.0
      },
      "country_entropy": -1.000088900581841e-12
    },
    "EPI_ISL_417151": {
      "country": "Washington",
      "country_confidence": {
        "Washington": 1.0
      },
      "country_entropy": -1.000088900581841e-12
    },
    "EPI_ISL_417156": {
      "country": "Washington",
      "country_confidence": {
        "Washington": 1.0
      },
      "country_entropy": -1.000088900581841e-12
    },
    "EPI_ISL_417159": {
      "country": "Washington",
      "country_confidence": {
        "Washington": 1.0
      },
      "country_entropy": -1.000088900581841e-12
    },
    "EPI_ISL_417160": {
      "country": "Washington",
      "country_confidence": {
        "Washington": 1.0
      },
      "country_entropy": -1.000088900581841e-12
    },
    "EPI_ISL_417194": {
      "country": "Minnesota",
      "country_confidence": {
        "Minnesota": 1.0
      },
      "country_entropy": -1.000088900581841e-12
    },
    "EPI_ISL_417196": {
      "country": "Minnesota",
      "country_confidence": {
        "Minnesota": 1.0
      },
      "country_entropy": -1.000088900581841e-12
    },
    "EPI_ISL_417200": {
      "country": "Wisconsin",
      "country_confidence": {
        "Wisconsin": 1.0
      },
      "country_entropy": -1.000088900581841e-12
    },
    "EPI_ISL_417350": {
      "country": "Washington",
      "country_confidence": {
        "Washington": 1.0
      },
      "country_entropy": -1.000088900581841e-12
    },
    "EPI_ISL_417469": {
      "country": "Minnesota",
      "country_confidence": {
        "Minnesota": 1.0
      },
      "country_entropy": -1.000088900581841e-12
    },
    "EPI_ISL_417475": {
      "country": "Minnesota",
      "country_confidence": {
        "Minnesota": 1.0
      },
      "country_entropy": -1.000088900581841e-12
    },
    "EPI_ISL_417513": {
      "country": "Wisconsin",
      "country_confidence": {
        "Wisconsin": 1.0
      },
      "country_entropy": -1.000088900581841e-12
    },
    "EPI_ISL_417517": {
      "country": "Wisconsin",
      "country_confidence": {
        "Wisconsin": 1.0
      },
      "country_entropy": -1.000088900581841e-12
    },
    "EPI_ISL_417935": {
      "country": "California",
      "country_confidence": {
        "California": 0.9999999999999999
      },
      "country_entropy": -9.99866855976916e-13
    },
    "EPI_ISL_417958": {
      "country": "Utah",
      "country_confidence": {
        "Utah": 1.0
      },
      "country_entropy": -1.000088900581841e-12
    },
    "EPI_ISL_417959": {
      "country": "Utah",
      "country_confidence": {
        "Utah": 1.0
      },
      "country_entropy": -1.000088900581841e-12
    },
    "EPI_ISL_417960": {
      "country": "Utah",
      "country_confidence": {
        "Utah": 1.0
      },
      "country_entropy": -1.000088900581841e-12
    },
    "EPI_ISL_417976": {
      "country": "Utah",
      "country_confidence": {
        "Utah": 1.0
      },
      "country_entropy": -1.000088900581841e-12
    },
    "EPI_ISL_418049": {
      "country": "Minnesota",
      "country_confidence": {
        "Minnesota": 1.0
      },
      "country_entropy": -1.000088900581841e-12
    },
    "EPI_ISL_418058": {
      "country": "Connecticut",
      "country_confidence": {
        "Connecticut": 1.0
      },
      "country_entropy": -1.000088900581841e-12
    },
    "EPI_ISL_418080": {
      "country": "Washington",
      "country_confidence": {
        "Washington": 1.0
      },
      "country_entropy": -1.000088900581841e-12
    },
    "EPI_ISL_418871": {
      "country": "Connecticut",
      "country_confidence": {
        "Connecticut": 1.0
      },
      "country_entropy": -1.000088900581841e-12
    },
    "EPI_ISL_418895": {
      "country": "Connecticut",
      "country_confidence": {
        "Connecticut": 1.0
      },
      "country_entropy": -1.000088900581841e-12
    },
    "EPI_ISL_418898": {
      "country": "Connecticut",
      "country_confidence": {
        "Connecticut": 1.0
      },
      "country_entropy": -1.000088900581841e-12
    },
    "EPI_ISL_418905": {
      "country": "Washington",
      "country_confidence": {
        "Washington": 1.0
      },
      "country_entropy": -1.000088900581841e-12
    },
    "EPI_ISL_418915": {
      "country": "Illinois",
      "country_confidence": {
        "Illinois": 1.0
      },
      "country_entropy": -1.000088900581841e-12
    },
    "EPI_ISL_418916": {
      "country": "Illinois",
      "country_confidence": {
        "Illinois": 1.0
      },
      "country_entropy": -1.000088900581841e-12
    },
    "EPI_ISL_418917": {
      "country": "Illinois",
      "country_confidence": {
        "Illinois": 1.0
      },
      "country_entropy": -1.000088900581841e-12
    },
    "EPI_ISL_418918": {
      "country": "Illinois",
      "country_confidence": {
        "Illinois": 1.0
      },
      "country_entropy": -1.000088900581841e-12
    },
    "EPI_ISL_418962": {
      "country": "Utah",
      "country_confidence": {
        "Utah": 1.0
      },
      "country_entropy": -1.000088900581841e-12
    },
    "EPI_ISL_418963": {
      "country": "Utah",
      "country_confidence": {
        "Utah": 1.0
      },
      "country_entropy": -1.000088900581841e-12
    },
    "EPI_ISL_418964": {
      "country": "Utah",
      "country_confidence": {
        "Utah": 1.0
      },
      "country_entropy": -1.000088900581841e-12
    },
    "EPI_ISL_419260": {
      "country": "Virginia",
      "country_confidence": {
        "Virginia": 1.0
      },
      "country_entropy": -1.000088900581841e-12
    },
    "EPI_ISL_419512": {
      "country": "Connecticut",
      "country_confidence": {
        "Connecticut": 0.9999999999999999
      },
      "country_entropy": -9.99866855976916e-13
    },
    "EPI_ISL_419521": {
      "country": "Connecticut",
      "country_confidence": {
        "Connecticut": 1.0
      },
      "country_entropy": -1.000088900581841e-12
    },
    "EPI_ISL_419554": {
      "country": "California",
      "country_confidence": {
        "California": 1.0
      },
      "country_entropy": -1.000088900581841e-12
    },
