{
  "generated_by": {
    "program": "augur",
    "version": "7.0.2"
  },
  "models": {
    "country": {
      "alphabet": [
        "Argentina",
        "Australia",
        "Austria",
        "Bangladesh",
        "Belgium",
        "Bosnia and Herzegovina",
        "Brazil",
        "Canada",
        "Chile",
        "China",
        "Colombia",
        "Czech Republic",
        "Democratic Republic of the Congo",
        "Denmark",
        "Finland",
        "France",
        "Georgia",
        "Germany",
        "Greece",
        "Hong Kong",
        "Hungary",
        "Iceland",
        "India",
        "Israel",
        "Italy",
        "Japan",
        "Jordan",
        "Kazakhstan",
        "Latvia",
        "Luxembourg",
        "Malaysia",
        "Mexico",
        "Morocco",
        "Netherlands",
        "New Zealand",
        "Nigeria",
        "Norway",
        "Oman",
        "Poland",
        "Portugal",
        "Romania",
        "Russia",
        "Saudi Arabia",
        "Senegal",
        "Singapore",
        "South Africa",
        "South Korea",
        "Spain",
        "Sweden",
        "Switzerland",
        "Taiwan",
        "Thailand",
        "Turkey",
        "USA",
        "Uganda",
        "United Arab Emirates",
        "United Kingdom",
        "Uruguay",
        "Vietnam",
        "?"
      ],
      "equilibrium_probabilities": [
        0.018841285007488058,
        0.017994058388552225,
        0.017849949712290685,
        0.015677070796438954,
        0.01606009212651248,
        0.015930599442578932,
        0.017969594954526543,
        0.01797022647184532,
        0.01800507376571918,
        0.010479850886599203,
        0.017910589070151577,
        0.01881011004093061,
        0.016596375972494814,
        0.016087341511879207,
        0.01839029497363722,
        0.012326960095609544,
        0.01862661617825003,
        0.01389266778191211,
        0.017472600625034307,
        0.01643016108533957,
        0.018452187617804615,
        0.018206012638557662,
        0.017871250054061625,
        0.016762580436518387,
        0.012844870837387102,
        0.01644997330777814,
        0.01862841363931958,
        0.018464187496704813,
        0.0175776724072083,
        0.01807637460487945,
        0.016192061128847114,
        0.01744999458996073,
        0.017941287034922,
        0.01496566434701068,
        0.01939745266701739,
        0.018520031000510046,
        0.018454546931391733,
        0.016425771486327498,
        0.01763024037750909,
        0.017619376716681828,
        0.018591188139280332,
        0.01782821938676693,
        0.016821467653123,
        0.0166769626427875,
        0.015880713095890037,
        0.018342982958634155,
        0.015474608109936741,
        0.016753983922529404,
        0.018537593443307007,
        0.0122835251342212,
        0.014907441573024786,
        0.01672533740049464,
        0.01754743382879969,
        0.016241219835732283,
        0.01836422835921944,
        0.0169392401235596,
        0.015577405676613853,
        0.0183641199714205,
        0.01689086053647057
      ],
      "rate": 329.2494060212145,
      "transition_matrix": [
        [
          0.0,
          0.7803711266277548,
          0.7822614284532743,
          1.0571025733822088,
          0.9231115612449122,
          0.8915188964753769,
          1.7138642460665479,
          1.1736552207452589,
          1.331794239074287,
          0.7722273454531432,
          0.7733433599966125,
          0.7707865488126857,
          0.8684908806099089,
          0.7694409413766075,
          0.7864269583820733,
          0.8755020832563506,
          0.7667853973050286,
          1.305430788287856,
          0.8594940218106599,
          0.7640154239787991,
          1.079492571939602,
          0.7681873677261388,
          0.8188092399312974,
          1.5418136635496031,
          1.3030779496103042,
          0.8950078242451671,
          0.7688330140939448,
          0.7751120173984717,
          0.859619041493594,
          1.1883130115784448,
          0.7643803957600536,
          0.7680420405561018,
          0.767713630040264,
          1.4586532231439113,
          0.7799211696509323,
          0.7628310134259235,
          0.7711672980133535,
          0.77099872562032,
          1.4777247596831145,
          1.0563405007254627,
          0.8066881572857451,
          1.757746078908692,
          1.120924457955446,
          0.7687008804662865,
          0.7771585680925579,
          1.1327109540037852,
          0.7618146102600801,
          0.9351648643048585,
          1.0658819114349005,
          0.9827246453143166,
          0.7716695074157658,
          0.7638638954908654,
          0.7786254776584095,
          0.8757571743294973,
          1.043826780045909,
          0.7772656164931635,
          1.1638790460111588,
          0.9481720816000746,
          0.787964601682604
        ],
        [
          0.7803711266277548,
          0.0,
          0.7910977451087923,
          0.9338973781013702,
          1.6432346465484307,
          1.0616380309238858,
          0.7779358884209614,
          1.0928576537229227,
          2.0191277944090085,
          3.4285677387331415,
          1.1553372812457818,
          0.7803697744689974,
          0.7829974927523049,
          1.0185815975027317,
          1.051331763613484,
          1.2213331813768469,
          0.9804128125427412,
          2.0970668620161894,
          1.1165756616534122,
          1.6777095889221318,
          0.7787251618269804,
          0.8034738826151623,
          1.7130706336694344,
          1.1651544785040875,
          1.6103245796401104,
          2.276526432828182,
          1.6265999877452164,
          0.9853419652405637,
          1.5358368137027665,
          0.9755388404904335,
          0.7807307767805914,
          0.7809659885114942,
          0.7813736455434461,
          0.9431002235392846,
          0.92986763076401,
          0.9817487200628446,
          0.7821459367223462,
          2.17951443124378,
          0.8618761579237353,
          1.0330188315398243,
          0.7704113128351415,
          0.7879658147052429,
          2.386957597557105,
          0.8758229479712304,
          2.1435577461217483,
          0.7837320847684738,
          0.7813269046003378,
          1.0013019209831886,
          0.8260688955975394,
          1.2571452669604188,
          1.4199679589879193,
          0.8578031704683059,
          0.7928962141857654,
          3.015918449696779,
          0.9938157281253145,
          2.2433561367698207,
          1.3386452415412466,
          0.7719675434631421,
          1.0076403328903338
        ],
        [
          0.7822614284532743,
          0.7910977451087923,
          0.0,
          0.7792163447798186,
          1.254722042227006,
          0.8178122526127461,
          0.7690005552756388,
          0.7808529191908735,
          0.8109417875920218,
          0.8104509048624104,
          0.7836169405281813,
          0.9675715612575864,
          0.7750774387293795,
          1.5962723246173551,
          1.3782138946247604,
          1.290090018574478,
          0.7898030989097645,
          1.992430410509596,
          0.7729997893386185,
          0.7674260970351782,
          0.7732887210619525,
          1.0285169307608608,
          1.1250396474043558,
          0.8983094822199974,
          1.4546300892200956,
          1.1676848591270113,
          0.7748611749715867,
          0.7635233517355821,
          0.7738867854142192,
          1.3195175923534195,
          0.7663215404633307,
          0.8227001286267995,
          0.7705014689582924,
          3.0002837484877447,
          1.1597278379508926,
          0.7643341424963089,
          1.1208926596818418,
          1.1638515246154553,
          1.096948246489051,
          0.7813056880832494,
          0.7659987449783953,
          1.03308857162235,
          1.2013721857480015,
          0.772502161478367,
          0.8168112764627965,
          0.7751445680869691,
          0.7632235194102955,
          0.9407765426088874,
          1.2159207552069569,
          2.236804741753638,
          1.0296113427184341,
          0.7901787892210105,
          0.7978234191896142,
          0.9799000145882061,
          1.0504697104046121,
          0.7715958734719432,
          1.2288988712792348,
          0.767874048362251,
          0.964428507799407
        ],
        [
          1.0571025733822088,
          0.9338973781013702,
          0.7792163447798186,
          0.0,
          1.3642896673087201,
          0.7769785017662862,
          0.9738954209720624,
          0.7730028528116613,
          1.006987232562901,
          0.8085153427366881,
          0.7706272102102487,
          1.0270887441380323,
          0.7707951405345258,
          0.7729308893530623,
          0.767734196481703,
          0.7903644755547672,
          0.7801632084044957,
          1.191440221814391,
          0.773843568680706,
          0.7674510889283143,
          0.7794841395718882,
          0.7702564565131494,
          1.3265122794941973,
          0.7768168450258505,
          0.8669811157512474,
          1.4448022686452313,
          0.8462817977978423,
          0.7639242598967121,
          1.3093426752781026,
          0.7833646721364254,
          0.9947841437275248,
          0.7688637151966651,
          1.079531885711346,
          1.6044621086775874,
          0.7815702620870777,
          0.7638735638584191,
          0.770824984836464,
          0.783855627027863,
          0.984744797933123,
          0.8331516253071164,
          0.9777615058697855,
          3.954673138032575,
          1.3216814804705495,
          1.0318572551898626,
          1.2378351078135537,
          0.7746917368688875,
          0.8316436009217402,
          0.8270428326344884,
          3.170094814669186,
          1.9982669977124046,
          0.8261683151156425,
          0.7670045705761128,
          1.1101930418041233,
          1.3509278362722317,
          0.76977443624697,
          1.4081906896617864,
          1.5380838655610667,
          0.764650035514232,
          1.2412151023017075
        ],
        [
          0.9231115612449122,
          1.6432346465484307,
          1.254722042227006,
          1.3642896673087201,
          0.0,
          0.8545610466035999,
          0.7765577354809249,
          0.8326395035392135,
          2.465437562845237,
          1.3050395784253825,
          1.5626499491327148,
          1.2016414411500647,
          3.0838268894047665,
          1.4860050989759495,
          0.8383483504977496,
          1.743833313505512,
          1.0559069452968421,
          0.9695007162206452,
          0.7815390178849376,
          0.7699429954761481,
          3.290668798717949,
          0.815325453790072,
          1.0495432624162253,
          0.7857487979020944,
          2.5427279434184507,
          1.3152036642756963,
          1.2475811489729924,
          1.0125111834885554,
          0.9418862052146266,
          1.2950700288713242,
          0.8249655328075595,
          0.991799883331747,
          0.9809406942099645,
          2.542315987767766,
          0.9926824355970578,
          0.7671188447627847,
          1.0457451998433682,
          1.063431135954554,
          1.969432984556486,
          1.6516259893900147,
          0.8441768430697268,
          0.979850114326043,
          1.123890326943304,
          0.7870275342050825,
          0.7829208708983484,
          0.897299828995308,
          0.7700883708967676,
          1.8179329989898294,
          1.2140030357816551,
          2.312594089943274,
          0.8338514890392591,
          0.7704340667713253,
          1.5491087782655302,
          1.0245467323761586,
          0.8822307129007146,
          0.7778814459785612,
          2.0091133170785165,
          0.7759413188392413,
          0.791050163019718
        ],
        [
          0.8915188964753769,
          1.0616380309238858,
          0.8178122526127461,
          0.7769785017662862,
          0.8545610466035999,
          0.0,
          0.7803230160789529,
          0.7700334442916783,
          0.7764109776736386,
          0.981190903220025,
          0.7713333723089874,
          1.4655439171300981,
          1.0735714953846687,
          0.7717052539481551,
          0.7683952887321801,
          0.9225866923528135,
          0.7675696400477341,
          1.2396149078907255,
          0.7718340036111379,
          0.7656649955432666,
          1.02457679345398,
          0.8477845413894184,
          1.3476260641842128,
          0.7693203953954086,
          1.8090376811404483,
          0.8327706222606579,
          0.7897250818531392,
          0.8069981813028765,
          1.23101644488717,
          1.0912287862055494,
          0.7648061849990031,
          0.7708104083626879,
          0.7807811049516601,
          1.2364514344531223,
          0.9109935707124381,
          0.7631700827081745,
          1.1545466823044033,
          1.2113925385861517,
          0.85690136225549,
          0.7858438231698038,
          0.7735610946612304,
          2.1541317056722002,
          0.7703366801922852,
          0.7695328090949831,
          0.7711062170624954,
          1.312631786651602,
          0.7624024386909457,
          1.6552712915650598,
          1.2829215164670122,
          3.739645742268029,
          0.7876170580016696,
          0.7654503999432627,
          0.7697047155162139,
          0.7799094809842357,
          1.016115403701514,
          0.7859228226204332,
          0.8124501467232441,
          0.7659762424484859,
          0.7822854354068562
        ],
        [
          1.7138642460665479,
          0.7779358884209614,
          0.7690005552756388,
          0.9738954209720624,
          0.7765577354809249,
          0.7803230160789529,
          0.0,
          0.7840139940620794,
          2.9819649438023648,
          0.7689342561954207,
          1.0354765643788053,
          0.7693192675453199,
          0.7661976509936148,
          0.7649289338884886,
          0.7629958483891992,
          0.8043958592638031,
          0.7650113765926315,
          1.1703965744285818,
          1.0376494420806157,
          0.7607920869545559,
          0.7650138798119749,
          0.7852266671349262,
          0.7711041790713021,
          0.7714931763996419,
          1.7251290613089858,
          0.7797184177783381,
          0.767492700996956,
          0.7590092805241877,
          0.7690411568182964,
          0.7696560100202503,
          0.7615928723895412,
          0.7648133065218552,
          0.7643526107452301,
          2.0578218322648487,
          0.7759396116052417,
          0.7603584845923201,
          0.7651555721890073,
          0.7708440678847269,
          0.777917579914286,
          0.7697983138812468,
          0.7717724689095747,
          0.7724755604427727,
          1.4977945149297895,
          0.7647621574510406,
          0.7655979972516768,
          0.7616632398004258,
          0.759274581537085,
          0.7785872491647362,
          0.7721959382406738,
          1.843551504317621,
          0.7671354989629964,
          0.7651169911276898,
          0.779673163479941,
          0.9285857760306171,
          0.7636118806638327,
          0.7812218576552515,
          1.5349555600253895,
          1.1427034984445197,
          1.1508709732369227
        ],
        [
          1.1736552207452589,
          1.0928576537229227,
          0.7808529191908735,
          0.7730028528116613,
          0.8326395035392135,
          0.7700334442916783,
          0.7840139940620794,
          0.0,
          0.9340849461428534,
          1.4420748750752854,
          2.4955919572997702,
          0.7678373308785649,
          1.0649254434669913,
          0.811224502487806,
          1.0079648940695212,
          1.4489383400030873,
          0.7687769864450893,
          1.8813900056742043,
          1.009788476281536,
          0.9303572518852748,
          0.7722067170933504,
          0.768007860291762,
          0.781550885934894,
          1.425958334404221,
          0.9734086270184301,
          1.0625635127706576,
          0.7692177909485661,
          0.7633952802880895,
          0.7698588437664277,
          0.8012989970574881,
          0.7666322036876438,
          0.7712815918326953,
          0.7679472302910312,
          1.1909967650552897,
          1.009917472676962,
          0.7720198857998491,
          1.0708424543774298,
          1.0035475239385112,
          0.7796193223312582,
          0.7764963273941152,
          0.7689955284431188,
          0.8824630503573605,
          1.0207769919683276,
          1.0372233847305063,
          1.066424665596748,
          0.7650641429672957,
          0.7649842744165082,
          0.7813885921704355,
          0.8261171806432772,
          0.8507307438981097,
          1.0931346969895388,
          0.7675537989180016,
          0.7739254009075213,
          3.871632529139221,
          0.766852015809959,
          0.9943622446140913,
          1.0124017971484227,
          0.7634411353740826,
          0.7741523507979596
        ],
        [
          1.331794239074287,
          2.0191277944090085,
          0.8109417875920218,
          1.006987232562901,
          2.465437562845237,
          0.7764109776736386,
          2.9819649438023648,
          0.9340849461428534,
          0.0,
          1.2363576539030103,
          0.8840044418907367,
          1.0371135019474365,
          0.9849739182547246,
          0.7960328437208909,
          1.610889338791615,
          2.569293061834799,
          1.15520820858277,
          1.1633731798359486,
          0.7789064595609924,
          0.7674662866153954,
          0.8434874662262417,
          0.9924872144680921,
          1.1738190354548548,
          0.9474221595605126,
          1.020844554248061,
          0.8176382793099345,
          0.7708872661004448,
          0.7651683593087032,
          0.7804196545922244,
          0.7815970332520221,
          1.2510579657934109,
          0.9516403802015502,
          1.072631392647464,
          0.8344952556741547,
          1.2877298863827025,
          0.7640512085671671,
          0.7728380809756259,
          1.4788325723066005,
          1.6160064251687765,
          1.007249564958235,
          0.7662704041401556,
          1.1462057751776262,
          0.7715434760164162,
          0.7720441051956958,
          0.926213232518594,
          0.7680998292023452,
          0.7691785810738496,
          1.6973867815283987,
          1.1653531389671399,
          0.9070617342056287,
          0.7786012300541141,
          0.7974972324530544,
          0.7686887387819886,
          0.8057135664510595,
          0.769458672385937,
          0.7807041190164535,
          1.2460999839329172,
          0.7632140373612033,
          0.8000150698267889
        ],
        [
          0.7722273454531432,
          3.4285677387331415,
          0.8104509048624104,
          0.8085153427366881,
          1.3050395784253825,
          0.981190903220025,
          0.7689342561954207,
          1.4420748750752854,
          1.2363576539030103,
          0.0,
          0.8330473886742792,
          0.7737669585714207,
          0.7766181341437032,
          0.9011139473261521,
          0.9869950392567192,
          1.2116289705451926,
          1.0165534183995522,
          2.5795903959034914,
          0.8676507133102423,
          4.265478931443522,
          0.7719912427389387,
          0.7788449237903478,
          1.8019812868640142,
          0.7756648247502136,
          1.503118381231047,
          3.0723040368844563,
          0.895816126544802,
          0.7670749494477034,
          1.2957530298173088,
          0.8523383370198531,
          2.747145670875512,
          1.20241418790145,
          0.7704340805867447,
          0.9744587196304093,
          0.9325023421460651,
          0.7915385925797722,
          1.1662179067329554,
          1.9607717734763648,
          0.8433640038637195,
          0.7793260091581545,
          0.7679726052884859,
          0.7777737497901973,
          1.3907081844233877,
          0.9156709960431879,
          5.919298549391237,
          0.9411178675110705,
          4.4335777095828925,
          1.6829505261177995,
          1.2008525215541623,
          0.9976224315350494,
          5.658259515968925,
          4.792745603309359,
          1.640760227157068,
          4.799043656619883,
          0.8242399231178529,
          3.1844748799546228,
          1.5744840733087377,
          0.7750022705876538,
          2.191756000232067
        ],
        [
          0.7733433599966125,
          1.1553372812457818,
          0.7836169405281813,
          0.7706272102102487,
          1.5626499491327148,
          0.7713333723089874,
          1.0354765643788053,
          2.4955919572997702,
          0.8840044418907367,
          0.8330473886742792,
          0.0,
          0.768048070487054,
          0.7772131521171127,
          1.3707519581889964,
          0.769535538502228,
          1.6663671750422815,
          0.7682537446566513,
          1.5160616500238309,
          0.771293547748638,
          0.7669347275092734,
          1.0186312351113047,
          0.7798321661336586,
          0.7773123061921775,
          1.4708519589591493,
          1.180250762022668,
          0.998236295542228,
          0.7686292151320661,
          0.7634322673397886,
          0.7701842858417737,
          1.1092739734339343,
          1.1441350133481323,
          1.1251868652796688,
          0.7679356131632966,
          0.8181504185924122,
          1.0571266179412424,
          0.795507756964936,
          0.9307941334507396,
          0.7726157414134079,
          0.828089071681721,
          0.8957514831589486,
          0.766344427489291,
          0.7730971180907729,
          0.8228556394293086,
          0.7699377546779983,
          0.829004279557574,
          0.7651587688949982,
          0.7642347329624065,
          1.6953061758677206,
          0.7780108073040265,
          0.9310102571427828,
          0.9706909131922486,
          0.7766974755824827,
          0.7688281672344405,
          2.1850198050134337,
          0.7664735219202987,
          0.7718237539159858,
          0.8293631351251931,
          0.7911225619250816,
          0.8710219212290942
        ],
        [
          0.7707865488126857,
          0.7803697744689974,
          0.9675715612575864,
          1.0270887441380323,
          1.2016414411500647,
          1.4655439171300981,
          0.7693192675453199,
          0.7678373308785649,
          1.0371135019474365,
          0.7737669585714207,
          0.768048070487054,
          0.0,
          0.7685802183874103,
          1.0175548953234954,
          0.7684694223905368,
          1.1702262240076142,
          0.7652058565290633,
          1.0969026230701333,
          0.7721795772355399,
          1.0283533024342073,
          0.7686353891294249,
          0.7696983989961877,
          1.1827556214662567,
          0.7679457628606505,
          1.7402517178112826,
          1.0479212965466702,
          0.8382271900757718,
          0.7618742603463136,
          0.7697738927319263,
          0.8075355494195305,
          0.7633468873804312,
          0.765993342872012,
          0.7733766629990669,
          1.5824436126827133,
          0.7728203725217334,
          0.7615167074797328,
          0.7671889961009811,
          1.0444787154679505,
          1.2022118882837767,
          1.1067340394736334,
          0.7951447227154657,
          1.26095365372954,
          0.7673868335293318,
          0.7653688589598506,
          0.767631519724675,
          0.778885759253196,
          0.7609848356017784,
          0.9061212865463417,
          0.8846161234401869,
          0.8353725922934605,
          0.7709131564462631,
          0.763790961234141,
          1.0552350307025666,
          0.7800094468117558,
          0.7789765447279139,
          0.7666581446286824,
          0.8926341347886964,
          0.7614279070483827,
          1.1810339979445148
        ],
        [
          0.8684908806099089,
          0.7829974927523049,
          0.7750774387293795,
          0.7707951405345258,
          3.0838268894047665,
          1.0735714953846687,
          0.7661976509936148,
          1.0649254434669913,
          0.9849739182547246,
          0.7766181341437032,
          0.7772131521171127,
          0.7685802183874103,
          0.0,
          0.7731396272887394,
          0.7695440149712783,
          2.0272923682766604,
          1.0016047996501276,
          2.3749034711575727,
          0.8132825126607703,
          0.7638394305577407,
          0.8099088303630031,
          0.7684992846512839,
          1.3599504649728869,
          0.7723909769703626,
          1.0915464089338878,
          0.8014847218637688,
          0.767171447954704,
          0.7627327816618503,
          0.8365341716121428,
          2.2658673997087844,
          0.7641181216727565,
          0.783490280332939,
          0.7672880036883079,
          0.8014480199000827,
          0.80283585721726,
          0.7622869600572627,
          0.8095108380479904,
          0.7790861905613579,
          1.2773463935322396,
          0.859029311234888,
          0.7694169775243155,
          0.7984481500664005,
          0.8656612480294328,
          1.004947624960013,
          1.0415215440405958,
          0.7663338547037681,
          0.7619870589466272,
          1.1920444570156234,
          0.8774830269937063,
          1.0023795229897967,
          0.7736128143158134,
          0.7689068236565315,
          0.76792365031005,
          0.8936790964427891,
          0.7687962723003925,
          0.7886765658484758,
          0.9338079301671401,
          0.7617617410165514,
          0.7704465429842094
        ],
        [
          0.7694409413766075,
          1.0185815975027317,
          1.5962723246173551,
          0.7729308893530623,
          1.4860050989759495,
          0.7717052539481551,
          0.7649289338884886,
          0.811224502487806,
          0.7960328437208909,
          0.9011139473261521,
          1.3707519581889964,
          1.0175548953234954,
          0.7731396272887394,
          0.0,
          1.8095293158714831,
          1.9958081802239205,
          0.7671389474599768,
          1.8671475479080424,
          0.769693014973332,
          0.7660894468541466,
          0.7714910076028558,
          0.7689624201983879,
          0.7751247613720926,
          1.2376359298399806,
          1.1843086007191301,
          0.7758232710713556,
          1.1525084455982615,
          0.7635401249667453,
          1.1575775065421248,
          0.7930184622984662,
          0.7647575925916456,
          0.7689446688390876,
          0.7720228764593151,
          0.7856145283819324,
          1.5530790894653765,
          0.7635271536929261,
          0.9940813753836772,
          1.092356200559236,
          0.7778591713348154,
          0.7766027509867209,
          0.7657015640814281,
          0.77433294748952,
          0.7690743505062624,
          1.2251843909443405,
          0.9929748495655027,
          0.7660181071475279,
          0.7635148492467104,
          0.997177288595945,
          1.7269243797598597,
          1.5659553173050533,
          1.08093376299573,
          0.7672369221642367,
          0.7698804680410088,
          1.934197753826557,
          0.7676947488439134,
          1.1594714437699194,
          1.0817404408256204,
          0.7629395021006985,
          1.133873365190403
        ],
        [
          0.7864269583820733,
          1.051331763613484,
          1.3782138946247604,
          0.767734196481703,
          0.8383483504977496,
          0.7683952887321801,
          0.7629958483891992,
          1.0079648940695212,
          1.610889338791615,
          0.9869950392567192,
          0.769535538502228,
          0.7684694223905368,
          0.7695440149712783,
          1.8095293158714831,
          0.0,
          1.087320629071838,
          0.7706871107386993,
          0.911751689378934,
          1.0185094537901658,
          0.7632568441919825,
          0.7665881898190389,
          0.7719429622560057,
          0.8154832680716889,
          0.7674109322322636,
          0.9542373919406012,
          0.7710789156007717,
          0.7698130416258926,
          0.7601434722263967,
          0.7728193057688788,
          1.4973505441081947,
          0.7622738459782699,
          0.7641033957103213,
          0.7641165098108136,
          1.1475864405103022,
          0.7704527989444054,
          0.7612697284440627,
          0.7665048479933028,
          0.7690544706707477,
          1.0910396800345659,
          0.7688813047953752,
          0.7617564937556123,
          0.7729106291756983,
          1.1339357136535875,
          0.7687533899215271,
          0.7686228982565919,
          0.7628812776525411,
          0.761222565336104,
          0.7884287400035912,
          0.9949310293896872,
          0.893078781609792,
          0.7697432177982694,
          0.7635986090583172,
          0.76455048731394,
          0.7788671370974865,
          0.7647143460822907,
          0.7667711279529907,
          1.176746851213473,
          0.7599661111996109,
          0.7682662410709207
        ],
        [
          0.8755020832563506,
          1.2213331813768469,
          1.290090018574478,
          0.7903644755547672,
          1.743833313505512,
          0.9225866923528135,
          0.8043958592638031,
          1.4489383400030873,
          2.569293061834799,
          1.2116289705451926,
          1.6663671750422815,
          1.1702262240076142,
          2.0272923682766604,
          1.9958081802239205,
          1.087320629071838,
          0.0,
          0.8050886536093819,
          3.473342601773894,
          0.7942673415532827,
          0.8109198969838467,
          1.6481621962272677,
          1.1257366578048909,
          0.9103835627814916,
          3.2216136595411595,
          3.044187267298286,
          1.2620785524947356,
          0.9751795128550176,
          0.7717850391873249,
          0.9530645518932869,
          4.34735508197923,
          0.7747536586927394,
          1.1658189379539168,
          1.8188633196349466,
          1.7360348233765746,
          0.8152545036364972,
          1.1703897204050842,
          1.7425780347853326,
          0.8851868004136196,
          1.0893276684663311,
          1.0396130516091726,
          0.829904255618075,
          0.8957929758817097,
          1.15178252704179,
          2.9212670137478973,
          1.104298726565623,
          1.027129315585512,
          1.157033274754506,
          1.6621182175850509,
          2.2003873693112945,
          4.851568990078346,
          1.5185873482547487,
          1.0935111989685196,
          1.4405073084384616,
          4.407287080837679,
          0.8381900150497511,
          1.3769620553316584,
          2.1658697110040444,
          0.7734335157292624,
          1.5925951075092737
        ],
        [
          0.7667853973050286,
          0.9804128125427412,
          0.7898030989097645,
          0.7801632084044957,
          1.0559069452968421,
          0.7675696400477341,
          0.7650113765926315,
          0.7687769864450893,
          1.15520820858277,
          1.0165534183995522,
          0.7682537446566513,
          0.7652058565290633,
          1.0016047996501276,
          0.7671389474599768,
          0.7706871107386993,
          0.8050886536093819,
          0.0,
          0.8194467390696988,
          0.766299603087351,
          0.8415580055514564,
          0.7661479852370312,
          1.0218534319371557,
          0.7736963744839265,
          0.7653007805802186,
          1.6577157518151848,
          0.7719150108484166,
          0.7661620154346216,
          0.7607870125989569,
          0.766844468374111,
          0.9980243025077266,
          0.7643257411698786,
          0.770330966724249,
          0.7654598145800283,
          1.0905165692118535,
          1.0639112698760125,
          1.0191555737337736,
          1.5559153715987828,
          1.1433505435375373,
          1.1575501912301926,
          0.9051534123851691,
          0.7628291693913738,
          0.7692825657315023,
          0.9425974488789053,
          1.143495788481059,
          0.7710873690984933,
          0.7628978340746603,
          0.7620593613960177,
          1.1590908124841814,
          0.7808458705753318,
          0.8138773676930109,
          0.8928819815585616,
          0.7791658951203325,
          0.766694438185565,
          0.9771274521888663,
          0.7649637668752036,
          0.8350180483289236,
          0.7773771629602967,
          0.7606951756322922,
          0.7733204512418879
        ],
        [
          1.305430788287856,
          2.0970668620161894,
          1.992430410509596,
          1.191440221814391,
          0.9695007162206452,
          1.2396149078907255,
          1.1703965744285818,
          1.8813900056742043,
          1.1633731798359486,
          2.5795903959034914,
          1.5160616500238309,
          1.0969026230701333,
          2.3749034711575727,
          1.8671475479080424,
          0.911751689378934,
          3.473342601773894,
          0.8194467390696988,
          0.0,
          1.0830703620338566,
          0.8550558146994626,
          1.4173740556808792,
          1.5344356077664467,
          1.3687748499728765,
          2.3028934919872444,
          3.315596918326799,
          1.488098569738122,
          0.802133637142484,
          0.7729094940376033,
          1.2807509205425636,
          1.547524341254478,
          0.9087910783771087,
          0.9911397883695015,
          0.7924283657699458,
          2.5748447197058306,
          1.2254612266745553,
          0.7709673720058839,
          1.2474951852171503,
          1.7400396431221594,
          1.9268472866366657,
          1.554965929646438,
          0.8093927953822997,
          1.5901857675646793,
          0.8500166894191863,
          1.0193347189428068,
          0.9265640641525739,
          0.7879707989441854,
          0.7935905639778071,
          2.6750336698359227,
          1.0484853080048322,
          3.7581549248255266,
          1.5810138404545444,
          0.801198850657181,
          1.0489964725984615,
          1.56403943488055,
          0.8559023689685368,
          1.3693615186082169,
          1.3151023975990987,
          0.7709532280576724,
          1.8252017344301472
        ],
        [
          0.8594940218106599,
          1.1165756616534122,
          0.7729997893386185,
          0.773843568680706,
          0.7815390178849376,
          0.7718340036111379,
          1.0376494420806157,
          1.009788476281536,
          0.7789064595609924,
          0.8676507133102423,
          0.771293547748638,
          0.7721795772355399,
          0.8132825126607703,
          0.769693014973332,
          1.0185094537901658,
          0.7942673415532827,
          0.766299603087351,
          1.0830703620338566,
          0.0,
          0.7695454516370674,
          0.8658211298369597,
          0.7734598286501957,
          0.8270074894088187,
          0.7722004896225231,
          1.0271993945315803,
          2.3171296586141232,
          2.325265629772887,
          0.7619719147732986,
          0.7699909510108898,
          0.8367839501165221,
          1.1455948197057346,
          0.8757514225124184,
          0.8744736831889712,
          1.197513089371749,
          1.072392987686214,
          1.547961629261801,
          0.8138591676437685,
          0.7741633035988529,
          0.7953029915947221,
          1.6431601119623092,
          0.7644012657098904,
          0.7770956118156013,
          0.7689997355672938,
          0.7665990032079176,
          1.2693614844553305,
          0.7659662162376337,
          0.7631132329773916,
          0.7805200375311891,
          1.0367920316647514,
          1.7630968625619603,
          0.8007180635837301,
          0.787941817209083,
          0.7665755733389639,
          0.7801745022367473,
          0.7669322349817346,
          0.7693406552760043,
          2.296430645376718,
          0.762209185557994,
          0.8210321178366929
        ],
        [
          0.7640154239787991,
          1.6777095889221318,
          0.7674260970351782,
          0.7674510889283143,
          0.7699429954761481,
          0.7656649955432666,
          0.7607920869545559,
          0.9303572518852748,
          0.7674662866153954,
          4.265478931443522,
          0.7669347275092734,
          1.0283533024342073,
          0.7638394305577407,
          0.7660894468541466,
          0.7632568441919825,
          0.8109198969838467,
          0.8415580055514564,
          0.8550558146994626,
          0.7695454516370674,
          0.0,
          0.7631265326393596,
          0.7630804369847654,
          0.9741916310748191,
          0.7658411735831112,
          1.1558209079960085,
          1.8005111255449096,
          0.7655814783823288,
          0.7596113561715861,
          0.7779338348725204,
          0.7674418382039756,
          0.7657312484295902,
          0.7651078486744386,
          0.7625818306330052,
          0.7703658191580115,
          0.7734145747570174,
          0.7611614874890795,
          0.7657093797700449,
          0.7695936404195287,
          0.7682862054257278,
          0.7705332487696311,
          0.7609412986731308,
          0.7662192490748087,
          0.7702592772307056,
          0.7637743670588149,
          1.0184749234313837,
          0.7629411610656237,
          0.9089378790462306,
          0.7691211001180187,
          0.9101978547259608,
          0.7834902557794794,
          1.0820961208762552,
          1.445098459852577,
          0.7644189990339358,
          1.1114925538945186,
          0.7646371789933044,
          1.241506574883175,
          1.0288251817145764,
          0.7598467489725084,
          0.7682009273491148
        ],
        [
          1.079492571939602,
          0.7787251618269804,
          0.7732887210619525,
          0.7794841395718882,
          3.290668798717949,
          1.02457679345398,
          0.7650138798119749,
          0.7722067170933504,
          0.8434874662262417,
          0.7719912427389387,
          1.0186312351113047,
          0.7686353891294249,
          0.8099088303630031,
          0.7714910076028558,
          0.7665881898190389,
          1.6481621962272677,
          0.7661479852370312,
          1.4173740556808792,
          0.8658211298369597,
          0.7631265326393596,
          0.0,
          0.7670366663609374,
          0.7794812687356708,
          0.777108707795304,
          1.028219475477782,
          1.1840624699381364,
          0.7675876951095502,
          0.7628584304670541,
          0.772308038299444,
          0.8186625355875431,
          0.7635352864403209,
          0.7669970130545513,
          0.7678522397088954,
          1.0042135389228135,
          1.0523336834795092,
          0.761701173031961,
          0.7680428162915071,
          0.7701435734048232,
          0.8141943332648082,
          1.3796422768372387,
          0.7650986844447277,
          1.0167917635684756,
          0.7661849599086984,
          0.7663608533740023,
          0.7669097094220008,
          0.7651010576686433,
          0.7610332262141396,
          1.2114649111228444,
          0.7775339200315868,
          1.109110455980089,
