Map from character to field name
A:	Argentina
B:	Australia
C:	Austria
D:	Bangladesh
E:	Belgium
F:	Bosnia and Herzegovina
G:	Brazil
H:	Canada
I:	Chile
J:	China
K:	Colombia
L:	Czech Republic
M:	Democratic Republic of the Congo
N:	Denmark
O:	Finland
P:	France
Q:	Georgia
R:	Germany
S:	Greece
T:	Hong Kong
U:	Hungary
V:	Iceland
W:	India
X:	Israel
Y:	Italy
Z:	Japan
[:	Jordan
\:	Kazakhstan
]:	Latvia
^:	Luxembourg
_:	Malaysia
`:	Mexico
a:	Morocco
b:	Netherlands
c:	New Zealand
d:	Nigeria
e:	Norway
f:	Oman
g:	Poland
h:	Portugal
i:	Romania
j:	Russia
k:	Saudi Arabia
l:	Senegal
m:	Singapore
n:	South Africa
o:	South Korea
p:	Spain
q:	Sweden
r:	Switzerland
s:	Taiwan
t:	Thailand
u:	Turkey
v:	USA
w:	Uganda
x:	United Arab Emirates
y:	United Kingdom
z:	Uruguay
{:	Vietnam
|:	?


Substitution rate (mu): 329.249406

Equilibrium frequencies (pi_i):
  A: 0.0188
  B: 0.018
  C: 0.0178
  D: 0.0157
  E: 0.0161
  F: 0.0159
  G: 0.018
  H: 0.018
  I: 0.018
  J: 0.0105
  K: 0.0179
  L: 0.0188
  M: 0.0166
  N: 0.0161
  O: 0.0184
  P: 0.0123
  Q: 0.0186
  R: 0.0139
  S: 0.0175
  T: 0.0164
  U: 0.0185
  V: 0.0182
  W: 0.0179
  X: 0.0168
  Y: 0.0128
  Z: 0.0164
  [: 0.0186
  \: 0.0185
  ]: 0.0176
  ^: 0.0181
  _: 0.0162
  `: 0.0174
  a: 0.0179
  b: 0.015
  c: 0.0194
  d: 0.0185
  e: 0.0185
  f: 0.0164
  g: 0.0176
  h: 0.0176
  i: 0.0186
  j: 0.0178
  k: 0.0168
  l: 0.0167
  m: 0.0159
  n: 0.0183
  o: 0.0155
  p: 0.0168
  q: 0.0185
  r: 0.0123
  s: 0.0149
  t: 0.0167
  u: 0.0175
  v: 0.0162
  w: 0.0184
  x: 0.0169
  y: 0.0156
  z: 0.0184
  {: 0.0169

Symmetrized rates from j->i (W_ij):
	A	B	C	D	E	F	G	H	I	J	K	L	M	N	O	P	Q	R	S	T	U	V	W	X	Y	Z	[	\	]	^	_	`	a	b	c	d	e	f	g	h	i	j	k	l	m	n	o	p	q	r	s	t	u	v	w	x	y	z	{
  A	0	0.7804	0.7823	1.0571	0.9231	0.8915	1.7139	1.1737	1.3318	0.7722	0.7733	0.7708	0.8685	0.7694	0.7864	0.8755	0.7668	1.3054	0.8595	0.764	1.0795	0.7682	0.8188	1.5418	1.3031	0.895	0.7688	0.7751	0.8596	1.1883	0.7644	0.768	0.7677	1.4587	0.7799	0.7628	0.7712	0.771	1.4777	1.0563	0.8067	1.7577	1.1209	0.7687	0.7772	1.1327	0.7618	0.9352	1.0659	0.9827	0.7717	0.7639	0.7786	0.8758	1.0438	0.7773	1.1639	0.9482	0.788
  B	0.7804	0	0.7911	0.9339	1.6432	1.0616	0.7779	1.0929	2.0191	3.4286	1.1553	0.7804	0.783	1.0186	1.0513	1.2213	0.9804	2.0971	1.1166	1.6777	0.7787	0.8035	1.7131	1.1652	1.6103	2.2765	1.6266	0.9853	1.5358	0.9755	0.7807	0.781	0.7814	0.9431	0.9299	0.9817	0.7821	2.1795	0.8619	1.033	0.7704	0.788	2.387	0.8758	2.1436	0.7837	0.7813	1.0013	0.8261	1.2571	1.42	0.8578	0.7929	3.0159	0.9938	2.2434	1.3386	0.772	1.0076
  C	0.7823	0.7911	0	0.7792	1.2547	0.8178	0.769	0.7809	0.8109	0.8105	0.7836	0.9676	0.7751	1.5963	1.3782	1.2901	0.7898	1.9924	0.773	0.7674	0.7733	1.0285	1.125	0.8983	1.4546	1.1677	0.7749	0.7635	0.7739	1.3195	0.7663	0.8227	0.7705	3.0003	1.1597	0.7643	1.1209	1.1639	1.0969	0.7813	0.766	1.0331	1.2014	0.7725	0.8168	0.7751	0.7632	0.9408	1.2159	2.2368	1.0296	0.7902	0.7978	0.9799	1.0505	0.7716	1.2289	0.7679	0.9644
  D	1.0571	0.9339	0.7792	0	1.3643	0.777	0.9739	0.773	1.007	0.8085	0.7706	1.0271	0.7708	0.7729	0.7677	0.7904	0.7802	1.1914	0.7738	0.7675	0.7795	0.7703	1.3265	0.7768	0.867	1.4448	0.8463	0.7639	1.3093	0.7834	0.9948	0.7689	1.0795	1.6045	0.7816	0.7639	0.7708	0.7839	0.9847	0.8332	0.9778	3.9547	1.3217	1.0319	1.2378	0.7747	0.8316	0.827	3.1701	1.9983	0.8262	0.767	1.1102	1.3509	0.7698	1.4082	1.5381	0.7647	1.2412
  E	0.9231	1.6432	1.2547	1.3643	0	0.8546	0.7766	0.8326	2.4654	1.305	1.5626	1.2016	3.0838	1.486	0.8383	1.7438	1.0559	0.9695	0.7815	0.7699	3.2907	0.8153	1.0495	0.7857	2.5427	1.3152	1.2476	1.0125	0.9419	1.2951	0.825	0.9918	0.9809	2.5423	0.9927	0.7671	1.0457	1.0634	1.9694	1.6516	0.8442	0.9799	1.1239	0.787	0.7829	0.8973	0.7701	1.8179	1.214	2.3126	0.8339	0.7704	1.5491	1.0245	0.8822	0.7779	2.0091	0.7759	0.7911
  F	0.8915	1.0616	0.8178	0.777	0.8546	0	0.7803	0.77	0.7764	0.9812	0.7713	1.4655	1.0736	0.7717	0.7684	0.9226	0.7676	1.2396	0.7718	0.7657	1.0246	0.8478	1.3476	0.7693	1.809	0.8328	0.7897	0.807	1.231	1.0912	0.7648	0.7708	0.7808	1.2365	0.911	0.7632	1.1545	1.2114	0.8569	0.7858	0.7736	2.1541	0.7703	0.7695	0.7711	1.3126	0.7624	1.6553	1.2829	3.7396	0.7876	0.7655	0.7697	0.7799	1.0161	0.7859	0.8125	0.766	0.7823
  G	1.7139	0.7779	0.769	0.9739	0.7766	0.7803	0	0.784	2.982	0.7689	1.0355	0.7693	0.7662	0.7649	0.763	0.8044	0.765	1.1704	1.0376	0.7608	0.765	0.7852	0.7711	0.7715	1.7251	0.7797	0.7675	0.759	0.769	0.7697	0.7616	0.7648	0.7644	2.0578	0.7759	0.7604	0.7652	0.7708	0.7779	0.7698	0.7718	0.7725	1.4978	0.7648	0.7656	0.7617	0.7593	0.7786	0.7722	1.8436	0.7671	0.7651	0.7797	0.9286	0.7636	0.7812	1.535	1.1427	1.1509
  H	1.1737	1.0929	0.7809	0.773	0.8326	0.77	0.784	0	0.9341	1.4421	2.4956	0.7678	1.0649	0.8112	1.008	1.4489	0.7688	1.8814	1.0098	0.9304	0.7722	0.768	0.7816	1.426	0.9734	1.0626	0.7692	0.7634	0.7699	0.8013	0.7666	0.7713	0.7679	1.191	1.0099	0.772	1.0708	1.0035	0.7796	0.7765	0.769	0.8825	1.0208	1.0372	1.0664	0.7651	0.765	0.7814	0.8261	0.8507	1.0931	0.7676	0.7739	3.8716	0.7669	0.9944	1.0124	0.7634	0.7742
  I	1.3318	2.0191	0.8109	1.007	2.4654	0.7764	2.982	0.9341	0	1.2364	0.884	1.0371	0.985	0.796	1.6109	2.5693	1.1552	1.1634	0.7789	0.7675	0.8435	0.9925	1.1738	0.9474	1.0208	0.8176	0.7709	0.7652	0.7804	0.7816	1.2511	0.9516	1.0726	0.8345	1.2877	0.7641	0.7728	1.4788	1.616	1.0072	0.7663	1.1462	0.7715	0.772	0.9262	0.7681	0.7692	1.6974	1.1654	0.9071	0.7786	0.7975	0.7687	0.8057	0.7695	0.7807	1.2461	0.7632	0.8
  J	0.7722	3.4286	0.8105	0.8085	1.305	0.9812	0.7689	1.4421	1.2364	0	0.833	0.7738	0.7766	0.9011	0.987	1.2116	1.0166	2.5796	0.8677	4.2655	0.772	0.7788	1.802	0.7757	1.5031	3.0723	0.8958	0.7671	1.2958	0.8523	2.7471	1.2024	0.7704	0.9745	0.9325	0.7915	1.1662	1.9608	0.8434	0.7793	0.768	0.7778	1.3907	0.9157	5.9193	0.9411	4.4336	1.683	1.2009	0.9976	5.6583	4.7927	1.6408	4.799	0.8242	3.1845	1.5745	0.775	2.1918
  K	0.7733	1.1553	0.7836	0.7706	1.5626	0.7713	1.0355	2.4956	0.884	0.833	0	0.768	0.7772	1.3708	0.7695	1.6664	0.7683	1.5161	0.7713	0.7669	1.0186	0.7798	0.7773	1.4709	1.1803	0.9982	0.7686	0.7634	0.7702	1.1093	1.1441	1.1252	0.7679	0.8182	1.0571	0.7955	0.9308	0.7726	0.8281	0.8958	0.7663	0.7731	0.8229	0.7699	0.829	0.7652	0.7642	1.6953	0.778	0.931	0.9707	0.7767	0.7688	2.185	0.7665	0.7718	0.8294	0.7911	0.871
  L	0.7708	0.7804	0.9676	1.0271	1.2016	1.4655	0.7693	0.7678	1.0371	0.7738	0.768	0	0.7686	1.0176	0.7685	1.1702	0.7652	1.0969	0.7722	1.0284	0.7686	0.7697	1.1828	0.7679	1.7403	1.0479	0.8382	0.7619	0.7698	0.8075	0.7633	0.766	0.7734	1.5824	0.7728	0.7615	0.7672	1.0445	1.2022	1.1067	0.7951	1.261	0.7674	0.7654	0.7676	0.7789	0.761	0.9061	0.8846	0.8354	0.7709	0.7638	1.0552	0.78	0.779	0.7667	0.8926	0.7614	1.181
  M	0.8685	0.783	0.7751	0.7708	3.0838	1.0736	0.7662	1.0649	0.985	0.7766	0.7772	0.7686	0	0.7731	0.7695	2.0273	1.0016	2.3749	0.8133	0.7638	0.8099	0.7685	1.36	0.7724	1.0915	0.8015	0.7672	0.7627	0.8365	2.2659	0.7641	0.7835	0.7673	0.8014	0.8028	0.7623	0.8095	0.7791	1.2773	0.859	0.7694	0.7984	0.8657	1.0049	1.0415	0.7663	0.762	1.192	0.8775	1.0024	0.7736	0.7689	0.7679	0.8937	0.7688	0.7887	0.9338	0.7618	0.7704
  N	0.7694	1.0186	1.5963	0.7729	1.486	0.7717	0.7649	0.8112	0.796	0.9011	1.3708	1.0176	0.7731	0	1.8095	1.9958	0.7671	1.8671	0.7697	0.7661	0.7715	0.769	0.7751	1.2376	1.1843	0.7758	1.1525	0.7635	1.1576	0.793	0.7648	0.7689	0.772	0.7856	1.5531	0.7635	0.9941	1.0924	0.7779	0.7766	0.7657	0.7743	0.7691	1.2252	0.993	0.766	0.7635	0.9972	1.7269	1.566	1.0809	0.7672	0.7699	1.9342	0.7677	1.1595	1.0817	0.7629	1.1339
  O	0.7864	1.0513	1.3782	0.7677	0.8383	0.7684	0.763	1.008	1.6109	0.987	0.7695	0.7685	0.7695	1.8095	0	1.0873	0.7707	0.9118	1.0185	0.7633	0.7666	0.7719	0.8155	0.7674	0.9542	0.7711	0.7698	0.7601	0.7728	1.4974	0.7623	0.7641	0.7641	1.1476	0.7705	0.7613	0.7665	0.7691	1.091	0.7689	0.7618	0.7729	1.1339	0.7688	0.7686	0.7629	0.7612	0.7884	0.9949	0.8931	0.7697	0.7636	0.7646	0.7789	0.7647	0.7668	1.1767	0.76	0.7683
  P	0.8755	1.2213	1.2901	0.7904	1.7438	0.9226	0.8044	1.4489	2.5693	1.2116	1.6664	1.1702	2.0273	1.9958	1.0873	0	0.8051	3.4733	0.7943	0.8109	1.6482	1.1257	0.9104	3.2216	3.0442	1.2621	0.9752	0.7718	0.9531	4.3474	0.7748	1.1658	1.8189	1.736	0.8153	1.1704	1.7426	0.8852	1.0893	1.0396	0.8299	0.8958	1.1518	2.9213	1.1043	1.0271	1.157	1.6621	2.2004	4.8516	1.5186	1.0935	1.4405	4.4073	0.8382	1.377	2.1659	0.7734	1.5926
  Q	0.7668	0.9804	0.7898	0.7802	1.0559	0.7676	0.765	0.7688	1.1552	1.0166	0.7683	0.7652	1.0016	0.7671	0.7707	0.8051	0	0.8194	0.7663	0.8416	0.7661	1.0219	0.7737	0.7653	1.6577	0.7719	0.7662	0.7608	0.7668	0.998	0.7643	0.7703	0.7655	1.0905	1.0639	1.0192	1.5559	1.1434	1.1576	0.9052	0.7628	0.7693	0.9426	1.1435	0.7711	0.7629	0.7621	1.1591	0.7808	0.8139	0.8929	0.7792	0.7667	0.9771	0.765	0.835	0.7774	0.7607	0.7733
  R	1.3054	2.0971	1.9924	1.1914	0.9695	1.2396	1.1704	1.8814	1.1634	2.5796	1.5161	1.0969	2.3749	1.8671	0.9118	3.4733	0.8194	0	1.0831	0.8551	1.4174	1.5344	1.3688	2.3029	3.3156	1.4881	0.8021	0.7729	1.2808	1.5475	0.9088	0.9911	0.7924	2.5748	1.2255	0.771	1.2475	1.74	1.9268	1.555	0.8094	1.5902	0.85	1.0193	0.9266	0.788	0.7936	2.675	1.0485	3.7582	1.581	0.8012	1.049	1.564	0.8559	1.3694	1.3151	0.771	1.8252
  S	0.8595	1.1166	0.773	0.7738	0.7815	0.7718	1.0376	1.0098	0.7789	0.8677	0.7713	0.7722	0.8133	0.7697	1.0185	0.7943	0.7663	1.0831	0	0.7695	0.8658	0.7735	0.827	0.7722	1.0272	2.3171	2.3253	0.762	0.77	0.8368	1.1456	0.8758	0.8745	1.1975	1.0724	1.548	0.8139	0.7742	0.7953	1.6432	0.7644	0.7771	0.769	0.7666	1.2694	0.766	0.7631	0.7805	1.0368	1.7631	0.8007	0.7879	0.7666	0.7802	0.7669	0.7693	2.2964	0.7622	0.821
  T	0.764	1.6777	0.7674	0.7675	0.7699	0.7657	0.7608	0.9304	0.7675	4.2655	0.7669	1.0284	0.7638	0.7661	0.7633	0.8109	0.8416	0.8551	0.7695	0	0.7631	0.7631	0.9742	0.7658	1.1558	1.8005	0.7656	0.7596	0.7779	0.7674	0.7657	0.7651	0.7626	0.7704	0.7734	0.7612	0.7657	0.7696	0.7683	0.7705	0.7609	0.7662	0.7703	0.7638	1.0185	0.7629	0.9089	0.7691	0.9102	0.7835	1.0821	1.4451	0.7644	1.1115	0.7646	1.2415	1.0288	0.7598	0.7682
  U	1.0795	0.7787	0.7733	0.7795	3.2907	1.0246	0.765	0.7722	0.8435	0.772	1.0186	0.7686	0.8099	0.7715	0.7666	1.6482	0.7661	1.4174	0.8658	0.7631	0	0.767	0.7795	0.7771	1.0282	1.1841	0.7676	0.7629	0.7723	0.8187	0.7635	0.767	0.7679	1.0042	1.0523	0.7617	0.768	0.7701	0.8142	1.3796	0.7651	1.0168	0.7662	0.7664	0.7669	0.7651	0.761	1.2115	0.7775	1.1091	0.7694	0.7631	0.9059	0.9963	0.7672	0.7658	0.7851	0.7618	1.0377
  V	0.7682	0.8035	1.0285	0.7703	0.8153	0.8478	0.7852	0.768	0.9925	0.7788	0.7798	0.7697	0.7685	0.769	0.7719	1.1257	1.0219	1.5344	0.7735	0.7631	0.767	0	0.7717	0.7681	0.9945	0.773	1.0643	0.7617	0.7715	1.0345	1.0187	0.892	0.7657	1.3387	0.8993	0.7618	0.7948	0.835	0.7753	0.7722	0.763	1.2227	0.7659	0.7654	0.7683	0.7649	0.8977	0.8073	0.7729	1.8502	1.0311	0.7649	0.7658	0.9893	0.7655	0.767	1.1446	0.7629	0.8333
  W	0.8188	1.7131	1.125	1.3265	1.0495	1.3476	0.7711	0.7816	1.1738	1.802	0.7773	1.1828	1.36	0.7751	0.8155	0.9104	0.7737	1.3688	0.827	0.9742	0.7795	0.7717	0	0.8622	1.5338	0.8982	0.8283	0.7662	0.957	1.1418	2.6668	1.2434	1.167	0.9756	0.7812	0.7669	0.774	1.939	1.0868	0.797	1.1743	0.7969	2.5051	0.7718	3.7399	1.3354	0.7999	2.2939	1.202	0.9763	1.7563	0.9766	1.2137	0.9752	1.3785	0.781	1.1566	0.7637	0.7761
  X	1.5418	1.1652	0.8983	0.7768	0.7857	0.7693	0.7715	1.426	0.9474	0.7757	1.4709	0.7679	0.7724	1.2376	0.7674	3.2216	0.7653	2.3029	0.7722	0.7658	0.7771	0.7681	0.8622	0	0.7836	1.209	0.7691	1.1433	0.7686	0.9834	0.7638	0.991	0.7673	2.0533	1.2442	0.7622	0.8459	0.7699	0.8245	0.8803	0.7634	0.7887	0.767	1.3005	0.7924	0.7636	0.762	0.8371	1.1277	0.8279	0.7757	0.764	0.7672	2.5093	0.7653	0.7691	0.8126	0.7616	1.1278
  Y	1.3031	1.6103	1.4546	0.867	2.5427	1.809	1.7251	0.9734	1.0208	1.5031	1.1803	1.7403	1.0915	1.1843	0.9542	3.0442	1.6577	3.3156	1.0272	1.1558	1.0282	0.9945	1.5338	0.7836	0	1.6589	1.1679	0.7706	1.249	2.0956	0.7845	0.8865	1.1451	2.8125	0.9948	0.7678	0.9826	1.0878	2.2946	1.1814	0.946	1.1982	0.9682	1.3797	0.7985	0.8766	0.7674	0.9568	1.8154	5.8286	2.3286	0.7726	0.7816	0.9175	1.0365	1.3521	3.1756	0.7676	1.6649
  Z	0.895	2.2765	1.1677	1.4448	1.3152	0.8328	0.7797	1.0626	0.8176	3.0723	0.9982	1.0479	0.8015	0.7758	0.7711	1.2621	0.7719	1.4881	2.3171	1.8005	1.1841	0.773	0.8982	1.209	1.6589	0	1.176	0.7657	0.7833	0.8033	1.5467	0.9524	1.5462	1.4827	0.8371	0.7669	1.0753	0.8809	1.0478	2.4883	0.7696	1.1583	0.865	0.7738	1.1857	0.8156	0.773	1.0411	1.1736	1.4715	0.8079	1.1192	0.7743	1.5247	0.7708	0.7778	1.0931	0.7652	1.1701
  [	0.7688	1.6266	0.7749	0.8463	1.2476	0.7897	0.7675	0.7692	0.7709	0.8958	0.7686	0.8382	0.7672	1.1525	0.7698	0.9752	0.7662	0.8021	2.3253	0.7656	0.7676	1.0643	0.8283	0.7691	1.1679	1.176	0	0.7616	1.0496	0.7711	0.7648	0.8158	0.8497	1.2406	0.8042	0.8108	0.7676	0.9096	1.2088	1.2984	0.7633	0.7715	1.2489	1.1477	0.7718	0.7811	0.7625	0.7733	0.7772	0.9246	0.8004	0.7658	0.7665	0.9958	1.0539	0.7689	1.3266	0.7626	0.7904
  \	0.7751	0.9853	0.7635	0.7639	1.0125	0.807	0.759	0.7634	0.7652	0.7671	0.7634	0.7619	0.7627	0.7635	0.7601	0.7718	0.7608	0.7729	0.762	0.7596	0.7629	0.7617	0.7662	1.1433	0.7706	0.7657	0.7616	0	0.7629	0.7659	0.7589	0.7701	0.7604	0.7739	0.7667	0.7587	0.7616	0.9881	0.7963	0.7656	0.7599	0.7638	0.7626	1.1435	0.7624	0.8213	0.7582	1.6022	0.7661	1.1045	0.8104	0.7595	1.006	0.7664	0.7618	0.7617	0.8964	0.7584	0.7624
  ]	0.8596	1.5358	0.7739	1.3093	0.9419	1.231	0.769	0.7699	0.7804	1.2958	0.7702	0.7698	0.8365	1.1576	0.7728	0.9531	0.7668	1.2808	0.77	0.7779	0.7723	0.7715	0.957	0.7686	1.249	0.7833	1.0496	0.7629	0	0.7841	0.7648	0.7706	0.7671	1.2008	0.7743	0.7631	0.7735	0.7759	1.1397	0.7787	0.7658	1.3491	1.2984	0.7706	0.7823	0.9304	0.7631	0.8721	1.1734	1.4987	0.9946	0.7657	1.1563	0.9057	0.7685	0.8308	1.0247	0.7624	0.8316
  ^	1.1883	0.9755	1.3195	0.7834	1.2951	1.0912	0.7697	0.8013	0.7816	0.8523	1.1093	0.8075	2.2659	0.793	1.4974	4.3474	0.998	1.5475	0.8368	0.7674	0.8187	1.0345	1.1418	0.9834	2.0956	0.8033	0.7711	0.7659	0.7841	0	0.7667	0.793	0.772	0.874	1.0688	0.7646	0.8589	0.9335	0.8224	1.3733	0.7789	1.1632	0.7791	1.172	0.8325	1.0942	0.7648	1.0085	0.9199	1.893	0.7848	0.7741	0.7866	1.0753	0.7818	0.9126	1.0984	0.765	0.7841
  _	0.7644	0.7807	0.7663	0.9948	0.825	0.7648	0.7616	0.7666	1.2511	2.7471	1.1441	0.7633	0.7641	0.7648	0.7623	0.7748	0.7643	0.9088	1.1456	0.7657	0.7635	1.0187	2.6668	0.7638	0.7845	1.5467	0.7648	0.7589	0.7648	0.7667	0	0.7647	0.7693	0.9891	0.8788	0.7601	0.7653	0.7653	0.8647	0.7664	0.7606	0.7663	1.1494	0.7625	2.4432	0.7629	0.7811	0.7792	0.7704	0.7768	0.8011	1.3358	0.7635	1.6051	0.7638	0.7705	0.8797	0.7594	0.7654
  `	0.768	0.781	0.8227	0.7689	0.9918	0.7708	0.7648	0.7713	0.9516	1.2024	1.1252	0.766	0.7835	0.7689	0.7641	1.1658	0.7703	0.9911	0.8758	0.7651	0.767	0.892	1.2434	0.991	0.8865	0.9524	0.8158	0.7701	0.7706	0.793	0.7647	0	0.7661	1.1965	0.999	0.7616	0.7671	0.7693	0.8415	0.7773	0.7628	0.7838	0.7695	0.765	0.772	0.7755	0.9318	1.9954	0.9613	1.3665	0.8088	0.7646	0.7655	1.6778	0.765	0.7732	1.5163	1.1361	0.7731
  a	0.7677	0.7814	0.7705	1.0795	0.9809	0.7808	0.7644	0.7679	1.0726	0.7704	0.7679	0.7734	0.7673	0.772	0.7641	1.8189	0.7655	0.7924	0.8745	0.7626	0.7679	0.7657	1.167	0.7673	1.1451	1.5462	0.8497	0.7604	0.7671	0.772	0.7693	0.7661	0	1.2581	1.0403	0.7611	0.7673	0.7722	0.9854	0.8358	0.7627	0.7706	0.765	0.7659	0.7668	0.7736	0.7609	0.7745	0.7728	1.5989	1.0304	0.7628	0.7647	1.0095	0.7815	0.7848	1.1438	0.7604	0.7706
  b	1.4587	0.9431	3.0003	1.6045	2.5423	1.2365	2.0578	1.191	0.8345	0.9745	0.8182	1.5824	0.8014	0.7856	1.1476	1.736	1.0905	2.5748	1.1975	0.7704	1.0042	1.3387	0.9756	2.0533	2.8125	1.4827	1.2406	0.7739	1.2008	0.874	0.9891	1.1965	1.2581	0	0.8061	0.7662	1.0077	1.2138	1.7317	0.8443	0.7704	1.1954	0.7766	1.2706	0.786	0.7783	0.7658	1.2907	0.81	3.9373	1.1822	0.7825	0.7749	0.8403	0.7918	0.7933	1.061	0.7723	0.7895
  c	0.7799	0.9299	1.1597	0.7816	0.9927	0.911	0.7759	1.0099	1.2877	0.9325	1.0571	0.7728	0.8028	1.5531	0.7705	0.8153	1.0639	1.2255	1.0724	0.7734	1.0523	0.8993	0.7812	1.2442	0.9948	0.8371	0.8042	0.7667	0.7743	1.0688	0.8788	0.999	1.0403	0.8061	0	0.7659	1.2594	0.779	0.9834	1.1347	0.8206	0.7764	0.8027	0.7734	1.3525	0.7703	0.7668	1.4757	0.8526	1.0036	1.0043	1.0323	0.7709	1.5507	0.7759	1.2103	2.4683	0.7651	1.056
  d	0.7628	0.9817	0.7643	0.7639	0.7671	0.7632	0.7604	0.772	0.7641	0.7915	0.7955	0.7615	0.7623	0.7635	0.7613	1.1704	1.0192	0.771	1.548	0.7612	0.7617	0.7618	0.7669	0.7622	0.7678	0.7669	0.8108	0.7587	0.7631	0.7646	0.7601	0.7616	0.7611	0.7662	0.7659	0	0.7656	1.0518	0.7649	0.7652	0.7599	0.7646	1.1181	0.7616	0.764	0.7605	0.7595	0.7653	0.7672	0.7712	0.7701	0.7607	0.7626	1.367	0.8349	0.7637	0.776	0.7591	0.7627
  e	0.7712	0.7821	1.1209	0.7708	1.0457	1.1545	0.7652	1.0708	0.7728	1.1662	0.9308	0.7672	0.8095	0.9941	0.7665	1.7426	1.5559	1.2475	0.8139	0.7657	0.768	0.7948	0.774	0.8459	0.9826	1.0753	0.7676	0.7616	0.7735	0.8589	0.7653	0.7671	0.7673	1.0077	1.2594	0.7656	0	1.0054	0.7765	0.7726	0.7636	0.7814	0.7825	0.7687	1.2784	0.7652	0.7642	0.7784	1.3548	0.8219	1.1047	0.7711	0.7739	1.7076	0.7659	0.7706	1.4684	0.7618	0.7729
  f	0.771	2.1795	1.1639	0.7839	1.0634	1.2114	0.7708	1.0035	1.4788	1.9608	0.7726	1.0445	0.7791	1.0924	0.7691	0.8852	1.1434	1.74	0.7742	0.7696	0.7701	0.835	1.939	0.7699	1.0878	0.8809	0.9096	0.9881	0.7759	0.9335	0.7653	0.7693	0.7722	1.2138	0.779	1.0518	1.0054	0	1.0573	1.1487	0.7657	0.81	1.2646	0.7834	0.7822	1.0284	0.7653	0.7814	0.9363	2.4679	1.4281	0.7694	1.4164	0.7962	1.2527	1.192	0.8368	1.1475	0.7715
  g	1.4777	0.8619	1.0969	0.9847	1.9694	0.8569	0.7779	0.7796	1.616	0.8434	0.8281	1.2022	1.2773	0.7779	1.091	1.0893	1.1576	1.9268	0.7953	0.7683	0.8142	0.7753	1.0868	0.8245	2.2946	1.0478	1.2088	0.7963	1.1397	0.8224	0.8647	0.8415	0.9854	1.7317	0.9834	0.7649	0.7765	1.0573	0	2.1633	1.0636	0.8666	1.1596	1.4151	0.7982	0.8406	0.7648	1.1213	0.853	1.9993	0.9482	0.7688	0.7792	0.8416	0.7721	1.1928	2.2451	0.7654	1.1287
  h	1.0563	1.033	0.7813	0.8332	1.6516	0.7858	0.7698	0.7765	1.0072	0.7793	0.8958	1.1067	0.859	0.7766	0.7689	1.0396	0.9052	1.555	1.6432	0.7705	1.3796	0.7722	0.797	0.8803	1.1814	2.4883	1.2984	0.7656	0.7787	1.3733	0.7664	0.7773	0.8358	0.8443	1.1347	0.7652	0.7726	1.1487	2.1633	0	1.0455	1.5474	0.7712	0.9753	0.7732	0.7706	0.7637	1.3801	1.0929	2.4682	0.9101	0.7664	1.1307	1.1715	0.769	0.7726	1.3255	0.7646	0.9802
  i	0.8067	0.7704	0.766	0.9778	0.8442	0.7736	0.7718	0.769	0.7663	0.768	0.7663	0.7951	0.7694	0.7657	0.7618	0.8299	0.7628	0.8094	0.7644	0.7609	0.7651	0.763	1.1743	0.7634	0.946	0.7696	0.7633	0.7599	0.7658	0.7789	0.7606	0.7628	0.7627	0.7704	0.8206	0.7599	0.7636	0.7657	1.0636	1.0455	0	0.7688	1.1127	0.7633	0.7647	0.7673	0.7593	1.1187	0.9922	1.1651	0.9053	0.7613	1.4182	0.8316	0.7813	0.7639	0.7791	0.7595	1.0268
  j	1.7577	0.788	1.0331	3.9547	0.9799	2.1541	0.7725	0.8825	1.1462	0.7778	0.7731	1.261	0.7984	0.7743	0.7729	0.8958	0.7693	1.5902	0.7771	0.7662	1.0168	1.2227	0.7969	0.7887	1.1982	1.1583	0.7715	0.7638	1.3491	1.1632	0.7663	0.7838	0.7706	1.1954	0.7764	0.7646	0.7814	0.81	0.8666	1.5474	0.7688	0	1.1817	0.7701	0.7734	1.2094	0.7637	0.8599	1.4392	1.9153	0.9438	0.7659	0.775	1.3755	0.7707	0.8527	0.8433	1.0326	1.5168
  k	1.1209	2.387	1.2014	1.3217	1.1239	0.7703	1.4978	1.0208	0.7715	1.3907	0.8229	0.7674	0.8657	0.7691	1.1339	1.1518	0.9426	0.85	0.769	0.7703	0.7662	0.7659	2.5051	0.767	0.9682	0.865	1.2489	0.7626	1.2984	0.7791	1.1494	0.7695	0.765	0.7766	0.8027	1.1181	0.7825	1.2646	1.1596	0.7712	1.1127	1.1817	0	1.3026	1.0218	0.765	0.7631	0.7793	0.7864	0.7939	0.9441	0.8231	2.3348	0.7883	1.1573	0.777	0.7786	0.7615	0.7695
  l	0.7687	0.8758	0.7725	1.0319	0.787	0.7695	0.7648	1.0372	0.772	0.9157	0.7699	0.7654	1.0049	1.2252	0.7688	2.9213	1.1435	1.0193	0.7666	0.7638	0.7664	0.7654	0.7718	1.3005	1.3797	0.7738	1.1477	1.1435	0.7706	1.172	0.7625	0.765	0.7659	1.2706	0.7734	0.7616	0.7687	0.7834	1.4151	0.9753	0.7633	0.7701	1.3026	0	1.0112	0.7696	0.7612	0.7751	1.3119	1.6205	0.7758	0.7642	0.7661	0.8125	0.7669	0.776	0.9349	0.7636	0.7708
  m	0.7772	2.1436	0.8168	1.2378	0.7829	0.7711	0.7656	1.0664	0.9262	5.9193	0.829	0.7676	1.0415	0.993	0.7686	1.1043	0.7711	0.9266	1.2694	1.0185	0.7669	0.7683	3.7399	0.7924	0.7985	1.1857	0.7718	0.7624	0.7823	0.8325	2.4432	0.772	0.7668	0.786	1.3525	0.764	1.2784	0.7822	0.7982	0.7732	0.7647	0.7734	1.0218	1.0112	0	0.7716	0.8769	1.26	1.0811	0.8159	1.8344	1.9034	0.8037	0.9849	0.7703	1.2359	1.5257	0.7622	0.8016
  n	1.1327	0.7837	0.7751	0.7747	0.8973	1.3126	0.7617	0.7651	0.7681	0.9411	0.7652	0.7789	0.7663	0.766	0.7629	1.0271	0.7629	0.788	0.766	0.7629	0.7651	0.7649	1.3354	0.7636	0.8766	0.8156	0.7811	0.8213	0.9304	1.0942	0.7629	0.7755	0.7736	0.7783	0.7703	0.7605	0.7652	1.0284	0.8406	0.7706	0.7673	1.2094	0.765	0.7696	0.7716	0	0.761	0.7742	0.8911	1.1442	0.8339	0.763	0.7648	0.7819	0.8884	0.7686	1.505	0.761	0.7661
  o	0.7618	0.7813	0.7632	0.8316	0.7701	0.7624	0.7593	0.765	0.7692	4.4336	0.7642	0.761	0.762	0.7635	0.7612	1.157	0.7621	0.7936	0.7631	0.9089	0.761	0.8977	0.7999	0.762	0.7674	0.773	0.7625	0.7582	0.7631	0.7648	0.7811	0.9318	0.7609	0.7658	0.7668	0.7595	0.7642	0.7653	0.7648	0.7637	0.7593	0.7637	0.7631	0.7612	0.8769	0.761	0	0.8087	0.7674	0.7715	0.8198	0.8247	0.7617	1.9307	0.7613	0.7665	1.2203	0.759	0.7631
  p	0.9352	1.0013	0.9408	0.827	1.8179	1.6553	0.7786	0.7814	1.6974	1.683	1.6953	0.9061	1.192	0.9972	0.7884	1.6621	1.1591	2.675	0.7805	0.7691	1.2115	0.8073	2.2939	0.8371	0.9568	1.0411	0.7733	1.6022	0.8721	1.0085	0.7792	1.9954	0.7745	1.2907	1.4757	0.7653	0.7784	0.7814	1.1213	1.3801	1.1187	0.8599	0.7793	0.7751	1.26	0.7742	0.8087	0	1.0499	2.3406	0.7896	0.785	0.7737	1.2644	0.8441	0.7861	1.9486	0.7727	0.7791
  q	1.0659	0.8261	1.2159	3.1701	1.214	1.2829	0.7722	0.8261	1.1654	1.2009	0.778	0.8846	0.8775	1.7269	0.9949	2.2004	0.7808	1.0485	1.0368	0.9102	0.7775	0.7729	1.202	1.1277	1.8154	1.1736	0.7772	0.7661	1.1734	0.9199	0.7704	0.9613	0.7728	0.81	0.8526	0.7672	1.3548	0.9363	0.853	1.0929	0.9922	1.4392	0.7864	1.3119	1.0811	0.8911	0.7674	1.0499	0	1.6707	1.0991	1.0401	1.1787	1.0155	1.0573	1.3804	0.9279	0.7656	0.8121
  r	0.9827	1.2571	2.2368	1.9983	2.3126	3.7396	1.8436	0.8507	0.9071	0.9976	0.931	0.8354	1.0024	1.566	0.8931	4.8516	0.8139	3.7582	1.7631	0.7835	1.1091	1.8502	0.9763	0.8279	5.8286	1.4715	0.9246	1.1045	1.4987	1.893	0.7768	1.3665	1.5989	3.9373	1.0036	0.7712	0.8219	2.4679	1.9993	2.4682	1.1651	1.9153	0.7939	1.6205	0.8159	1.1442	0.7715	2.3406	1.6707	0	1.4242	0.7973	1.9514	1.7804	1.0554	1.1655	5.1911	0.9593	1.5681
  s	0.7717	1.42	1.0296	0.8262	0.8339	0.7876	0.7671	1.0931	0.7786	5.6583	0.9707	0.7709	0.7736	1.0809	0.7697	1.5186	0.8929	1.581	0.8007	1.0821	0.7694	1.0311	1.7563	0.7757	2.3286	0.8079	0.8004	0.8104	0.9946	0.7848	0.8011	0.8088	1.0304	1.1822	1.0043	0.7701	1.1047	1.4281	0.9482	0.9101	0.9053	0.9438	0.9441	0.7758	1.8344	0.8339	0.8198	0.7896	1.0991	1.4242	0	1.5173	0.9969	4.0049	0.771	1.1802	0.9538	0.7672	0.8402
  t	0.7639	0.8578	0.7902	0.767	0.7704	0.7655	0.7651	0.7676	0.7975	4.7927	0.7767	0.7638	0.7689	0.7672	0.7636	1.0935	0.7792	0.8012	0.7879	1.4451	0.7631	0.7649	0.9766	0.764	0.7726	1.1192	0.7658	0.7595	0.7657	0.7741	1.3358	0.7646	0.7628	0.7825	1.0323	0.7607	0.7711	0.7694	0.7688	0.7664	0.7613	0.7659	0.8231	0.7642	1.9034	0.763	0.8247	0.785	1.0401	0.7973	1.5173	0	0.8219	0.8615	0.7833	0.808	0.8981	0.7597	1.1532
  u	0.7786	0.7929	0.7978	1.1102	1.5491	0.7697	0.7797	0.7739	0.7687	1.6408	0.7688	1.0552	0.7679	0.7699	0.7646	1.4405	0.7667	1.049	0.7666	0.7644	0.9059	0.7658	1.2137	0.7672	0.7816	0.7743	0.7665	1.006	1.1563	0.7866	0.7635	0.7655	0.7647	0.7749	0.7709	0.7626	0.7739	1.4164	0.7792	1.1307	1.4182	0.775	2.3348	0.7661	0.8037	0.7648	0.7617	0.7737	1.1787	1.9514	0.9969	0.8219	0	0.9855	0.7911	0.775	1.1617	0.7612	1.119
  v	0.8758	3.0159	0.9799	1.3509	1.0245	0.7799	0.9286	3.8716	0.8057	4.799	2.185	0.78	0.8937	1.9342	0.7789	4.4073	0.9771	1.564	0.7802	1.1115	0.9963	0.9893	0.9752	2.5093	0.9175	1.5247	0.9958	0.7664	0.9057	1.0753	1.6051	1.6778	1.0095	0.8403	1.5507	1.367	1.7076	0.7962	0.8416	1.1715	0.8316	1.3755	0.7883	0.8125	0.9849	0.7819	1.9307	1.2644	1.0155	1.7804	4.0049	0.8615	0.9855	0	0.7736	1.1891	1.0206	1.4194	0.9671
  w	1.0438	0.9938	1.0505	0.7698	0.8822	1.0161	0.7636	0.7669	0.7695	0.8242	0.7665	0.779	0.7688	0.7677	0.7647	0.8382	0.765	0.8559	0.7669	0.7646	0.7672	0.7655	1.3785	0.7653	1.0365	0.7708	1.0539	0.7618	0.7685	0.7818	0.7638	0.765	0.7815	0.7918	0.7759	0.8349	0.7659	1.2527	0.7721	0.769	0.7813	0.7707	1.1573	0.7669	0.7703	0.8884	0.7613	0.8441	1.0573	1.0554	0.771	0.7833	0.7911	0.7736	0	1.4378	1.1669	0.7611	0.7665
  x	0.7773	2.2434	0.7716	1.4082	0.7779	0.7859	0.7812	0.9944	0.7807	3.1845	0.7718	0.7667	0.7887	1.1595	0.7668	1.377	0.835	1.3694	0.7693	1.2415	0.7658	0.767	0.781	0.7691	1.3521	0.7778	0.7689	0.7617	0.8308	0.9126	0.7705	0.7732	0.7848	0.7933	1.2103	0.7637	0.7706	1.192	1.1928	0.7726	0.7639	0.8527	0.777	0.776	1.2359	0.7686	0.7665	0.7861	1.3804	1.1655	1.1802	0.808	0.775	1.1891	1.4378	0	1.2305	0.7618	0.7724
  y	1.1639	1.3386	1.2289	1.5381	2.0091	0.8125	1.535	1.0124	1.2461	1.5745	0.8294	0.8926	0.9338	1.0817	1.1767	2.1659	0.7774	1.3151	2.2964	1.0288	0.7851	1.1446	1.1566	0.8126	3.1756	1.0931	1.3266	0.8964	1.0247	1.0984	0.8797	1.5163	1.1438	1.061	2.4683	0.776	1.4684	0.8368	2.2451	1.3255	0.7791	0.8433	0.7786	0.9349	1.5257	1.505	1.2203	1.9486	0.9279	5.1911	0.9538	0.8981	1.1617	1.0206	1.1669	1.2305	0	1.1559	1.5489
  z	0.9482	0.772	0.7679	0.7647	0.7759	0.766	1.1427	0.7634	0.7632	0.775	0.7911	0.7614	0.7618	0.7629	0.76	0.7734	0.7607	0.771	0.7622	0.7598	0.7618	0.7629	0.7637	0.7616	0.7676	0.7652	0.7626	0.7584	0.7624	0.765	0.7594	1.1361	0.7604	0.7723	0.7651	0.7591	0.7618	1.1475	0.7654	0.7646	0.7595	1.0326	0.7615	0.7636	0.7622	0.761	0.759	0.7727	0.7656	0.9593	0.7672	0.7597	0.7612	1.4194	0.7611	0.7618	1.1559	0	0.7627
  {	0.788	1.0076	0.9644	1.2412	0.7911	0.7823	1.1509	0.7742	0.8	2.1918	0.871	1.181	0.7704	1.1339	0.7683	1.5926	0.7733	1.8252	0.821	0.7682	1.0377	0.8333	0.7761	1.1278	1.6649	1.1701	0.7904	0.7624	0.8316	0.7841	0.7654	0.7731	0.7706	0.7895	1.056	0.7627	0.7729	0.7715	1.1287	0.9802	1.0268	1.5168	0.7695	0.7708	0.8016	0.7661	0.7631	0.7791	0.8121	1.5681	0.8402	1.1532	1.119	0.9671	0.7665	0.7724	1.5489	0.7627	0

Actual rates from j->i (Q_ij):
	A	B	C	D	E	F	G	H	I	J	K	L	M	N	O	P	Q	R	S	T	U	V	W	X	Y	Z	[	\	]	^	_	`	a	b	c	d	e	f	g	h	i	j	k	l	m	n	o	p	q	r	s	t	u	v	w	x	y	z	{
  A	0	0.0147	0.0147	0.0199	0.0174	0.0168	0.0323	0.0221	0.0251	0.0145	0.0146	0.0145	0.0164	0.0145	0.0148	0.0165	0.0144	0.0246	0.0162	0.0144	0.0203	0.0145	0.0154	0.029	0.0246	0.0169	0.0145	0.0146	0.0162	0.0224	0.0144	0.0145	0.0145	0.0275	0.0147	0.0144	0.0145	0.0145	0.0278	0.0199	0.0152	0.0331	0.0211	0.0145	0.0146	0.0213	0.0144	0.0176	0.0201	0.0185	0.0145	0.0144	0.0147	0.0165	0.0197	0.0146	0.0219	0.0179	0.0148
  B	0.014	0	0.0142	0.0168	0.0296	0.0191	0.014	0.0197	0.0363	0.0617	0.0208	0.014	0.0141	0.0183	0.0189	0.022	0.0176	0.0377	0.0201	0.0302	0.014	0.0145	0.0308	0.021	0.029	0.041	0.0293	0.0177	0.0276	0.0176	0.014	0.0141	0.0141	0.017	0.0167	0.0177	0.0141	0.0392	0.0155	0.0186	0.0139	0.0142	0.043	0.0158	0.0386	0.0141	0.0141	0.018	0.0149	0.0226	0.0256	0.0154	0.0143	0.0543	0.0179	0.0404	0.0241	0.0139	0.0181
  C	0.014	0.0141	0	0.0139	0.0224	0.0146	0.0137	0.0139	0.0145	0.0145	0.014	0.0173	0.0138	0.0285	0.0246	0.023	0.0141	0.0356	0.0138	0.0137	0.0138	0.0184	0.0201	0.016	0.026	0.0208	0.0138	0.0136	0.0138	0.0236	0.0137	0.0147	0.0138	0.0536	0.0207	0.0136	0.02	0.0208	0.0196	0.0139	0.0137	0.0184	0.0214	0.0138	0.0146	0.0138	0.0136	0.0168	0.0217	0.0399	0.0184	0.0141	0.0142	0.0175	0.0188	0.0138	0.0219	0.0137	0.0172
  D	0.0166	0.0146	0.0122	0	0.0214	0.0122	0.0153	0.0121	0.0158	0.0127	0.0121	0.0161	0.0121	0.0121	0.012	0.0124	0.0122	0.0187	0.0121	0.012	0.0122	0.0121	0.0208	0.0122	0.0136	0.0227	0.0133	0.012	0.0205	0.0123	0.0156	0.0121	0.0169	0.0252	0.0123	0.012	0.0121	0.0123	0.0154	0.0131	0.0153	0.062	0.0207	0.0162	0.0194	0.0121	0.013	0.013	0.0497	0.0313	0.013	0.012	0.0174	0.0212	0.0121	0.0221	0.0241	0.012	0.0195
  E	0.0148	0.0264	0.0202	0.0219	0	0.0137	0.0125	0.0134	0.0396	0.021	0.0251	0.0193	0.0495	0.0239	0.0135	0.028	0.017	0.0156	0.0126	0.0124	0.0528	0.0131	0.0169	0.0126	0.0408	0.0211	0.02	0.0163	0.0151	0.0208	0.0132	0.0159	0.0158	0.0408	0.0159	0.0123	0.0168	0.0171	0.0316	0.0265	0.0136	0.0157	0.018	0.0126	0.0126	0.0144	0.0124	0.0292	0.0195	0.0371	0.0134	0.0124	0.0249	0.0165	0.0142	0.0125	0.0323	0.0125	0.0127
  F	0.0142	0.0169	0.013	0.0124	0.0136	0	0.0124	0.0123	0.0124	0.0156	0.0123	0.0233	0.0171	0.0123	0.0122	0.0147	0.0122	0.0197	0.0123	0.0122	0.0163	0.0135	0.0215	0.0123	0.0288	0.0133	0.0126	0.0129	0.0196	0.0174	0.0122	0.0123	0.0124	0.0197	0.0145	0.0122	0.0184	0.0193	0.0137	0.0125	0.0123	0.0343	0.0123	0.0123	0.0123	0.0209	0.0121	0.0264	0.0204	0.0596	0.0125	0.0122	0.0123	0.0124	0.0162	0.0125	0.0129	0.0122	0.0125
  G	0.0308	0.014	0.0138	0.0175	0.014	0.014	0	0.0141	0.0536	0.0138	0.0186	0.0138	0.0138	0.0137	0.0137	0.0145	0.0137	0.021	0.0186	0.0137	0.0137	0.0141	0.0139	0.0139	0.031	0.014	0.0138	0.0136	0.0138	0.0138	0.0137	0.0137	0.0137	0.037	0.0139	0.0137	0.0137	0.0139	0.014	0.0138	0.0139	0.0139	0.0269	0.0137	0.0138	0.0137	0.0136	0.014	0.0139	0.0331	0.0138	0.0137	0.014	0.0167	0.0137	0.014	0.0276	0.0205	0.0207
  H	0.0211	0.0196	0.014	0.0139	0.015	0.0138	0.0141	0	0.0168	0.0259	0.0448	0.0138	0.0191	0.0146	0.0181	0.026	0.0138	0.0338	0.0181	0.0167	0.0139	0.0138	0.014	0.0256	0.0175	0.0191	0.0138	0.0137	0.0138	0.0144	0.0138	0.0139	0.0138	0.0214	0.0181	0.0139	0.0192	0.018	0.014	0.014	0.0138	0.0159	0.0183	0.0186	0.0192	0.0137	0.0137	0.014	0.0148	0.0153	0.0196	0.0138	0.0139	0.0696	0.0138	0.0179	0.0182	0.0137	0.0139
  I	0.024	0.0364	0.0146	0.0181	0.0444	0.014	0.0537	0.0168	0	0.0223	0.0159	0.0187	0.0177	0.0143	0.029	0.0463	0.0208	0.0209	0.014	0.0138	0.0152	0.0179	0.0211	0.0171	0.0184	0.0147	0.0139	0.0138	0.0141	0.0141	0.0225	0.0171	0.0193	0.015	0.0232	0.0138	0.0139	0.0266	0.0291	0.0181	0.0138	0.0206	0.0139	0.0139	0.0167	0.0138	0.0138	0.0306	0.021	0.0163	0.014	0.0144	0.0138	0.0145	0.0139	0.0141	0.0224	0.0137	0.0144
  J	0.0081	0.0359	0.0085	0.0085	0.0137	0.0103	0.0081	0.0151	0.013	0	0.0087	0.0081	0.0081	0.0094	0.0103	0.0127	0.0107	0.027	0.0091	0.0447	0.0081	0.0082	0.0189	0.0081	0.0158	0.0322	0.0094	0.008	0.0136	0.0089	0.0288	0.0126	0.0081	0.0102	0.0098	0.0083	0.0122	0.0205	0.0088	0.0082	0.008	0.0082	0.0146	0.0096	0.062	0.0099	0.0465	0.0176	0.0126	0.0105	0.0593	0.0502	0.0172	0.0503	0.0086	0.0334	0.0165	0.0081	0.023
  K	0.0139	0.0207	0.014	0.0138	0.028	0.0138	0.0185	0.0447	0.0158	0.0149	0	0.0138	0.0139	0.0246	0.0138	0.0298	0.0138	0.0272	0.0138	0.0137	0.0182	0.014	0.0139	0.0263	0.0211	0.0179	0.0138	0.0137	0.0138	0.0199	0.0205	0.0202	0.0138	0.0147	0.0189	0.0142	0.0167	0.0138	0.0148	0.016	0.0137	0.0138	0.0147	0.0138	0.0148	0.0137	0.0137	0.0304	0.0139	0.0167	0.0174	0.0139	0.0138	0.0391	0.0137	0.0138	0.0149	0.0142	0.0156
  L	0.0145	0.0147	0.0182	0.0193	0.0226	0.0276	0.0145	0.0144	0.0195	0.0146	0.0144	0	0.0145	0.0191	0.0145	0.022	0.0144	0.0206	0.0145	0.0193	0.0145	0.0145	0.0222	0.0144	0.0327	0.0197	0.0158	0.0143	0.0145	0.0152	0.0144	0.0144	0.0145	0.0298	0.0145	0.0143	0.0144	0.0196	0.0226	0.0208	0.015	0.0237	0.0144	0.0144	0.0144	0.0147	0.0143	0.017	0.0166	0.0157	0.0145	0.0144	0.0198	0.0147	0.0147	0.0144	0.0168	0.0143	0.0222
  M	0.0144	0.013	0.0129	0.0128	0.0512	0.0178	0.0127	0.0177	0.0163	0.0129	0.0129	0.0128	0	0.0128	0.0128	0.0336	0.0166	0.0394	0.0135	0.0127	0.0134	0.0128	0.0226	0.0128	0.0181	0.0133	0.0127	0.0127	0.0139	0.0376	0.0127	0.013	0.0127	0.0133	0.0133	0.0127	0.0134	0.0129	0.0212	0.0143	0.0128	0.0133	0.0144	0.0167	0.0173	0.0127	0.0126	0.0198	0.0146	0.0166	0.0128	0.0128	0.0127	0.0148	0.0128	0.0131	0.0155	0.0126	0.0128
  N	0.0124	0.0164	0.0257	0.0124	0.0239	0.0124	0.0123	0.0131	0.0128	0.0145	0.0221	0.0164	0.0124	0	0.0291	0.0321	0.0123	0.03	0.0124	0.0123	0.0124	0.0124	0.0125	0.0199	0.0191	0.0125	0.0185	0.0123	0.0186	0.0128	0.0123	0.0124	0.0124	0.0126	0.025	0.0123	0.016	0.0176	0.0125	0.0125	0.0123	0.0125	0.0124	0.0197	0.016	0.0123	0.0123	0.016	0.0278	0.0252	0.0174	0.0123	0.0124	0.0311	0.0124	0.0187	0.0174	0.0123	0.0182
  O	0.0145	0.0193	0.0253	0.0141	0.0154	0.0141	0.014	0.0185	0.0296	0.0182	0.0142	0.0141	0.0142	0.0333	0	0.02	0.0142	0.0168	0.0187	0.014	0.0141	0.0142	0.015	0.0141	0.0175	0.0142	0.0142	0.014	0.0142	0.0275	0.014	0.0141	0.0141	0.0211	0.0142	0.014	0.0141	0.0141	0.0201	0.0141	0.014	0.0142	0.0209	0.0141	0.0141	0.014	0.014	0.0145	0.0183	0.0164	0.0142	0.014	0.0141	0.0143	0.0141	0.0141	0.0216	0.014	0.0141
  P	0.0108	0.0151	0.0159	0.0097	0.0215	0.0114	0.0099	0.0179	0.0317	0.0149	0.0205	0.0144	0.025	0.0246	0.0134	0	0.0099	0.0428	0.0098	0.01	0.0203	0.0139	0.0112	0.0397	0.0375	0.0156	0.012	0.0095	0.0117	0.0536	0.0096	0.0144	0.0224	0.0214	0.01	0.0144	0.0215	0.0109	0.0134	0.0128	0.0102	0.011	0.0142	0.036	0.0136	0.0127	0.0143	0.0205	0.0271	0.0598	0.0187	0.0135	0.0178	0.0543	0.0103	0.017	0.0267	0.0095	0.0196
  Q	0.0143	0.0183	0.0147	0.0145	0.0197	0.0143	0.0142	0.0143	0.0215	0.0189	0.0143	0.0143	0.0187	0.0143	0.0144	0.015	0	0.0153	0.0143	0.0157	0.0143	0.019	0.0144	0.0143	0.0309	0.0144	0.0143	0.0142	0.0143	0.0186	0.0142	0.0143	0.0143	0.0203	0.0198	0.019	0.029	0.0213	0.0216	0.0169	0.0142	0.0143	0.0176	0.0213	0.0144	0.0142	0.0142	0.0216	0.0145	0.0152	0.0166	0.0145	0.0143	0.0182	0.0142	0.0156	0.0145	0.0142	0.0144
  R	0.0181	0.0291	0.0277	0.0166	0.0135	0.0172	0.0163	0.0261	0.0162	0.0358	0.0211	0.0152	0.033	0.0259	0.0127	0.0483	0.0114	0	0.015	0.0119	0.0197	0.0213	0.019	0.032	0.0461	0.0207	0.0111	0.0107	0.0178	0.0215	0.0126	0.0138	0.011	0.0358	0.017	0.0107	0.0173	0.0242	0.0268	0.0216	0.0112	0.0221	0.0118	0.0142	0.0129	0.0109	0.011	0.0372	0.0146	0.0522	0.022	0.0111	0.0146	0.0217	0.0119	0.019	0.0183	0.0107	0.0254
  S	0.015	0.0195	0.0135	0.0135	0.0137	0.0135	0.0181	0.0176	0.0136	0.0152	0.0135	0.0135	0.0142	0.0134	0.0178	0.0139	0.0134	0.0189	0	0.0134	0.0151	0.0135	0.0144	0.0135	0.0179	0.0405	0.0406	0.0133	0.0135	0.0146	0.02	0.0153	0.0153	0.0209	0.0187	0.027	0.0142	0.0135	0.0139	0.0287	0.0134	0.0136	0.0134	0.0134	0.0222	0.0134	0.0133	0.0136	0.0181	0.0308	0.014	0.0138	0.0134	0.0136	0.0134	0.0134	0.0401	0.0133	0.0143
  T	0.0126	0.0276	0.0126	0.0126	0.0127	0.0126	0.0125	0.0153	0.0126	0.0701	0.0126	0.0169	0.0126	0.0126	0.0125	0.0133	0.0138	0.014	0.0126	0	0.0125	0.0125	0.016	0.0126	0.019	0.0296	0.0126	0.0125	0.0128	0.0126	0.0126	0.0126	0.0125	0.0127	0.0127	0.0125	0.0126	0.0126	0.0126	0.0127	0.0125	0.0126	0.0127	0.0125	0.0167	0.0125	0.0149	0.0126	0.015	0.0129	0.0178	0.0237	0.0126	0.0183	0.0126	0.0204	0.0169	0.0125	0.0126
  U	0.0199	0.0144	0.0143	0.0144	0.0607	0.0189	0.0141	0.0142	0.0156	0.0142	0.0188	0.0142	0.0149	0.0142	0.0141	0.0304	0.0141	0.0262	0.016	0.0141	0	0.0142	0.0144	0.0143	0.019	0.0218	0.0142	0.0141	0.0143	0.0151	0.0141	0.0142	0.0142	0.0185	0.0194	0.0141	0.0142	0.0142	0.015	0.0255	0.0141	0.0188	0.0141	0.0141	0.0142	0.0141	0.014	0.0224	0.0143	0.0205	0.0142	0.0141	0.0167	0.0184	0.0142	0.0141	0.0145	0.0141	0.0191
  V	0.014	0.0146	0.0187	0.014	0.0148	0.0154	0.0143	0.014	0.0181	0.0142	0.0142	0.014	0.014	0.014	0.0141	0.0205	0.0186	0.0279	0.0141	0.0139	0.014	0	0.014	0.014	0.0181	0.0141	0.0194	0.0139	0.014	0.0188	0.0185	0.0162	0.0139	0.0244	0.0164	0.0139	0.0145	0.0152	0.0141	0.0141	0.0139	0.0223	0.0139	0.0139	0.014	0.0139	0.0163	0.0147	0.0141	0.0337	0.0188	0.0139	0.0139	0.018	0.0139	0.014	0.0208	0.0139	0.0152
  W	0.0146	0.0306	0.0201	0.0237	0.0188	0.0241	0.0138	0.014	0.021	0.0322	0.0139	0.0211	0.0243	0.0139	0.0146	0.0163	0.0138	0.0245	0.0148	0.0174	0.0139	0.0138	0	0.0154	0.0274	0.0161	0.0148	0.0137	0.0171	0.0204	0.0477	0.0222	0.0209	0.0174	0.014	0.0137	0.0138	0.0347	0.0194	0.0142	0.021	0.0142	0.0448	0.0138	0.0668	0.0239	0.0143	0.041	0.0215	0.0174	0.0314	0.0175	0.0217	0.0174	0.0246	0.014	0.0207	0.0136	0.0139
  X	0.0258	0.0195	0.0151	0.013	0.0132	0.0129	0.0129	0.0239	0.0159	0.013	0.0247	0.0129	0.0129	0.0207	0.0129	0.054	0.0128	0.0386	0.0129	0.0128	0.013	0.0129	0.0145	0	0.0131	0.0203	0.0129	0.0192	0.0129	0.0165	0.0128	0.0166	0.0129	0.0344	0.0209	0.0128	0.0142	0.0129	0.0138	0.0148	0.0128	0.0132	0.0129	0.0218	0.0133	0.0128	0.0128	0.014	0.0189	0.0139	0.013	0.0128	0.0129	0.0421	0.0128	0.0129	0.0136	0.0128	0.0189
  Y	0.0167	0.0207	0.0187	0.0111	0.0327	0.0232	0.0222	0.0125	0.0131	0.0193	0.0152	0.0224	0.014	0.0152	0.0123	0.0391	0.0213	0.0426	0.0132	0.0148	0.0132	0.0128	0.0197	0.0101	0	0.0213	0.015	0.0099	0.016	0.0269	0.0101	0.0114	0.0147	0.0361	0.0128	0.0099	0.0126	0.014	0.0295	0.0152	0.0122	0.0154	0.0124	0.0177	0.0103	0.0113	0.0099	0.0123	0.0233	0.0749	0.0299	0.0099	0.01	0.0118	0.0133	0.0174	0.0408	0.0099	0.0214
  Z	0.0147	0.0374	0.0192	0.0238	0.0216	0.0137	0.0128	0.0175	0.0135	0.0505	0.0164	0.0172	0.0132	0.0128	0.0127	0.0208	0.0127	0.0245	0.0381	0.0296	0.0195	0.0127	0.0148	0.0199	0.0273	0	0.0193	0.0126	0.0129	0.0132	0.0254	0.0157	0.0254	0.0244	0.0138	0.0126	0.0177	0.0145	0.0172	0.0409	0.0127	0.0191	0.0142	0.0127	0.0195	0.0134	0.0127	0.0171	0.0193	0.0242	0.0133	0.0184	0.0127	0.0251	0.0127	0.0128	0.018	0.0126	0.0192
  [	0.0143	0.0303	0.0144	0.0158	0.0232	0.0147	0.0143	0.0143	0.0144	0.0167	0.0143	0.0156	0.0143	0.0215	0.0143	0.0182	0.0143	0.0149	0.0433	0.0143	0.0143	0.0198	0.0154	0.0143	0.0218	0.0219	0	0.0142	0.0196	0.0144	0.0142	0.0152	0.0158	0.0231	0.015	0.0151	0.0143	0.0169	0.0225	0.0242	0.0142	0.0144	0.0233	0.0214	0.0144	0.0146	0.0142	0.0144	0.0145	0.0172	0.0149	0.0143	0.0143	0.0185	0.0196	0.0143	0.0247	0.0142	0.0147
  \	0.0143	0.0182	0.0141	0.0141	0.0187	0.0149	0.014	0.0141	0.0141	0.0142	0.0141	0.0141	0.0141	0.0141	0.014	0.0143	0.014	0.0143	0.0141	0.014	0.0141	0.0141	0.0141	0.0211	0.0142	0.0141	0.0141	0	0.0141	0.0141	0.014	0.0142	0.014	0.0143	0.0142	0.014	0.0141	0.0182	0.0147	0.0141	0.014	0.0141	0.0141	0.0211	0.0141	0.0152	0.014	0.0296	0.0141	0.0204	0.015	0.014	0.0186	0.0142	0.0141	0.0141	0.0166	0.014	0.0141
  ]	0.0151	0.027	0.0136	0.023	0.0166	0.0216	0.0135	0.0135	0.0137	0.0228	0.0135	0.0135	0.0147	0.0203	0.0136	0.0168	0.0135	0.0225	0.0135	0.0137	0.0136	0.0136	0.0168	0.0135	0.022	0.0138	0.0184	0.0134	0	0.0138	0.0134	0.0135	0.0135	0.0211	0.0136	0.0134	0.0136	0.0136	0.02	0.0137	0.0135	0.0237	0.0228	0.0135	0.0138	0.0164	0.0134	0.0153	0.0206	0.0263	0.0175	0.0135	0.0203	0.0159	0.0135	0.0146	0.018	0.0134	0.0146
  ^	0.0215	0.0176	0.0239	0.0142	0.0234	0.0197	0.0139	0.0145	0.0141	0.0154	0.0201	0.0146	0.041	0.0143	0.0271	0.0786	0.018	0.028	0.0151	0.0139	0.0148	0.0187	0.0206	0.0178	0.0379	0.0145	0.0139	0.0138	0.0142	0	0.0139	0.0143	0.014	0.0158	0.0193	0.0138	0.0155	0.0169	0.0149	0.0248	0.0141	0.021	0.0141	0.0212	0.015	0.0198	0.0138	0.0182	0.0166	0.0342	0.0142	0.014	0.0142	0.0194	0.0141	0.0165	0.0199	0.0138	0.0142
  _	0.0124	0.0126	0.0124	0.0161	0.0134	0.0124	0.0123	0.0124	0.0203	0.0445	0.0185	0.0124	0.0124	0.0124	0.0123	0.0125	0.0124	0.0147	0.0185	0.0124	0.0124	0.0165	0.0432	0.0124	0.0127	0.025	0.0124	0.0123	0.0124	0.0124	0	0.0124	0.0125	0.016	0.0142	0.0123	0.0124	0.0124	0.014	0.0124	0.0123	0.0124	0.0186	0.0123	0.0396	0.0124	0.0126	0.0126	0.0125	0.0126	0.013	0.0216	0.0124	0.026	0.0124	0.0125	0.0142	0.0123	0.0124
  `	0.0134	0.0136	0.0144	0.0134	0.0173	0.0135	0.0133	0.0135	0.0166	0.021	0.0196	0.0134	0.0137	0.0134	0.0133	0.0203	0.0134	0.0173	0.0153	0.0134	0.0134	0.0156	0.0217	0.0173	0.0155	0.0166	0.0142	0.0134	0.0134	0.0138	0.0133	0	0.0134	0.0209	0.0174	0.0133	0.0134	0.0134	0.0147	0.0136	0.0133	0.0137	0.0134	0.0133	0.0135	0.0135	0.0163	0.0348	0.0168	0.0238	0.0141	0.0133	0.0134	0.0293	0.0133	0.0135	0.0265	0.0198	0.0135
  a	0.0138	0.014	0.0138	0.0194	0.0176	0.014	0.0137	0.0138	0.0192	0.0138	0.0138	0.0139	0.0138	0.0139	0.0137	0.0326	0.0137	0.0142	0.0157	0.0137	0.0138	0.0137	0.0209	0.0138	0.0205	0.0277	0.0152	0.0136	0.0138	0.0139	0.0138	0.0137	0	0.0226	0.0187	0.0137	0.0138	0.0139	0.0177	0.015	0.0137	0.0138	0.0137	0.0137	0.0138	0.0139	0.0137	0.0139	0.0139	0.0287	0.0185	0.0137	0.0137	0.0181	0.014	0.0141	0.0205	0.0136	0.0138
  b	0.0218	0.0141	0.0449	0.024	0.038	0.0185	0.0308	0.0178	0.0125	0.0146	0.0122	0.0237	0.012	0.0118	0.0172	0.026	0.0163	0.0385	0.0179	0.0115	0.015	0.02	0.0146	0.0307	0.0421	0.0222	0.0186	0.0116	0.018	0.0131	0.0148	0.0179	0.0188	0	0.0121	0.0115	0.0151	0.0182	0.0259	0.0126	0.0115	0.0179	0.0116	0.019	0.0118	0.0116	0.0115	0.0193	0.0121	0.0589	0.0177	0.0117	0.0116	0.0126	0.0118	0.0119	0.0159	0.0116	0.0118
  c	0.0151	0.018	0.0225	0.0152	0.0193	0.0177	0.0151	0.0196	0.025	0.0181	0.0205	0.015	0.0156	0.0301	0.0149	0.0158	0.0206	0.0238	0.0208	0.015	0.0204	0.0174	0.0152	0.0241	0.0193	0.0162	0.0156	0.0149	0.015	0.0207	0.017	0.0194	0.0202	0.0156	0	0.0149	0.0244	0.0151	0.0191	0.022	0.0159	0.0151	0.0156	0.015	0.0262	0.0149	0.0149	0.0286	0.0165	0.0195	0.0195	0.02	0.015	0.0301	0.0151	0.0235	0.0479	0.0148	0.0205
