{
  "generated_by": {
    "program": "augur",
    "version": "7.0.2"
  },
  "models": {
    "country": {
      "alphabet": [
        "Argentina",
        "Australia",
        "Austria",
        "Bangladesh",
        "Belgium",
        "Bosnia and Herzegovina",
        "Brazil",
        "Canada",
        "Chile",
        "China",
        "Colombia",
        "Czech Republic",
        "Democratic Republic of the Congo",
        "Denmark",
        "Finland",
        "France",
        "Georgia",
        "Germany",
        "Greece",
        "Hong Kong",
        "Hungary",
        "Iceland",
        "India",
        "Israel",
        "Italy",
        "Japan",
        "Jordan",
        "Kazakhstan",
        "Latvia",
        "Luxembourg",
        "Malaysia",
        "Mexico",
        "Morocco",
        "Netherlands",
        "New Zealand",
        "Nigeria",
        "Norway",
        "Oman",
        "Poland",
        "Portugal",
        "Romania",
        "Russia",
        "Saudi Arabia",
        "Senegal",
        "Singapore",
        "South Africa",
        "South Korea",
        "Spain",
        "Sweden",
        "Switzerland",
        "Taiwan",
        "Thailand",
        "Turkey",
        "USA",
        "Uganda",
        "United Arab Emirates",
        "United Kingdom",
        "Uruguay",
        "Vietnam",
        "?"
      ],
      "equilibrium_probabilities": [
        0.019434257151283968,
        0.017089858881156654,
        0.01732482522245852,
        0.01551682984947839,
        0.01808930660741031,
        0.016970657037141033,
        0.018232060794670248,
        0.01845423641921398,
        0.01686426405355986,
        0.010776414095663394,
        0.018411575290724045,
        0.019003913611087518,
        0.0167365181847984,
        0.016672328414068713,
        0.018161421722802582,
        0.012539127740637273,
        0.018443892631485284,
        0.01474999076706699,
        0.017636762623006036,
        0.016119914062351665,
        0.018167232173565438,
        0.01774699345083876,
        0.016002621448120133,
        0.01712870582202906,
        0.012775861506236465,
        0.015266165758142911,
        0.016511400193379336,
        0.018276261925432635,
        0.017844086325488808,
        0.017364556542466603,
        0.01541360941840797,
        0.017137695422114445,
        0.018504890777386897,
        0.017039598808142913,
        0.018576282575279695,
        0.01867525111502781,
        0.015733946134331975,
        0.016646537368431937,
        0.01707185912711549,
        0.018380395251949087,
        0.018575535832607543,
        0.018578753922612098,
        0.016324119571794624,
        0.018163823681317373,
        0.016148043849596224,
        0.018270318406665154,
        0.015853087883891268,
        0.01694089375889239,
        0.018353920608570367,
        0.01399233999818874,
        0.016274071672105785,
        0.01603554635945583,
        0.01789271910934091,
        0.01596944534813467,
        0.01733128576581655,
        0.015924642101868197,
        0.01727821588409563,
        0.018399221012405386,
        0.016201908928688055
      ],
      "rate": 332.28390493738135,
      "transition_matrix": [
        [
          0.0,
          0.7839046182115486,
          1.358169958839042,
          0.7740832316747978,
          0.9787103894688359,
          0.7704067505315048,
          2.2213798607637925,
          1.4502823021428435,
          1.3631294050255642,
          0.7686111575821332,
          0.7893510067351629,
          0.769382056691198,
          0.7623400137211277,
          0.7752631309369425,
          0.7893524571629031,
          0.8040961174928591,
          0.7593768780350099,
          1.2000359160624263,
          0.8093780733959244,
          0.7608360034649747,
          1.1627749577320352,
          0.766442033104638,
          0.8017400864162323,
          1.8876210888546578,
          0.8734656541039422,
          0.7884869348534015,
          0.7614354973321326,
          0.8015942350407544,
          0.7634991512677535,
          1.1847532576035267,
          0.7597109966615226,
          0.7626025957682001,
          0.7643122866116105,
          1.452492073910671,
          0.7662712962928037,
          0.7572991622121892,
          0.7713922840101987,
          1.0145255213983984,
          1.349930948423636,
          0.87704422100272,
          0.7615801862765145,
          1.235674971221332,
          0.818372641779532,
          0.7600870558989006,
          0.7620119316249213,
          1.0437141900198337,
          0.757502414250238,
          1.1933761634734923,
          1.0457954669536078,
          1.3294568953329176,
          0.7993848822489454,
          0.7601822172981141,
          0.7634612130632797,
          0.9051125042519663,
          0.7679152820621452,
          0.7685899308256952,
          0.814212828590233,
          0.8765844338062718,
          0.8092696748562709
        ],
        [
          0.7839046182115486,
          0.0,
          1.4098453669982964,
          0.8753853091668503,
          1.1001696347573666,
          1.2576940142201225,
          1.018230706659108,
          1.672216081308274,
          1.4848151103899774,
          4.746343759328246,
          1.4752964193606766,
          1.0739137883123024,
          0.8174446311615337,
          0.7861950622397176,
          0.7705164065477172,
          1.6646061754742256,
          0.920775285013621,
          2.254074284199067,
          0.9006571995259749,
          0.9738872912722295,
          0.7984235019838699,
          0.840495847085508,
          2.0285918245342467,
          1.3546463533798376,
          1.7634471354067465,
          2.1586399201304314,
          1.1276836604344216,
          0.9325772016002337,
          0.7735037948963333,
          1.0063551796045145,
          0.8266648337849496,
          1.1036525721821204,
          1.2787471327964202,
          0.8350547961262116,
          1.0284224693345922,
          0.7622209992406918,
          1.0955611212376166,
          1.6832255826614722,
          0.9784343914422401,
          1.0650364191361166,
          0.8355154426394844,
          0.9477083765136309,
          1.105017181527023,
          0.8512830936648847,
          0.9367320203475435,
          0.7766748958176264,
          0.7915510783207148,
          1.4095860297128524,
          1.4432514400300058,
          1.2884171723160474,
          1.1208329626971025,
          1.0621071145325667,
          1.1825240811679585,
          2.9748557196750665,
          0.9765153693487303,
          1.6493441197213061,
          0.933192967531021,
          0.8158407316778599,
          1.175174844777753
        ],
        [
          1.358169958839042,
          1.4098453669982964,
          0.0,
          0.7811034349054199,
          1.0441729595945313,
          1.1302811102460988,
          0.9613345548938499,
          0.789869117506241,
          0.7870829768533898,
          1.1598527616257521,
          1.047059902450318,
          0.8211144873026937,
          0.7936995846552164,
          1.0014373307018403,
          1.5015183472272926,
          1.7683397412563922,
          0.7652446583859998,
          2.909478505970629,
          0.7763105941454279,
          0.9869071267262627,
          1.1604389246378428,
          0.7919140484844435,
          1.2927103866108511,
          0.8245364701846378,
          1.8601221843414073,
          0.7900974937393219,
          0.7829643192255413,
          0.7691373600490453,
          0.7823790512601503,
          1.0634230643066092,
          1.0034420509864714,
          0.8303931195786618,
          0.7728248783001033,
          1.2637872358832432,
          0.8348767434703092,
          0.7632003641690451,
          1.410723672600948,
          1.4270588414925724,
          1.7413579113735602,
          1.38326993573598,
          0.803499754428096,
          1.273906778520632,
          0.7827378651029714,
          0.7661974205608217,
          0.7877387761288615,
          0.7975836160797136,
          0.7682884498497156,
          0.9788590879365616,
          0.8203546287557615,
          1.5778066547053553,
          0.8357910876503601,
          0.918578770228888,
          0.7717753899822133,
          0.9642954924001071,
          0.7959288346785929,
          0.7841750820795709,
          1.6500631665470684,
          0.8638874521259201,
          1.0374375020488489
        ],
        [
          0.7740832316747978,
          0.8753853091668503,
          0.7811034349054199,
          0.0,
          1.1417731039637893,
          0.782393327053054,
          1.4450555550613202,
          0.7680628552642066,
          1.3366414395635073,
          0.7745505411824218,
          0.8638891324941242,
          1.1426129015791058,
          0.7669582290635953,
          0.7665659427584219,
          0.7619498616163652,
          0.773642128793796,
          0.7606911779301394,
          1.267858418993799,
          1.023857777731365,
          0.7625796032690783,
          0.7696784236916498,
          0.7753053666903412,
          1.3445659436672275,
          0.7618195203910285,
          1.770885838017568,
          0.8363797493577836,
          0.7632682597665467,
          0.7609987836134661,
          1.5076567629962379,
          1.152377022638664,
          0.7623540926006485,
          0.7641539397064585,
          0.7651039896446944,
          2.107049103365915,
          0.7668798561030359,
          0.7607088870932232,
          0.7697731640131256,
          0.8823739258125985,
          0.9887524608227836,
          1.3921332315080968,
          1.2481101991556403,
          4.187156646695717,
          1.550635589016484,
          0.7617013197296026,
          1.0798842577410546,
          1.0102599443373257,
          0.7592393457860677,
          0.7735233630620066,
          3.487996269364932,
          2.341628537540712,
          0.7777344203322846,
          0.7613256184851421,
          1.52017644999946,
          0.8702199873116667,
          0.762238874916575,
          0.8113652712859974,
          1.0243722247955545,
          0.7608853493318973,
          1.1655179627979075
        ],
        [
          0.9787103894688359,
          1.1001696347573666,
          1.0441729595945313,
          1.1417731039637893,
          0.0,
          1.6047125459148248,
          0.7839097876228845,
          1.1551537056492986,
          1.0202589911911695,
          0.9370682808835796,
          1.8440862997126115,
          0.7707406000729138,
          1.5998802008553843,
          0.7787620181798279,
          0.7668470360526384,
          3.1130776313859583,
          0.7940584383509803,
          2.0381337444658563,
          1.261041237032438,
          0.7762995461650317,
          1.1541882567711237,
          0.9113985989815425,
          1.1316426191155986,
          0.7702453606546678,
          2.247903314164372,
          1.1101787049336196,
          1.1065484467014528,
          0.7640537651860186,
          0.9223642736073864,
          1.9631828013539425,
          0.7636437116211853,
          0.8165219778821577,
          0.79847298679298,
          0.936520686568653,
          0.8333615840545292,
          0.760092733334916,
          0.7730418636060764,
          2.0949760684304164,
          2.4018830568805885,
          0.8819595423125406,
          0.767452887229734,
          0.8359948462315963,
          0.8533300882787413,
          1.0585253337420955,
          0.8701335261799948,
          1.0657942615816085,
          0.7611201232904422,
          1.5161759178781848,
          1.0249156404979611,
          3.102967561441422,
          0.7775260474057265,
          0.7651324092195126,
          1.6796761000757732,
          0.8078049303161378,
          0.7689759725324067,
          0.7742733225509196,
          1.2226847453871457,
          0.7626647212005887,
          1.1685560402663435
        ],
        [
          0.7704067505315048,
          1.2576940142201225,
          1.1302811102460988,
          0.782393327053054,
          1.6047125459148248,
          0.0,
          0.7698545334690663,
          0.7680709786518668,
          0.8883062383229623,
          0.8577482881139606,
          0.8314638009379058,
          1.5865596850360923,
          1.4079201156183776,
          0.7818691539275918,
          0.7639336044018118,
          1.5867867106251607,
          0.7636594938605654,
          1.6451167209072948,
          0.8649730045057786,
          0.7631913578436321,
          1.1477641527651923,
          0.8023319171324413,
          1.0225663784189991,
          1.0041109292212744,
          1.3854182659355203,
          0.788699558177354,
          0.7767107169221754,
          0.7628309047926128,
          1.0489168511345874,
          1.3025062735704254,
          0.7631157593551827,
          0.7674157658127162,
          0.7678157051683254,
          0.791363527755413,
          1.0500657516036125,
          0.7597648274181683,
          1.1613029664570715,
          0.9378216509785128,
          1.4093255068939161,
          0.7889866556248119,
          1.4287598566433541,
          1.0697301986902694,
          0.7670860533918276,
          0.7637683354274503,
          0.7685194922749381,
          0.8986629730101436,
          0.760510087854606,
          1.551336745167655,
          1.2694289012181408,
          1.2341397894372257,
          0.8021166527336633,
          0.7636900095146604,
          0.7675643033360995,
          0.8100616482022811,
          0.89132624841866,
          0.7851000537336973,
          0.8848837270234015,
          0.7643931037881234,
          0.7713246582456387
        ],
        [
          2.2213798607637925,
          1.018230706659108,
          0.9613345548938499,
          1.4450555550613202,
          0.7839097876228845,
          0.7698545334690663,
          0.0,
          0.7684494635494601,
          2.518746964062417,
          0.9009755522535831,
          0.7701673516339459,
          1.153817114163915,
          0.7604365529243967,
          0.7672596723673574,
          0.7603996765432195,
          1.149843631394515,
          0.7596506040244154,
          1.6958701308022663,
          1.386799490923849,
          0.7703416204327218,
          0.7654719692640846,
          1.0618160069218114,
          0.9994047596174948,
          0.7615916587217658,
          1.6430786060493867,
          0.9077291032408865,
          0.7677395873094124,
          0.7593346787068137,
          0.7653830378146071,
          0.7679158406891651,
          0.761042209181895,
          0.7644735103865096,
          0.7674261875036436,
          0.8866987737566833,
          0.7777798281314865,
          0.7577911347980072,
          1.128933045877939,
          1.1856547846310141,
          1.1341577110850323,
          1.0977235858716723,
          0.7626129095876364,
          0.8567434717348884,
          1.6383936121366254,
          0.7605044966171629,
          0.7761837298443681,
          1.023113509881631,
          0.7592684145324846,
          0.7710502227855971,
          0.778261458122291,
          1.204273474906246,
          0.7790718684309491,
          0.8014390076637293,
          0.8338100563257436,
          0.7899434074568333,
          0.7621913171893312,
          0.7742776939624237,
          1.6212526111714403,
          1.1428733287580137,
          0.9184039390335652
        ],
        [
          1.4502823021428435,
          1.672216081308274,
          0.789869117506241,
          0.7680628552642066,
          1.1551537056492986,
          0.7680709786518668,
          0.7684494635494601,
          0.0,
          1.042344076460998,
          1.0331335632081657,
          1.6443308981642752,
          0.7632616357577816,
          1.5694304650470101,
          1.2102127549820663,
          1.0119302792547389,
          1.9067066077333932,
          0.9457584983422642,
          1.7936130538203925,
          0.7757408486727576,
          0.812945971269302,
          0.7633588373182594,
          0.7665871751992333,
          1.0092454173689327,
          1.6646474428045739,
          0.8306947694903892,
          0.7989758564096164,
          0.7894099265380572,
          0.7590908294597642,
          0.7623084700383185,
          1.0286604646301714,
          0.7678446460241978,
          0.7658137716988496,
          1.1021431018023298,
          0.7737197649841459,
          1.2880752173459882,
          0.7595868380746409,
          1.158039150092824,
          0.7738174446552232,
          0.8037365640812377,
          0.7679770497139422,
          0.763935867879612,
          0.7700234393115081,
          1.5144398829026793,
          0.7882437485282369,
          0.7668051395039606,
          0.7629612593441655,
          0.7603857666127537,
          0.7705130945069039,
          0.7715138857232424,
          0.9452497371234752,
          0.7693364966459769,
          0.812907192626972,
          0.7662749636834432,
          3.3324104573708127,
          0.7612191013032737,
          0.7644154773895636,
          1.437194627329802,
          0.7588981434487714,
          0.7669916700283789
        ],
        [
          1.3631294050255642,
          1.4848151103899774,
          0.7870829768533898,
          1.3366414395635073,
          1.0202589911911695,
          0.8883062383229623,
          2.518746964062417,
          1.042344076460998,
          0.0,
          0.8245560765956427,
          1.5436524649031975,
          1.0655073423434132,
          0.767600868753929,
          1.3872605305997172,
          0.999146646244315,
          0.8088702205036865,
          0.7649967804505875,
          1.2083687248390256,
          0.7861920782747088,
          0.7631278463637761,
          1.2005979114237628,
          0.780002710458616,
          1.0284330711146403,
          0.7662979334561733,
          2.8378105241460165,
          0.815027715205454,
          0.7741673740631843,
          0.7617802476312597,
          0.7671991452826876,
          0.770952412186915,
          1.3970743527306078,
          0.7739367870404686,
          1.2552477336464465,
          1.9775881014245613,
          0.7796690159859001,
          0.7641187353079778,
          0.863132398226203,
          1.2728389800241988,
          1.6566129846136348,
          1.5964176146313487,
          0.766674778300045,
          0.863554957138637,
          1.2610402720650769,
          0.9894720445944162,
          0.8087965986948428,
          0.774988551293745,
          0.7591328109226231,
          2.1869334079713547,
          0.8976005798664273,
          1.3112238835149574,
          0.7778236519794783,
          0.7620457735913814,
          0.7682616622154287,
          0.8095998237266137,
          0.8146124150082431,
          0.8687682010005722,
          1.2927238575550102,
          0.7618878981297954,
          0.7864183278676353
        ],
        [
          0.7686111575821332,
          4.746343759328246,
          1.1598527616257521,
          0.7745505411824218,
          0.9370682808835796,
          0.8577482881139606,
          0.9009755522535831,
          1.0331335632081657,
          0.8245560765956427,
          0.0,
          0.7770464497909538,
          0.7690825833966104,
          1.2519185973747957,
          0.9261329809181819,
          0.907578669880579,
          1.4428445323486176,
          1.1429171523895747,
          1.1891434684757032,
          0.8090108259201545,
          3.985939737605261,
          0.7694184090210207,
          0.7789106336773474,
          2.4536480395400826,
          1.1524486001908198,
          1.1884481413722598,
          3.24644958461697,
          0.8195361432209857,
          0.8052925820662183,
          1.3906344425303765,
          1.0491099300384217,
          2.726572052958747,
          0.794635099512255,
          0.7855176155865677,
          1.0661694544607547,
          0.8421735657644387,
          0.7616650798767922,
          1.0421375146921834,
          2.7148321961680373,
          0.795884019092752,
          0.8155732467375002,
          0.820478730044604,
          0.7791838116985011,
          1.7146333943590393,
          0.8025456912437782,
          5.97805067382854,
          1.289590201536035,
          5.0270457285390915,
          1.332762860908184,
          0.970226556382685,
          0.8099337848279965,
          5.33507992587202,
          4.544681686032224,
          1.587750705601867,
          4.006679198206314,
          1.4955082532021342,
          3.4752637888669997,
          1.2566097754219987,
          0.8372713456124972,
          1.7487639743917323
        ],
        [
          0.7893510067351629,
          1.4752964193606766,
          1.047059902450318,
          0.8638891324941242,
          1.8440862997126115,
          0.8314638009379058,
          0.7701673516339459,
          1.6443308981642752,
          1.5436524649031975,
          0.7770464497909538,
          0.0,
          0.767433375590366,
          0.7643764502739796,
          1.4326650474195164,
          1.2404705843927448,
          0.8723793159469856,
          0.7623869544794323,
          1.3084429257999395,
          1.0965900444404764,
          0.7796776690968963,
          0.7693697135091851,
          1.0046580734848456,
          1.9635070691787755,
          1.1476257149731366,
          0.8249967927952775,
          1.3534685651969207,
          0.7652494967498852,
          0.7615304940466312,
          0.7722351743840047,
          1.020094629371457,
          0.7770325058800417,
          0.9350641329996218,
          0.768807297083434,
          0.8044234214604525,
          0.7779621034599608,
          0.8049847342754489,
          0.9735609608551956,
          0.7850512161166178,
          0.9975081235955653,
          1.0384895054770589,
          0.8285293383584272,
          1.0945768665216304,
          1.0443641039764844,
          0.7633598535371192,
          0.8085369642679046,
          0.7678392157840528,
          0.7604813315199229,
          1.3156740656494101,
          1.1277693100964732,
          0.8047566199432147,
          0.8277851881212361,
          0.7644568035500957,
          0.7665556783121374,
          1.3880777669001274,
          0.7643371044219855,
          0.7882625890883138,
          0.8541491888712053,
          0.8890612468683939,
          0.7705091821288275
        ],
        [
          0.769382056691198,
          1.0739137883123024,
          0.8211144873026937,
          1.1426129015791058,
          0.7707406000729138,
          1.5865596850360923,
          1.153817114163915,
          0.7632616357577816,
          1.0655073423434132,
          0.7690825833966104,
          0.767433375590366,
          0.0,
          0.7601436380280734,
          0.7645451632818352,
          0.7598031513589365,
          1.1445387036725636,
          1.0183639346653182,
          0.8940641883576804,
          0.9005309369095698,
          0.7614097084735093,
          0.7708234320213927,
          0.7628367260774448,
          0.9301567161144815,
          0.7661383645422148,
          1.0086801731849575,
          1.1960998035139352,
          0.784069352338493,
          0.7585977075262238,
          0.8625609906205448,
          0.7653648802090752,
          0.7607166960225561,
          0.7729677805098688,
          0.7739653683947518,
          1.3746598193815691,
          0.7788892041709153,
          0.7573872908738315,
          0.768059899186389,
          0.7853669948191146,
          1.2326540501450003,
          1.5291648916547917,
          0.7674957755610933,
          0.8635752917702544,
          0.7632794697231026,
          0.7596371672406103,
          0.7958577924715868,
          0.7667063434121034,
          0.7579851953818673,
          0.7702364244626331,
          0.8294697242964667,
          1.2763082189796566,
          0.7686021425060924,
          0.7600508420200072,
          0.8058726388782349,
          1.0510518964512092,
          0.7608516058036657,
          0.7649580080593701,
          1.267041231427068,
          0.7586312429442049,
          1.0681654909812288
        ],
        [
          0.7623400137211277,
          0.8174446311615337,
          0.7936995846552164,
          0.7669582290635953,
          1.5998802008553843,
          1.4079201156183776,
          0.7604365529243967,
          1.5694304650470101,
          0.767600868753929,
          1.2519185973747957,
          0.7643764502739796,
          0.7601436380280734,
          0.0,
          0.7624715906437682,
          0.7588327943829202,
          2.28805903041561,
          0.7658342387127708,
          1.2244949688667555,
          0.7629391730785834,
          0.7589952951327471,
          1.0042696747973896,
          0.7607155578000957,
          1.1772636612478042,
          1.138812860423672,
          0.8633035186726171,
          0.7649032371996143,
          0.7597671999057222,
          0.7565083143626089,
          0.8879120712711828,
          2.708269873812171,
          0.7587989636141591,
          1.1430680775792261,
          0.7654291608390412,
          0.7719854261378359,
          0.7635898363145812,
          0.7557476450870362,
          0.7618245029007451,
          0.873131993935393,
          1.1909153281754878,
          0.8061521218884806,
          0.7618308932550604,
          0.7648974326367384,
          0.8935280013568072,
          0.7871495921669839,
          0.7624868762405289,
          0.762004764461492,
          0.7567825273427544,
          0.7670339208479876,
          0.7653466068672691,
          1.7134565974432043,
          0.7661463239195573,
          0.7702920606664396,
          0.7622702775407563,
          0.8422874609874187,
          0.886825794265786,
          0.7642653087189586,
          0.7830071042774627,
          0.7620649547118858,
          0.7622047665022972
        ],
        [
          0.7752631309369425,
          0.7861950622397176,
          1.0014373307018403,
          0.7665659427584219,
          0.7787620181798279,
          0.7818691539275918,
          0.7672596723673574,
          1.2102127549820663,
          1.3872605305997172,
          0.9261329809181819,
          1.4326650474195164,
          0.7645451632818352,
          0.7624715906437682,
          0.0,
          0.807250427988109,
          2.2060704712528323,
          0.7595163809028711,
          1.7744061225579917,
          0.7667557213052424,
          0.7618515459526937,
          0.9072325262992145,
          0.7802254888600191,
          1.0505191478922151,
          1.3149150607512856,
          0.9958254554292231,
          1.147281158754522,
          0.7703291578649262,
          0.7584251371124622,
          1.1442606135650437,
          0.7960964122883036,
          0.7613830503339195,
          0.768023445830599,
          0.7649349681173397,
          1.037501668856766,
          1.4258536196363354,
          0.758328509401268,
          0.8449205042257477,
          1.0019424877924341,
          0.7831786652578896,
          0.7938845970659975,
          0.7603878712192838,
          0.768814217361829,
          0.7630030918385396,
          1.0413605746209342,
          0.765537815480567,
          0.7676728117169069,
          0.758205245999569,
          0.7911187558036746,
          1.8293603491474628,
          1.4645840345322847,
          0.7735118951661308,
          0.7615155133148693,
          0.7636628641878362,
          1.671383564652281,
          0.7943942961518118,
          1.0228276127782192,
          0.8088594377497755,
          0.7584374660353487,
          0.9930146968638628
        ],
        [
          0.7893524571629031,
          0.7705164065477172,
          1.5015183472272926,
          0.7619498616163652,
          0.7668470360526384,
          0.7639336044018118,
          0.7603996765432195,
          1.0119302792547389,
          0.999146646244315,
          0.907578669880579,
          1.2404705843927448,
          0.7598031513589365,
          0.7588327943829202,
          0.807250427988109,
          0.0,
          1.7852881111722991,
          0.7571844284342112,
          1.1775561271741475,
          0.7668050532612225,
          0.7593706412519499,
          0.765726240312984,
          0.7660943622862763,
          1.157263156886084,
          0.9467582048228468,
          0.7901985296587736,
          0.7698221113192038,
          0.758120512104893,
          0.7564437395638908,
          0.7598580216409772,
          1.1556795646076308,
          0.7607722603540195,
          0.7724783048994991,
          1.006907030025173,
          0.8160394876385979,
          0.7618974582358904,
          1.0644457521221564,
          0.9567153761573254,
          0.7680887803875341,
          1.0876659168909688,
          0.7650537904450199,
          0.7588865759571984,
          0.7803491071855349,
          1.1349762129687213,
          0.7586869124667601,
          1.07734376941898,
          0.7604874805015029,
          0.7600062899622733,
          0.7662888161967722,
          0.9920889860474577,
          0.7732697468175942,
          1.2836258705251904,
          0.766707603889979,
          0.7605720016874024,
          0.7777669390335896,
          0.7592612055450053,
          0.7705238441123409,
          0.9886082901895744,
          0.7574111880211919,
          0.7614291721139534
        ],
        [
          0.8040961174928591,
          1.6646061754742256,
          1.7683397412563922,
          0.773642128793796,
          3.1130776313859583,
          1.5867867106251607,
          1.149843631394515,
          1.9067066077333932,
          0.8088702205036865,
          1.4428445323486176,
          0.8723793159469856,
          1.1445387036725636,
          2.28805903041561,
          2.2060704712528323,
          1.7852881111722991,
          0.0,
          1.5248198418312722,
          1.6593671520561515,
          0.7746034352719565,
          0.8472253804768441,
          1.2245206901459165,
          1.14737459967539,
          0.7913704204353786,
          3.1177494682059175,
          1.696175278500752,
          1.1599834270579115,
          1.2118923643470232,
          0.762886718823183,
          0.8083376900212875,
          3.634363905594253,
          0.8809178473272422,
          0.7869978201003284,
          2.067424092763427,
          3.512751045517306,
          0.879794904408935,
          1.1592538310538254,
          2.118908750292761,
          1.0270059342545936,
          0.8716113830674059,
          1.214321168073757,
          0.7632533023507613,
          0.8715954313641794,
          0.7693877605694504,
          2.7029190755957893,
          1.276023836048141,
          0.8283575885371097,
          0.7642075417850566,
          1.1733546820822212,
          1.2694424608756802,
          3.808588860996273,
          1.312150406221496,
          0.9235962395665205,
          1.1819661760242413,
          4.608791428474951,
          0.7648400289645906,
          1.1746035299326507,
          0.8449766629433189,
          0.7610694173091737,
          1.542871230776616
        ],
        [
          0.7593768780350099,
          0.920775285013621,
          0.7652446583859998,
          0.7606911779301394,
          0.7940584383509803,
          0.7636594938605654,
          0.7596506040244154,
          0.9457584983422642,
          0.7649967804505875,
          1.1429171523895747,
          0.7623869544794323,
          1.0183639346653182,
          0.7658342387127708,
          0.7595163809028711,
          0.7571844284342112,
          1.5248198418312722,
          0.0,
          0.77061979455018,
          0.7747673988821675,
          0.7577502170692993,
          0.7600893254307333,
          0.7598592010720314,
          0.768459347597318,
          0.7586941762401705,
          1.0997267518732006,
          1.1610134707415147,
          1.0487347084101095,
          0.7566662692403409,
          0.7587089398855027,
          1.0061303269050392,
          0.7571787074430286,
          1.053758179534533,
          0.7606186859731812,
          0.7672666432187263,
          1.2377000148444468,
          0.7552003466492718,
          0.7610470347059337,
          0.7885790021686742,
          0.8100732950572972,
          0.8941941052930292,
          0.7577405247160491,
          0.7631824713623934,
          0.7603262270364638,
          0.7577235218047623,
          0.7588781020880165,
          0.7599786730608802,
          0.7558226919230632,
          1.5297754464880946,
          0.7627078265381423,
          0.7968250891422226,
          0.7620747537349151,
          0.75771253170622,
          0.7596118427510281,
          0.7705208330775968,
          0.7586201931084557,
          0.7601571293816112,
          0.7764818087403996,
          0.7570068009716477,
          0.7616080043795134
        ],
        [
          1.2000359160624263,
          2.254074284199067,
          2.909478505970629,
          1.267858418993799,
          2.0381337444658563,
          1.6451167209072948,
          1.6958701308022663,
          1.7936130538203925,
          1.2083687248390256,
          1.1891434684757032,
          1.3084429257999395,
          0.8940641883576804,
          1.2244949688667555,
          1.7744061225579917,
          1.1775561271741475,
          1.6593671520561515,
          0.77061979455018,
          0.0,
          1.2435122663266236,
          0.8430577486048318,
          1.0572076452027075,
          1.282117091424027,
          1.534267564086954,
          0.9128872845898913,
          3.2920221311507647,
          1.9584267159593358,
          0.8948253792191584,
          0.7683950843175481,
          1.4416319915060793,
          1.3058244191901809,
          0.7687176775477278,
          1.2050209186615313,
          0.8103439950190046,
          1.344181675861319,
          1.6941440941810026,
          0.7633280325889166,
          1.0714446748519417,
          0.8454104972803484,
          2.447326849635367,
          1.646070720230689,
          0.7961245922178966,
          1.5560232589820115,
          0.7817387266639344,
          0.9473263237924642,
          0.7837373272831772,
          1.4756421067363674,
          0.7666062293777205,
          0.9663137178136527,
          0.8963092139121809,
          3.6052612516597575,
          0.8912667052400731,
          1.2543483229526107,
          1.316319522438563,
          1.9699291586820404,
          1.1422668693355253,
          0.8874977333212468,
          1.9601690682469461,
          0.7729224182834507,
          1.8775133403779625
        ],
        [
          0.8093780733959244,
          0.9006571995259749,
          0.7763105941454279,
          1.023857777731365,
          1.261041237032438,
          0.8649730045057786,
          1.386799490923849,
          0.7757408486727576,
          0.7861920782747088,
          0.8090108259201545,
          1.0965900444404764,
          0.9005309369095698,
          0.7629391730785834,
          0.7667557213052424,
          0.7668050532612225,
          0.7746034352719565,
          0.7747673988821675,
          1.2435122663266236,
          0.0,
          1.0309134538923874,
          0.7682767744370065,
          0.767896859139128,
          0.8071747921416667,
          0.7843588497826395,
          0.9499880570584378,
          1.971030451427929,
          1.3968660252222296,
          0.7732959917493727,
          1.1590325780330806,
          0.7950738013409486,
          0.7713331622307195,
          0.945648013356192,
          0.9190024104182356,
          1.101883686109746,
          1.272598486689853,
          1.4412872577381408,
          0.7769767170375701,
          1.3189942113234006,
          0.8419608266148824,
          0.7798457609402474,
          0.8664170317769033,
          0.8955762726547296,
          0.7667513593859385,
          0.7622242557725802,
          1.2627979457896914,
          1.1322624387536833,
          0.8810187214645258,
          1.1652659494117346,
          1.2255510580160354,
          1.2825761888990204,
          1.1414218879078541,
          0.7699493256122003,
          0.7679819072385505,
          0.8068395979733779,
          0.7636135950978821,
          1.3961959719893038,
          2.2699112494730174,
          0.7627029482990966,
          0.8035041218279182
        ],
        [
          0.7608360034649747,
          0.9738872912722295,
          0.9869071267262627,
          0.7625796032690783,
          0.7762995461650317,
          0.7631913578436321,
          0.7703416204327218,
          0.812945971269302,
          0.7631278463637761,
          3.985939737605261,
          0.7796776690968963,
          0.7614097084735093,
          0.7589952951327471,
          0.7618515459526937,
          0.7593706412519499,
          0.8472253804768441,
          0.7577502170692993,
          0.8430577486048318,
          1.0309134538923874,
          0.0,
          0.7596126228586247,
          0.7611296432812725,
          0.7711651354922855,
          0.7607639832337181,
          0.7735251980687011,
          1.7914065321632007,
          0.7591258537481266,
          0.757775249932873,
          0.7600278779741128,
          0.763477543329545,
          1.0819823290949466,
          0.7608274394688425,
          0.7603606016352572,
          1.362161284126575,
          0.7643930335683145,
          0.7562242033820208,
          0.9868488266605073,
          0.7793909110141269,
          0.7689678344435845,
          1.001492332709829,
          0.7592459580782754,
          0.7644243285991755,
          0.7623489167812376,
          0.7580409457612667,
          1.1827591945790974,
          0.7615553502666709,
          1.0412760543747361,
          0.7737039723507875,
          0.9159747919093789,
          0.7697792841278234,
          0.9628018118231833,
          1.9547464421637684,
          0.763861925386496,
          2.456301140111306,
          0.761989210870792,
          1.6817887525534985,
          0.7908260565371603,
          0.7587594498688889,
          1.0135262507398641
        ],
        [
          1.1627749577320352,
          0.7984235019838699,
          1.1604389246378428,
          0.7696784236916498,
          1.1541882567711237,
          1.1477641527651923,
          0.7654719692640846,
          0.7633588373182594,
          1.2005979114237628,
          0.7694184090210207,
          0.7693697135091851,
          0.7708234320213927,
          1.0042696747973896,
          0.9072325262992145,
          0.765726240312984,
          1.2245206901459165,
          0.7600893254307333,
          1.0572076452027075,
          0.7682767744370065,
          0.7596126228586247,
          0.0,
          1.2822821754114828,
          0.953643502491018,
          1.104476569332113,
          1.3632320085690461,
          1.6777768761756306,
          1.0578782982179495,
          0.760127410904998,
          0.7652696378779972,
          0.7804982361918491,
          0.7598925040713473,
          0.7742557122723325,
          0.7670979348082376,
          0.7754084132699276,
          0.7683405962489649,
          0.75745772988883,
          0.7655902684165621,
          0.7766093933206268,
          1.2885141779696159,
          0.7792940599217871,
          0.7644006145746433,
          0.7768480374434074,
          0.7630361453516749,
          0.7606771112495556,
          0.7623159936396384,
          0.9394036540422852,
          0.7572090103002446,
          1.9707823424266198,
          0.8530773730933204,
          1.9542220810148803,
