Map from character to field name
A:	Argentina
B:	Australia
C:	Austria
D:	Bangladesh
E:	Belgium
F:	Bosnia and Herzegovina
G:	Brazil
H:	Canada
I:	Chile
J:	China
K:	Colombia
L:	Czech Republic
M:	Democratic Republic of the Congo
N:	Denmark
O:	Finland
P:	France
Q:	Georgia
R:	Germany
S:	Greece
T:	Hong Kong
U:	Hungary
V:	Iceland
W:	India
X:	Israel
Y:	Italy
Z:	Japan
[:	Jordan
\:	Kazakhstan
]:	Latvia
^:	Luxembourg
_:	Malaysia
`:	Mexico
a:	Morocco
b:	Netherlands
c:	New Zealand
d:	Nigeria
e:	Norway
f:	Oman
g:	Poland
h:	Portugal
i:	Romania
j:	Russia
k:	Saudi Arabia
l:	Senegal
m:	Singapore
n:	South Africa
o:	South Korea
p:	Spain
q:	Sweden
r:	Switzerland
s:	Taiwan
t:	Thailand
u:	Turkey
v:	USA
w:	Uganda
x:	United Arab Emirates
y:	United Kingdom
z:	Uruguay
{:	Vietnam
|:	?


Substitution rate (mu): 332.283905

Equilibrium frequencies (pi_i):
  A: 0.0194
  B: 0.0171
  C: 0.0173
  D: 0.0155
  E: 0.0181
  F: 0.017
  G: 0.0182
  H: 0.0185
  I: 0.0169
  J: 0.0108
  K: 0.0184
  L: 0.019
  M: 0.0167
  N: 0.0167
  O: 0.0182
  P: 0.0125
  Q: 0.0184
  R: 0.0147
  S: 0.0176
  T: 0.0161
  U: 0.0182
  V: 0.0177
  W: 0.016
  X: 0.0171
  Y: 0.0128
  Z: 0.0153
  [: 0.0165
  \: 0.0183
  ]: 0.0178
  ^: 0.0174
  _: 0.0154
  `: 0.0171
  a: 0.0185
  b: 0.017
  c: 0.0186
  d: 0.0187
  e: 0.0157
  f: 0.0166
  g: 0.0171
  h: 0.0184
  i: 0.0186
  j: 0.0186
  k: 0.0163
  l: 0.0182
  m: 0.0161
  n: 0.0183
  o: 0.0159
  p: 0.0169
  q: 0.0184
  r: 0.014
  s: 0.0163
  t: 0.016
  u: 0.0179
  v: 0.016
  w: 0.0173
  x: 0.0159
  y: 0.0173
  z: 0.0184
  {: 0.0162

Symmetrized rates from j->i (W_ij):
	A	B	C	D	E	F	G	H	I	J	K	L	M	N	O	P	Q	R	S	T	U	V	W	X	Y	Z	[	\	]	^	_	`	a	b	c	d	e	f	g	h	i	j	k	l	m	n	o	p	q	r	s	t	u	v	w	x	y	z	{
  A	0	0.7839	1.3582	0.7741	0.9787	0.7704	2.2214	1.4503	1.3631	0.7686	0.7894	0.7694	0.7623	0.7753	0.7894	0.8041	0.7594	1.2	0.8094	0.7608	1.1628	0.7664	0.8017	1.8876	0.8735	0.7885	0.7614	0.8016	0.7635	1.1848	0.7597	0.7626	0.7643	1.4525	0.7663	0.7573	0.7714	1.0145	1.3499	0.877	0.7616	1.2357	0.8184	0.7601	0.762	1.0437	0.7575	1.1934	1.0458	1.3295	0.7994	0.7602	0.7635	0.9051	0.7679	0.7686	0.8142	0.8766	0.8093
  B	0.7839	0	1.4098	0.8754	1.1002	1.2577	1.0182	1.6722	1.4848	4.7463	1.4753	1.0739	0.8174	0.7862	0.7705	1.6646	0.9208	2.2541	0.9007	0.9739	0.7984	0.8405	2.0286	1.3546	1.7634	2.1586	1.1277	0.9326	0.7735	1.0064	0.8267	1.1037	1.2787	0.8351	1.0284	0.7622	1.0956	1.6832	0.9784	1.065	0.8355	0.9477	1.105	0.8513	0.9367	0.7767	0.7916	1.4096	1.4433	1.2884	1.1208	1.0621	1.1825	2.9749	0.9765	1.6493	0.9332	0.8158	1.1752
  C	1.3582	1.4098	0	0.7811	1.0442	1.1303	0.9613	0.7899	0.7871	1.1599	1.0471	0.8211	0.7937	1.0014	1.5015	1.7683	0.7652	2.9095	0.7763	0.9869	1.1604	0.7919	1.2927	0.8245	1.8601	0.7901	0.783	0.7691	0.7824	1.0634	1.0034	0.8304	0.7728	1.2638	0.8349	0.7632	1.4107	1.4271	1.7414	1.3833	0.8035	1.2739	0.7827	0.7662	0.7877	0.7976	0.7683	0.9789	0.8204	1.5778	0.8358	0.9186	0.7718	0.9643	0.7959	0.7842	1.6501	0.8639	1.0374
  D	0.7741	0.8754	0.7811	0	1.1418	0.7824	1.4451	0.7681	1.3366	0.7746	0.8639	1.1426	0.767	0.7666	0.7619	0.7736	0.7607	1.2679	1.0239	0.7626	0.7697	0.7753	1.3446	0.7618	1.7709	0.8364	0.7633	0.761	1.5077	1.1524	0.7624	0.7642	0.7651	2.107	0.7669	0.7607	0.7698	0.8824	0.9888	1.3921	1.2481	4.1872	1.5506	0.7617	1.0799	1.0103	0.7592	0.7735	3.488	2.3416	0.7777	0.7613	1.5202	0.8702	0.7622	0.8114	1.0244	0.7609	1.1655
  E	0.9787	1.1002	1.0442	1.1418	0	1.6047	0.7839	1.1552	1.0203	0.9371	1.8441	0.7707	1.5999	0.7788	0.7668	3.1131	0.7941	2.0381	1.261	0.7763	1.1542	0.9114	1.1316	0.7702	2.2479	1.1102	1.1065	0.7641	0.9224	1.9632	0.7636	0.8165	0.7985	0.9365	0.8334	0.7601	0.773	2.095	2.4019	0.882	0.7675	0.836	0.8533	1.0585	0.8701	1.0658	0.7611	1.5162	1.0249	3.103	0.7775	0.7651	1.6797	0.8078	0.769	0.7743	1.2227	0.7627	1.1686
  F	0.7704	1.2577	1.1303	0.7824	1.6047	0	0.7699	0.7681	0.8883	0.8577	0.8315	1.5866	1.4079	0.7819	0.7639	1.5868	0.7637	1.6451	0.865	0.7632	1.1478	0.8023	1.0226	1.0041	1.3854	0.7887	0.7767	0.7628	1.0489	1.3025	0.7631	0.7674	0.7678	0.7914	1.0501	0.7598	1.1613	0.9378	1.4093	0.789	1.4288	1.0697	0.7671	0.7638	0.7685	0.8987	0.7605	1.5513	1.2694	1.2341	0.8021	0.7637	0.7676	0.8101	0.8913	0.7851	0.8849	0.7644	0.7713
  G	2.2214	1.0182	0.9613	1.4451	0.7839	0.7699	0	0.7684	2.5187	0.901	0.7702	1.1538	0.7604	0.7673	0.7604	1.1498	0.7597	1.6959	1.3868	0.7703	0.7655	1.0618	0.9994	0.7616	1.6431	0.9077	0.7677	0.7593	0.7654	0.7679	0.761	0.7645	0.7674	0.8867	0.7778	0.7578	1.1289	1.1857	1.1342	1.0977	0.7626	0.8567	1.6384	0.7605	0.7762	1.0231	0.7593	0.7711	0.7783	1.2043	0.7791	0.8014	0.8338	0.7899	0.7622	0.7743	1.6213	1.1429	0.9184
  H	1.4503	1.6722	0.7899	0.7681	1.1552	0.7681	0.7684	0	1.0423	1.0331	1.6443	0.7633	1.5694	1.2102	1.0119	1.9067	0.9458	1.7936	0.7757	0.8129	0.7634	0.7666	1.0092	1.6646	0.8307	0.799	0.7894	0.7591	0.7623	1.0287	0.7678	0.7658	1.1021	0.7737	1.2881	0.7596	1.158	0.7738	0.8037	0.768	0.7639	0.77	1.5144	0.7882	0.7668	0.763	0.7604	0.7705	0.7715	0.9452	0.7693	0.8129	0.7663	3.3324	0.7612	0.7644	1.4372	0.7589	0.767
  I	1.3631	1.4848	0.7871	1.3366	1.0203	0.8883	2.5187	1.0423	0	0.8246	1.5437	1.0655	0.7676	1.3873	0.9991	0.8089	0.765	1.2084	0.7862	0.7631	1.2006	0.78	1.0284	0.7663	2.8378	0.815	0.7742	0.7618	0.7672	0.771	1.3971	0.7739	1.2552	1.9776	0.7797	0.7641	0.8631	1.2728	1.6566	1.5964	0.7667	0.8636	1.261	0.9895	0.8088	0.775	0.7591	2.1869	0.8976	1.3112	0.7778	0.762	0.7683	0.8096	0.8146	0.8688	1.2927	0.7619	0.7864
  J	0.7686	4.7463	1.1599	0.7746	0.9371	0.8577	0.901	1.0331	0.8246	0	0.777	0.7691	1.2519	0.9261	0.9076	1.4428	1.1429	1.1891	0.809	3.9859	0.7694	0.7789	2.4536	1.1524	1.1884	3.2464	0.8195	0.8053	1.3906	1.0491	2.7266	0.7946	0.7855	1.0662	0.8422	0.7617	1.0421	2.7148	0.7959	0.8156	0.8205	0.7792	1.7146	0.8025	5.9781	1.2896	5.027	1.3328	0.9702	0.8099	5.3351	4.5447	1.5878	4.0067	1.4955	3.4753	1.2566	0.8373	1.7488
  K	0.7894	1.4753	1.0471	0.8639	1.8441	0.8315	0.7702	1.6443	1.5437	0.777	0	0.7674	0.7644	1.4327	1.2405	0.8724	0.7624	1.3084	1.0966	0.7797	0.7694	1.0047	1.9635	1.1476	0.825	1.3535	0.7652	0.7615	0.7722	1.0201	0.777	0.9351	0.7688	0.8044	0.778	0.805	0.9736	0.7851	0.9975	1.0385	0.8285	1.0946	1.0444	0.7634	0.8085	0.7678	0.7605	1.3157	1.1278	0.8048	0.8278	0.7645	0.7666	1.3881	0.7643	0.7883	0.8541	0.8891	0.7705
  L	0.7694	1.0739	0.8211	1.1426	0.7707	1.5866	1.1538	0.7633	1.0655	0.7691	0.7674	0	0.7601	0.7645	0.7598	1.1445	1.0184	0.8941	0.9005	0.7614	0.7708	0.7628	0.9302	0.7661	1.0087	1.1961	0.7841	0.7586	0.8626	0.7654	0.7607	0.773	0.774	1.3747	0.7789	0.7574	0.7681	0.7854	1.2327	1.5292	0.7675	0.8636	0.7633	0.7596	0.7959	0.7667	0.758	0.7702	0.8295	1.2763	0.7686	0.7601	0.8059	1.0511	0.7609	0.765	1.267	0.7586	1.0682
  M	0.7623	0.8174	0.7937	0.767	1.5999	1.4079	0.7604	1.5694	0.7676	1.2519	0.7644	0.7601	0	0.7625	0.7588	2.2881	0.7658	1.2245	0.7629	0.759	1.0043	0.7607	1.1773	1.1388	0.8633	0.7649	0.7598	0.7565	0.8879	2.7083	0.7588	1.1431	0.7654	0.772	0.7636	0.7557	0.7618	0.8731	1.1909	0.8062	0.7618	0.7649	0.8935	0.7871	0.7625	0.762	0.7568	0.767	0.7653	1.7135	0.7661	0.7703	0.7623	0.8423	0.8868	0.7643	0.783	0.7621	0.7622
  N	0.7753	0.7862	1.0014	0.7666	0.7788	0.7819	0.7673	1.2102	1.3873	0.9261	1.4327	0.7645	0.7625	0	0.8073	2.2061	0.7595	1.7744	0.7668	0.7619	0.9072	0.7802	1.0505	1.3149	0.9958	1.1473	0.7703	0.7584	1.1443	0.7961	0.7614	0.768	0.7649	1.0375	1.4259	0.7583	0.8449	1.0019	0.7832	0.7939	0.7604	0.7688	0.763	1.0414	0.7655	0.7677	0.7582	0.7911	1.8294	1.4646	0.7735	0.7615	0.7637	1.6714	0.7944	1.0228	0.8089	0.7584	0.993
  O	0.7894	0.7705	1.5015	0.7619	0.7668	0.7639	0.7604	1.0119	0.9991	0.9076	1.2405	0.7598	0.7588	0.8073	0	1.7853	0.7572	1.1776	0.7668	0.7594	0.7657	0.7661	1.1573	0.9468	0.7902	0.7698	0.7581	0.7564	0.7599	1.1557	0.7608	0.7725	1.0069	0.816	0.7619	1.0644	0.9567	0.7681	1.0877	0.7651	0.7589	0.7803	1.135	0.7587	1.0773	0.7605	0.76	0.7663	0.9921	0.7733	1.2836	0.7667	0.7606	0.7778	0.7593	0.7705	0.9886	0.7574	0.7614
  P	0.8041	1.6646	1.7683	0.7736	3.1131	1.5868	1.1498	1.9067	0.8089	1.4428	0.8724	1.1445	2.2881	2.2061	1.7853	0	1.5248	1.6594	0.7746	0.8472	1.2245	1.1474	0.7914	3.1177	1.6962	1.16	1.2119	0.7629	0.8083	3.6344	0.8809	0.787	2.0674	3.5128	0.8798	1.1593	2.1189	1.027	0.8716	1.2143	0.7633	0.8716	0.7694	2.7029	1.276	0.8284	0.7642	1.1734	1.2694	3.8086	1.3122	0.9236	1.182	4.6088	0.7648	1.1746	0.845	0.7611	1.5429
  Q	0.7594	0.9208	0.7652	0.7607	0.7941	0.7637	0.7597	0.9458	0.765	1.1429	0.7624	1.0184	0.7658	0.7595	0.7572	1.5248	0	0.7706	0.7748	0.7578	0.7601	0.7599	0.7685	0.7587	1.0997	1.161	1.0487	0.7567	0.7587	1.0061	0.7572	1.0538	0.7606	0.7673	1.2377	0.7552	0.761	0.7886	0.8101	0.8942	0.7577	0.7632	0.7603	0.7577	0.7589	0.76	0.7558	1.5298	0.7627	0.7968	0.7621	0.7577	0.7596	0.7705	0.7586	0.7602	0.7765	0.757	0.7616
  R	1.2	2.2541	2.9095	1.2679	2.0381	1.6451	1.6959	1.7936	1.2084	1.1891	1.3084	0.8941	1.2245	1.7744	1.1776	1.6594	0.7706	0	1.2435	0.8431	1.0572	1.2821	1.5343	0.9129	3.292	1.9584	0.8948	0.7684	1.4416	1.3058	0.7687	1.205	0.8103	1.3442	1.6941	0.7633	1.0714	0.8454	2.4473	1.6461	0.7961	1.556	0.7817	0.9473	0.7837	1.4756	0.7666	0.9663	0.8963	3.6053	0.8913	1.2543	1.3163	1.9699	1.1423	0.8875	1.9602	0.7729	1.8775
  S	0.8094	0.9007	0.7763	1.0239	1.261	0.865	1.3868	0.7757	0.7862	0.809	1.0966	0.9005	0.7629	0.7668	0.7668	0.7746	0.7748	1.2435	0	1.0309	0.7683	0.7679	0.8072	0.7844	0.95	1.971	1.3969	0.7733	1.159	0.7951	0.7713	0.9456	0.919	1.1019	1.2726	1.4413	0.777	1.319	0.842	0.7798	0.8664	0.8956	0.7668	0.7622	1.2628	1.1323	0.881	1.1653	1.2256	1.2826	1.1414	0.7699	0.768	0.8068	0.7636	1.3962	2.2699	0.7627	0.8035
  T	0.7608	0.9739	0.9869	0.7626	0.7763	0.7632	0.7703	0.8129	0.7631	3.9859	0.7797	0.7614	0.759	0.7619	0.7594	0.8472	0.7578	0.8431	1.0309	0	0.7596	0.7611	0.7712	0.7608	0.7735	1.7914	0.7591	0.7578	0.76	0.7635	1.082	0.7608	0.7604	1.3622	0.7644	0.7562	0.9868	0.7794	0.769	1.0015	0.7592	0.7644	0.7623	0.758	1.1828	0.7616	1.0413	0.7737	0.916	0.7698	0.9628	1.9547	0.7639	2.4563	0.762	1.6818	0.7908	0.7588	1.0135
  U	1.1628	0.7984	1.1604	0.7697	1.1542	1.1478	0.7655	0.7634	1.2006	0.7694	0.7694	0.7708	1.0043	0.9072	0.7657	1.2245	0.7601	1.0572	0.7683	0.7596	0	1.2823	0.9536	1.1045	1.3632	1.6778	1.0579	0.7601	0.7653	0.7805	0.7599	0.7743	0.7671	0.7754	0.7683	0.7575	0.7656	0.7766	1.2885	0.7793	0.7644	0.7768	0.763	0.7607	0.7623	0.9394	0.7572	1.9708	0.8531	1.9542	0.7665	0.7598	0.7627	0.7782	1.1181	0.7632	1.0038	0.7592	0.7748
  V	0.7664	0.8405	0.7919	0.7753	0.9114	0.8023	1.0618	0.7666	0.78	0.7789	1.0047	0.7628	0.7607	0.7802	0.7661	1.1474	0.7599	1.2821	0.7679	0.7611	1.2823	0	0.7999	0.7754	2.3693	0.7667	0.7691	0.7587	0.7634	0.7673	0.797	0.8142	0.7628	1.1539	0.9138	0.7571	0.7662	0.8219	0.7795	0.7724	0.7602	0.7679	0.7617	0.7604	0.763	1.0821	0.7579	1.1099	0.7684	1.0067	0.7692	0.8615	0.7621	1.4785	0.7797	0.7624	1.288	0.7609	0.7821
  W	0.8017	2.0286	1.2927	1.3446	1.1316	1.0226	0.9994	1.0092	1.0284	2.4536	1.9635	0.9302	1.1773	1.0505	1.1573	0.7914	0.7685	1.5343	0.8072	0.7712	0.9536	0.7999	0	1.165	1.4958	2.6863	0.9063	0.7639	1.196	0.849	2.8985	1.5084	0.7852	1.1014	1.1653	0.7652	1.0199	1.4716	0.801	0.9686	0.781	0.8279	2.7926	0.7694	3.8482	0.8063	0.7719	1.4278	0.849	1.425	1.4487	0.9748	0.8391	0.8286	1.3422	0.7938	1.3678	0.7662	0.7931
  X	1.8876	1.3546	0.8245	0.7618	0.7702	1.0041	0.7616	1.6646	0.7663	1.1524	1.1476	0.7661	1.1388	1.3149	0.9468	3.1177	0.7587	0.9129	0.7844	0.7608	1.1045	0.7754	1.165	0	0.779	1.3659	0.7611	1.0951	0.7604	1.1295	0.7604	0.7614	0.7647	0.9706	1.2648	0.7686	0.7662	0.7712	0.9867	0.7807	0.7596	1.1519	0.7625	0.9352	0.7825	0.8571	0.7594	0.7672	0.7663	0.7796	0.7683	0.7633	0.7612	2.4957	0.7597	0.762	0.8342	0.7583	0.7647
  Y	0.8735	1.7634	1.8601	1.7709	2.2479	1.3854	1.6431	0.8307	2.8378	1.1884	0.825	1.0087	0.8633	0.9958	0.7902	1.6962	1.0997	3.292	0.95	0.7735	1.3632	2.3693	1.4958	0.779	0	0.9816	3.0619	0.8835	0.9093	2.443	0.7733	2.1279	0.8771	3.1182	1.2846	0.7663	2.7615	2.3644	3.2866	1.4419	0.8232	2.2807	0.854	1.0992	0.8477	1.1411	0.7801	1.9131	2.1177	5.7822	1.7583	0.776	1.1118	1.2434	1.5454	0.9358	3.0951	0.7716	1.826
  Z	0.7885	2.1586	0.7901	0.8364	1.1102	0.7887	0.9077	0.799	0.815	3.2464	1.3535	1.1961	0.7649	1.1473	0.7698	1.16	1.161	1.9584	1.971	1.7914	1.6778	0.7667	2.6863	1.3659	0.9816	0	1.9469	1.0403	0.7761	0.7747	0.9965	0.9162	0.8396	0.8731	0.7807	0.7594	0.7727	0.8767	1.5484	1.014	0.765	0.8032	0.7691	0.7621	1.1936	1.1553	0.7684	0.8177	1.0074	1.8988	1.3017	1.1708	0.769	1.2085	0.7664	1.3269	1.2826	0.7616	1.4585
  [	0.7614	1.1277	0.783	0.7633	1.1065	0.7767	0.7677	0.7894	0.7742	0.8195	0.7652	0.7841	0.7598	0.7703	0.7581	1.2119	1.0487	0.8948	1.3969	0.7591	1.0579	0.7691	0.9063	0.7611	3.0619	1.9469	0	0.7583	0.7614	0.7653	0.7586	0.7763	0.7722	1.5364	0.896	0.7581	1.0042	1.2893	1.2499	0.7681	0.7596	0.7665	0.9856	0.7647	0.7667	0.7629	0.7748	1.1397	0.7677	0.8145	0.7777	0.7594	0.8271	0.9377	1.0617	0.7644	1.3937	0.808	0.7643
  \	0.8016	0.9326	0.7691	0.761	0.7641	0.7628	0.7593	0.7591	0.7618	0.8053	0.7615	0.7586	0.7565	0.7584	0.7564	0.7629	0.7567	0.7684	0.7733	0.7578	0.7601	0.7587	0.7639	1.0951	0.8835	1.0403	0.7583	0	0.7615	0.7628	0.7565	0.7586	0.7619	0.7642	0.7608	0.7547	0.7604	1.0335	0.8497	0.7618	0.7574	0.7807	0.7586	1.1376	0.7585	0.8445	0.7555	1.5131	0.7729	0.9622	0.7936	0.7571	0.7811	0.8055	0.7581	0.8823	0.8356	0.7564	0.7607
  ]	0.7635	0.7735	0.7824	1.5077	0.9224	1.0489	0.7654	0.7623	0.7672	1.3906	0.7722	0.8626	0.8879	1.1443	0.7599	0.8083	0.7587	1.4416	1.159	0.76	0.7653	0.7634	1.196	0.7604	0.9093	0.7761	0.7614	0.7615	0	0.8644	0.7592	0.7617	0.9706	0.8799	0.7697	0.7573	0.7674	0.8082	1.602	0.7838	0.8152	1.0815	0.7707	0.76	0.7631	0.7713	0.7606	0.7802	0.807	1.2696	1.0406	0.7602	1.1487	0.7732	0.7611	0.7696	1.797	0.7583	0.7671
  ^	1.1848	1.0064	1.0634	1.1524	1.9632	1.3025	0.7679	1.0287	0.771	1.0491	1.0201	0.7654	2.7083	0.7961	1.1557	3.6344	1.0061	1.3058	0.7951	0.7635	0.7805	0.7673	0.849	1.1295	2.443	0.7747	0.7653	0.7628	0.8644	0	0.7625	1.3894	0.7671	1.3432	1.1701	0.7584	0.786	0.9702	1.0371	1.1642	0.7655	0.9957	0.7677	0.8051	0.8207	0.7671	0.7627	0.9878	1.0528	1.3238	0.8084	0.7678	0.965	1.7367	0.7636	1.0641	0.8554	0.7604	0.7714
  _	0.7597	0.8267	1.0034	0.7624	0.7636	0.7631	0.761	0.7678	1.3971	2.7266	0.777	0.7607	0.7588	0.7614	0.7608	0.8809	0.7572	0.7687	0.7713	1.082	0.7599	0.797	2.8985	0.7604	0.7733	0.9965	0.7586	0.7565	0.7592	0.7625	0	0.7601	0.7597	0.9272	1.1624	0.7563	0.7637	0.7715	0.7653	0.7635	0.7582	0.7622	1.0867	0.7581	2.1731	0.7604	0.8072	0.7649	0.7791	0.7681	0.8435	1.5857	0.7612	1.8638	0.7604	0.7747	0.8033	0.7578	0.7633
  `	0.7626	1.1037	0.8304	0.7642	0.8165	0.7674	0.7645	0.7658	0.7739	0.7946	0.9351	0.773	1.1431	0.768	0.7725	0.787	1.0538	1.205	0.9456	0.7608	0.7743	0.8142	1.5084	0.7614	2.1279	0.9162	0.7763	0.7586	0.7617	1.3894	0.7601	0	0.7703	0.7986	1.0452	0.757	0.7658	1.0886	0.7776	1.0067	0.7675	0.7679	0.7661	0.7599	0.7628	0.7697	0.7578	1.2508	0.7703	1.0792	0.768	0.8069	0.7686	1.547	0.7624	0.7681	1.2044	1.0531	0.7661
  a	0.7643	1.2787	0.7728	0.7651	0.7985	0.7678	0.7674	1.1021	1.2552	0.7855	0.7688	0.774	0.7654	0.7649	1.0069	2.0674	0.7606	0.8103	0.919	0.7604	0.7671	0.7628	0.7852	0.7647	0.8771	0.8396	0.7722	0.7619	0.9706	0.7671	0.7597	0.7703	0	0.7866	1.0146	0.758	0.7661	1.1522	1.1844	0.7691	0.7608	0.7695	0.7628	0.9609	0.7627	0.7659	0.7577	1.0779	0.7691	1.6352	0.8711	0.76	0.7646	0.9635	0.7611	0.8493	1.1372	0.7587	0.7654
  b	1.4525	0.8351	1.2638	2.107	0.9365	0.7914	0.8867	0.7737	1.9776	1.0662	0.8044	1.3747	0.772	1.0375	0.816	3.5128	0.7673	1.3442	1.1019	1.3622	0.7754	1.1539	1.1014	0.9706	3.1182	0.8731	1.5364	0.7642	0.8799	1.3432	0.9272	0.7986	0.7866	0	1.5434	0.7623	0.8887	1.7619	0.9067	1.2588	0.7706	0.8607	0.7793	1.1823	0.9045	1.0019	0.8283	1.2141	0.9008	2.0988	1.2426	0.8753	0.8009	1.8455	0.7683	0.818	2.0447	0.7775	1.611
  c	0.7663	1.0284	0.8349	0.7669	0.8334	1.0501	0.7778	1.2881	0.7797	0.8422	0.778	0.7789	0.7636	1.4259	0.7619	0.8798	1.2377	1.6941	1.2726	0.7644	0.7683	0.9138	1.1653	1.2648	1.2846	0.7807	0.896	0.7608	0.7697	1.1701	1.1624	1.0452	1.0146	1.5434	0	0.7587	0.8618	0.8066	1.5521	0.9061	0.763	0.7717	0.7645	0.8414	0.9913	0.7686	0.9092	1.007	0.7716	0.8329	0.8628	1.0602	0.7642	2.1054	0.7628	0.7697	1.8514	0.7616	1.0071
  d	0.7573	0.7622	0.7632	0.7607	0.7601	0.7598	0.7578	0.7596	0.7641	0.7617	0.805	0.7574	0.7557	0.7583	1.0644	1.1593	0.7552	0.7633	1.4413	0.7562	0.7575	0.7571	0.7652	0.7686	0.7663	0.7594	0.7581	0.7547	0.7573	0.7584	0.7563	0.757	0.758	0.7623	0.7587	0	0.7584	0.7643	0.7633	0.7605	0.7571	0.7606	1.9118	0.7573	0.8577	0.7582	0.7548	0.7597	0.7612	0.7646	0.7598	0.7558	0.7577	0.7639	0.7564	0.7582	1.4731	0.7552	0.7583
  e	0.7714	1.0956	1.4107	0.7698	0.773	1.1613	1.1289	1.158	0.8631	1.0421	0.9736	0.7681	0.7618	0.8449	0.9567	2.1189	0.761	1.0714	0.777	0.9868	0.7656	0.7662	1.0199	0.7662	2.7615	0.7727	1.0042	0.7604	0.7674	0.786	0.7637	0.7658	0.7661	0.8887	0.8618	0.7584	0	0.809	1.4665	0.7735	0.8136	1.0296	0.9337	0.7623	1.1633	1.0269	0.7792	0.7794	2.0467	0.8376	1.635	0.7667	0.7757	2.1229	0.7634	1.536	1.2397	0.7603	0.7706
  f	1.0145	1.6832	1.4271	0.8824	2.095	0.9378	1.1857	0.7738	1.2728	2.7148	0.7851	0.7854	0.8731	1.0019	0.7681	1.027	0.7886	0.8454	1.319	0.7794	0.7766	0.8219	1.4716	0.7712	2.3644	0.8767	1.2893	1.0335	0.8082	0.9702	0.7715	1.0886	1.1522	1.7619	0.8066	0.7643	0.809	0	0.8471	1.8252	0.9789	0.8622	1.2259	0.8217	1.2739	0.8949	0.7717	0.8055	1.3376	1.2969	1.0267	0.7818	0.9158	1.0954	1.1123	2.6927	1.2537	1.1255	0.7795
  g	1.3499	0.9784	1.7414	0.9888	2.4019	1.4093	1.1342	0.8037	1.6566	0.7959	0.9975	1.2327	1.1909	0.7832	1.0877	0.8716	0.8101	2.4473	0.842	0.769	1.2885	0.7795	0.801	0.9867	3.2866	1.5484	1.2499	0.8497	1.602	1.0371	0.7653	0.7776	1.1844	0.9067	1.5521	0.7633	1.4665	0.8471	0	2.3134	0.9932	1.1897	1.249	0.7766	0.8036	1.4979	0.7629	1.2166	0.8596	0.903	1.3801	0.7668	0.7871	1.0335	0.8672	1.1968	1.72	0.766	1.271
  h	0.877	1.065	1.3833	1.3921	0.882	0.789	1.0977	0.768	1.5964	0.8156	1.0385	1.5292	0.8062	0.7939	0.7651	1.2143	0.8942	1.6461	0.7798	1.0015	0.7793	0.7724	0.9686	0.7807	1.4419	1.014	0.7681	0.7618	0.7838	1.1642	0.7635	1.0067	0.7691	1.2588	0.9061	0.7605	0.7735	1.8252	2.3134	0	0.8527	1.0804	1.09	0.7726	0.7876	0.8343	0.7603	0.7883	0.9069	0.8127	0.7792	0.7643	1.0647	0.8056	0.7674	0.7785	1.0633	0.7627	1.3204
  i	0.7616	0.8355	0.8035	1.2481	0.7675	1.4288	0.7626	0.7639	0.7667	0.8205	0.8285	0.7675	0.7618	0.7604	0.7589	0.7633	0.7577	0.7961	0.8664	0.7592	0.7644	0.7602	0.781	0.7596	0.8232	0.765	0.7596	0.7574	0.8152	0.7655	0.7582	0.7675	0.7608	0.7706	0.763	0.7571	0.8136	0.9789	0.9932	0.8527	0	0.9159	1.2186	0.7578	0.7606	0.8201	0.7569	1.1543	0.8945	0.7874	0.7663	0.7585	0.7647	0.7864	0.7602	0.848	1.0846	0.7581	0.7634
  j	1.2357	0.9477	1.2739	4.1872	0.836	1.0697	0.8567	0.77	0.8636	0.7792	1.0946	0.8636	0.7649	0.7688	0.7803	0.8716	0.7632	1.556	0.8956	0.7644	0.7768	0.7679	0.8279	1.1519	2.2807	0.8032	0.7665	0.7807	1.0815	0.9957	0.7622	0.7679	0.7695	0.8607	0.7717	0.7606	1.0296	0.8622	1.1897	1.0804	0.9159	0	1.0126	0.7639	0.7687	0.9271	0.7605	0.84	1.7516	1.8088	1.1078	0.7633	1.2413	1.0697	0.8153	0.8943	1.1723	1.0545	2.0068
  k	0.8184	1.105	0.7827	1.5506	0.8533	0.7671	1.6384	1.5144	1.261	1.7146	1.0444	0.7633	0.8935	0.763	1.135	0.7694	0.7603	0.7817	0.7668	0.7623	0.763	0.7617	2.7926	0.7625	0.854	0.7691	0.9856	0.7586	0.7707	0.7677	1.0867	0.7661	0.7628	0.7793	0.7645	1.9118	0.9337	1.2259	1.249	1.09	1.2186	1.0126	0	1.1753	0.7697	0.8184	0.7601	0.9781	0.7842	0.7772	0.7953	0.7638	2.6008	1.4248	0.8874	0.7805	0.7829	0.7593	0.7664
  l	0.7601	0.8513	0.7662	0.7617	1.0585	0.7638	0.7605	0.7882	0.9895	0.8025	0.7634	0.7596	0.7871	1.0414	0.7587	2.7029	0.7577	0.9473	0.7622	0.758	0.7607	0.7604	0.7694	0.9352	1.0992	0.7621	0.7647	1.1376	0.76	0.8051	0.7581	0.7599	0.9609	1.1823	0.8414	0.7573	0.7623	0.8217	0.7766	0.7726	0.7578	0.7639	1.1753	0	0.7599	0.7605	0.756	0.7662	0.764	1.0783	0.7626	0.7581	0.7609	0.952	1.0799	0.7611	0.7794	0.7565	0.7621
  m	0.762	0.9367	0.7877	1.0799	0.8701	0.7685	0.7762	0.7668	0.8088	5.9781	0.8085	0.7959	0.7625	0.7655	1.0773	1.276	0.7589	0.7837	1.2628	1.1828	0.7623	0.763	3.8482	0.7825	0.8477	1.1936	0.7667	0.7585	0.7631	0.8207	2.1731	0.7628	0.7627	0.9045	0.9913	0.8577	1.1633	1.2739	0.8036	0.7876	0.7606	0.7687	0.7697	0.7599	0	0.7652	1.9841	0.7681	0.7738	0.8012	1.08	1.6205	0.7829	1.4963	0.7644	0.7861	1.1863	0.7597	1.0676
  n	1.0437	0.7767	0.7976	1.0103	1.0658	0.8987	1.0231	0.763	0.775	1.2896	0.7678	0.7667	0.762	0.7677	0.7605	0.8284	0.76	1.4756	1.1323	0.7616	0.9394	1.0821	0.8063	0.8571	1.1411	1.1553	0.7629	0.8445	0.7713	0.7671	0.7604	0.7697	0.7659	1.0019	0.7686	0.7582	1.0269	0.8949	1.4979	0.8343	0.8201	0.9271	0.8184	0.7605	0.7652	0	0.7594	0.8175	0.791	0.9961	0.7898	0.7615	0.7644	0.7757	0.7677	0.7859	0.89	0.8712	0.7671
  o	0.7575	0.7916	0.7683	0.7592	0.7611	0.7605	0.7593	0.7604	0.7591	5.027	0.7605	0.758	0.7568	0.7582	0.76	0.7642	0.7558	0.7666	0.881	1.0413	0.7572	0.7579	0.7719	0.7594	0.7801	0.7684	0.7748	0.7555	0.7606	0.7627	0.8072	0.7578	0.7577	0.8283	0.9092	0.7548	0.7792	0.7717	0.7629	0.7603	0.7569	0.7605	0.7601	0.756	1.9841	0.7594	0	0.7619	0.7655	0.7639	0.9414	0.9246	0.7594	1.5904	0.7584	0.7681	0.8918	0.7563	1.0001
  p	1.1934	1.4096	0.9789	0.7735	1.5162	1.5513	0.7711	0.7705	2.1869	1.3328	1.3157	0.7702	0.767	0.7911	0.7663	1.1734	1.5298	0.9663	1.1653	0.7737	1.9708	1.1099	1.4278	0.7672	1.9131	0.8177	1.1397	1.5131	0.7802	0.9878	0.7649	1.2508	1.0779	1.2141	1.007	0.7597	0.7794	0.8055	1.2166	0.7883	1.1543	0.84	0.9781	0.7662	0.7681	0.8175	0.7619	0	0.7816	1.4729	1.1114	0.7646	0.7769	2.0879	1.0439	0.7798	1.1132	0.8042	0.9962
  q	1.0458	1.4433	0.8204	3.488	1.0249	1.2694	0.7783	0.7715	0.8976	0.9702	1.1278	0.8295	0.7653	1.8294	0.9921	1.2694	0.7627	0.8963	1.2256	0.916	0.8531	0.7684	0.849	0.7663	2.1177	1.0074	0.7677	0.7729	0.807	1.0528	0.7791	0.7703	0.7691	0.9008	0.7716	0.7612	2.0467	1.3376	0.8596	0.9069	0.8945	1.7516	0.7842	0.764	0.7738	0.791	0.7655	0.7816	0	1.7242	0.8466	1.1157	0.9417	0.9647	0.7656	2.4459	1.6289	0.7629	0.8257
  r	1.3295	1.2884	1.5778	2.3416	3.103	1.2341	1.2043	0.9452	1.3112	0.8099	0.8048	1.2763	1.7135	1.4646	0.7733	3.8086	0.7968	3.6053	1.2826	0.7698	1.9542	1.0067	1.425	0.7796	5.7822	1.8988	0.8145	0.9622	1.2696	1.3238	0.7681	1.0792	1.6352	2.0988	0.8329	0.7646	0.8376	1.2969	0.903	0.8127	0.7874	1.8088	0.7772	1.0783	0.8012	0.9961	0.7639	1.4729	1.7242	0	1.2519	0.7756	0.995	1.3112	0.7928	0.8764	3.7224	0.7672	1.6014
  s	0.7994	1.1208	0.8358	0.7777	0.7775	0.8021	0.7791	0.7693	0.7778	5.3351	0.8278	0.7686	0.7661	0.7735	1.2836	1.3122	0.7621	0.8913	1.1414	0.9628	0.7665	0.7692	1.4487	0.7683	1.7583	1.3017	0.7777	0.7936	1.0406	0.8084	0.8435	0.768	0.8711	1.2426	0.8628	0.7598	1.635	1.0267	1.3801	0.7792	0.7663	1.1078	0.7953	0.7626	1.08	0.7898	0.9414	1.1114	0.8466	1.2519	0	1.6315	1.0228	2.5873	0.7666	2.1815	1.2015	0.7623	0.7807
  t	0.7602	1.0621	0.9186	0.7613	0.7651	0.7637	0.8014	0.8129	0.762	4.5447	0.7645	0.7601	0.7703	0.7615	0.7667	0.9236	0.7577	1.2543	0.7699	1.9547	0.7598	0.8615	0.9748	0.7633	0.776	1.1708	0.7594	0.7571	0.7602	0.7678	1.5857	0.8069	0.76	0.8753	1.0602	0.7558	0.7667	0.7818	0.7668	0.7643	0.7585	0.7633	0.7638	0.7581	1.6205	0.7615	0.9246	0.7646	1.1157	0.7756	1.6315	0	0.7624	1.5039	0.7696	0.9661	0.7983	1.046	0.7652
  u	0.7635	1.1825	0.7718	1.5202	1.6797	0.7676	0.8338	0.7663	0.7683	1.5878	0.7666	0.8059	0.7623	0.7637	0.7606	1.182	0.7596	1.3163	0.768	0.7639	0.7627	0.7621	0.8391	0.7612	1.1118	0.769	0.8271	0.7811	1.1487	0.965	0.7612	0.7686	0.7646	0.8009	0.7642	0.7577	0.7757	0.9158	0.7871	1.0647	0.7647	1.2413	2.6008	0.7609	0.7829	0.7644	0.7594	0.7769	0.9417	0.995	1.0228	0.7624	0	1.2543	0.7628	1.4869	0.8996	0.759	0.9754
  v	0.9051	2.9749	0.9643	0.8702	0.8078	0.8101	0.7899	3.3324	0.8096	4.0067	1.3881	1.0511	0.8423	1.6714	0.7778	4.6088	0.7705	1.9699	0.8068	2.4563	0.7782	1.4785	0.8286	2.4957	1.2434	1.2085	0.9377	0.8055	0.7732	1.7367	1.8638	1.547	0.9635	1.8455	2.1054	0.7639	2.1229	1.0954	1.0335	0.8056	0.7864	1.0697	1.4248	0.952	1.4963	0.7757	1.5904	2.0879	0.9647	1.3112	2.5873	1.5039	1.2543	0	0.7937	0.9675	1.7507	1.1489	1.4154
  w	0.7679	0.9765	0.7959	0.7622	0.769	0.8913	0.7622	0.7612	0.8146	1.4955	0.7643	0.7609	0.8868	0.7944	0.7593	0.7648	0.7586	1.1423	0.7636	0.762	1.1181	0.7797	1.3422	0.7597	1.5454	0.7664	1.0617	0.7581	0.7611	0.7636	0.7604	0.7624	0.7611	0.7683	0.7628	0.7564	0.7634	1.1123	0.8672	0.7674	0.7602	0.8153	0.8874	1.0799	0.7644	0.7677	0.7584	1.0439	0.7656	0.7928	0.7666	0.7696	0.7628	0.7937	0	1.1484	1.1623	0.7629	0.763
  x	0.7686	1.6493	0.7842	0.8114	0.7743	0.7851	0.7743	0.7644	0.8688	3.4753	0.7883	0.765	0.7643	1.0228	0.7705	1.1746	0.7602	0.8875	1.3962	1.6818	0.7632	0.7624	0.7938	0.762	0.9358	1.3269	0.7644	0.8823	0.7696	1.0641	0.7747	0.7681	0.8493	0.818	0.7697	0.7582	1.536	2.6927	1.1968	0.7785	0.848	0.8943	0.7805	0.7611	0.7861	0.7859	0.7681	0.7798	2.4459	0.8764	2.1815	0.9661	1.4869	0.9675	1.1484	0	1.1005	0.7604	0.7702
  y	0.8142	0.9332	1.6501	1.0244	1.2227	0.8849	1.6213	1.4372	1.2927	1.2566	0.8541	1.267	0.783	0.8089	0.9886	0.845	0.7765	1.9602	2.2699	0.7908	1.0038	1.288	1.3678	0.8342	3.0951	1.2826	1.3937	0.8356	1.797	0.8554	0.8033	1.2044	1.1372	2.0447	1.8514	1.4731	1.2397	1.2537	1.72	1.0633	1.0846	1.1723	0.7829	0.7794	1.1863	0.89	0.8918	1.1132	1.6289	3.7224	1.2015	0.7983	0.8996	1.7507	1.1623	1.1005	0	1.1571	1.183
  z	0.8766	0.8158	0.8639	0.7609	0.7627	0.7644	1.1429	0.7589	0.7619	0.8373	0.8891	0.7586	0.7621	0.7584	0.7574	0.7611	0.757	0.7729	0.7627	0.7588	0.7592	0.7609	0.7662	0.7583	0.7716	0.7616	0.808	0.7564	0.7583	0.7604	0.7578	1.0531	0.7587	0.7775	0.7616	0.7552	0.7603	1.1255	0.766	0.7627	0.7581	1.0545	0.7593	0.7565	0.7597	0.8712	0.7563	0.8042	0.7629	0.7672	0.7623	1.046	0.759	1.1489	0.7629	0.7604	1.1571	0	0.7607
  {	0.8093	1.1752	1.0374	1.1655	1.1686	0.7713	0.9184	0.767	0.7864	1.7488	0.7705	1.0682	0.7622	0.993	0.7614	1.5429	0.7616	1.8775	0.8035	1.0135	0.7748	0.7821	0.7931	0.7647	1.826	1.4585	0.7643	0.7607	0.7671	0.7714	0.7633	0.7661	0.7654	1.611	1.0071	0.7583	0.7706	0.7795	1.271	1.3204	0.7634	2.0068	0.7664	0.7621	1.0676	0.7671	1.0001	0.9962	0.8257	1.6014	0.7807	0.7652	0.9754	1.4154	0.763	0.7702	1.183	0.7607	0

Actual rates from j->i (Q_ij):
	A	B	C	D	E	F	G	H	I	J	K	L	M	N	O	P	Q	R	S	T	U	V	W	X	Y	Z	[	\	]	^	_	`	a	b	c	d	e	f	g	h	i	j	k	l	m	n	o	p	q	r	s	t	u	v	w	x	y	z	{
  A	0	0.0152	0.0264	0.015	0.019	0.015	0.0432	0.0282	0.0265	0.0149	0.0153	0.015	0.0148	0.0151	0.0153	0.0156	0.0148	0.0233	0.0157	0.0148	0.0226	0.0149	0.0156	0.0367	0.017	0.0153	0.0148	0.0156	0.0148	0.023	0.0148	0.0148	0.0149	0.0282	0.0149	0.0147	0.015	0.0197	0.0262	0.017	0.0148	0.024	0.0159	0.0148	0.0148	0.0203	0.0147	0.0232	0.0203	0.0258	0.0155	0.0148	0.0148	0.0176	0.0149	0.0149	0.0158	0.017	0.0157
  B	0.0134	0	0.0241	0.015	0.0188	0.0215	0.0174	0.0286	0.0254	0.0811	0.0252	0.0184	0.014	0.0134	0.0132	0.0284	0.0157	0.0385	0.0154	0.0166	0.0136	0.0144	0.0347	0.0232	0.0301	0.0369	0.0193	0.0159	0.0132	0.0172	0.0141	0.0189	0.0219	0.0143	0.0176	0.013	0.0187	0.0288	0.0167	0.0182	0.0143	0.0162	0.0189	0.0145	0.016	0.0133	0.0135	0.0241	0.0247	0.022	0.0192	0.0182	0.0202	0.0508	0.0167	0.0282	0.0159	0.0139	0.0201
  C	0.0235	0.0244	0	0.0135	0.0181	0.0196	0.0167	0.0137	0.0136	0.0201	0.0181	0.0142	0.0138	0.0173	0.026	0.0306	0.0133	0.0504	0.0134	0.0171	0.0201	0.0137	0.0224	0.0143	0.0322	0.0137	0.0136	0.0133	0.0136	0.0184	0.0174	0.0144	0.0134	0.0219	0.0145	0.0132	0.0244	0.0247	0.0302	0.024	0.0139	0.0221	0.0136	0.0133	0.0136	0.0138	0.0133	0.017	0.0142	0.0273	0.0145	0.0159	0.0134	0.0167	0.0138	0.0136	0.0286	0.015	0.018
  D	0.012	0.0136	0.0121	0	0.0177	0.0121	0.0224	0.0119	0.0207	0.012	0.0134	0.0177	0.0119	0.0119	0.0118	0.012	0.0118	0.0197	0.0159	0.0118	0.0119	0.012	0.0209	0.0118	0.0275	0.013	0.0118	0.0118	0.0234	0.0179	0.0118	0.0119	0.0119	0.0327	0.0119	0.0118	0.0119	0.0137	0.0153	0.0216	0.0194	0.065	0.0241	0.0118	0.0168	0.0157	0.0118	0.012	0.0541	0.0363	0.0121	0.0118	0.0236	0.0135	0.0118	0.0126	0.0159	0.0118	0.0181
  E	0.0177	0.0199	0.0189	0.0207	0	0.029	0.0142	0.0209	0.0185	0.017	0.0334	0.0139	0.0289	0.0141	0.0139	0.0563	0.0144	0.0369	0.0228	0.014	0.0209	0.0165	0.0205	0.0139	0.0407	0.0201	0.02	0.0138	0.0167	0.0355	0.0138	0.0148	0.0144	0.0169	0.0151	0.0137	0.014	0.0379	0.0434	0.016	0.0139	0.0151	0.0154	0.0191	0.0157	0.0193	0.0138	0.0274	0.0185	0.0561	0.0141	0.0138	0.0304	0.0146	0.0139	0.014	0.0221	0.0138	0.0211
  F	0.0131	0.0213	0.0192	0.0133	0.0272	0	0.0131	0.013	0.0151	0.0146	0.0141	0.0269	0.0239	0.0133	0.013	0.0269	0.013	0.0279	0.0147	0.013	0.0195	0.0136	0.0174	0.017	0.0235	0.0134	0.0132	0.0129	0.0178	0.0221	0.013	0.013	0.013	0.0134	0.0178	0.0129	0.0197	0.0159	0.0239	0.0134	0.0242	0.0182	0.013	0.013	0.013	0.0153	0.0129	0.0263	0.0215	0.0209	0.0136	0.013	0.013	0.0137	0.0151	0.0133	0.015	0.013	0.0131
  G	0.0405	0.0186	0.0175	0.0263	0.0143	0.014	0	0.014	0.0459	0.0164	0.014	0.021	0.0139	0.014	0.0139	0.021	0.0138	0.0309	0.0253	0.014	0.014	0.0194	0.0182	0.0139	0.03	0.0165	0.014	0.0138	0.014	0.014	0.0139	0.0139	0.014	0.0162	0.0142	0.0138	0.0206	0.0216	0.0207	0.02	0.0139	0.0156	0.0299	0.0139	0.0142	0.0187	0.0138	0.0141	0.0142	0.022	0.0142	0.0146	0.0152	0.0144	0.0139	0.0141	0.0296	0.0208	0.0167
  H	0.0268	0.0309	0.0146	0.0142	0.0213	0.0142	0.0142	0	0.0192	0.0191	0.0303	0.0141	0.029	0.0223	0.0187	0.0352	0.0175	0.0331	0.0143	0.015	0.0141	0.0141	0.0186	0.0307	0.0153	0.0147	0.0146	0.014	0.0141	0.019	0.0142	0.0141	0.0203	0.0143	0.0238	0.014	0.0214	0.0143	0.0148	0.0142	0.0141	0.0142	0.0279	0.0145	0.0142	0.0141	0.014	0.0142	0.0142	0.0174	0.0142	0.015	0.0141	0.0615	0.014	0.0141	0.0265	0.014	0.0142
  I	0.023	0.025	0.0133	0.0225	0.0172	0.015	0.0425	0.0176	0	0.0139	0.026	0.018	0.0129	0.0234	0.0168	0.0136	0.0129	0.0204	0.0133	0.0129	0.0202	0.0132	0.0173	0.0129	0.0479	0.0137	0.0131	0.0128	0.0129	0.013	0.0236	0.0131	0.0212	0.0334	0.0131	0.0129	0.0146	0.0215	0.0279	0.0269	0.0129	0.0146	0.0213	0.0167	0.0136	0.0131	0.0128	0.0369	0.0151	0.0221	0.0131	0.0129	0.013	0.0137	0.0137	0.0147	0.0218	0.0128	0.0133
  J	0.0083	0.0511	0.0125	0.0083	0.0101	0.0092	0.0097	0.0111	0.0089	0	0.0084	0.0083	0.0135	0.01	0.0098	0.0155	0.0123	0.0128	0.0087	0.043	0.0083	0.0084	0.0264	0.0124	0.0128	0.035	0.0088	0.0087	0.015	0.0113	0.0294	0.0086	0.0085	0.0115	0.0091	0.0082	0.0112	0.0293	0.0086	0.0088	0.0088	0.0084	0.0185	0.0086	0.0644	0.0139	0.0542	0.0144	0.0105	0.0087	0.0575	0.049	0.0171	0.0432	0.0161	0.0375	0.0135	0.009	0.0188
  K	0.0145	0.0272	0.0193	0.0159	0.034	0.0153	0.0142	0.0303	0.0284	0.0143	0	0.0141	0.0141	0.0264	0.0228	0.0161	0.014	0.0241	0.0202	0.0144	0.0142	0.0185	0.0362	0.0211	0.0152	0.0249	0.0141	0.014	0.0142	0.0188	0.0143	0.0172	0.0142	0.0148	0.0143	0.0148	0.0179	0.0145	0.0184	0.0191	0.0153	0.0202	0.0192	0.0141	0.0149	0.0141	0.014	0.0242	0.0208	0.0148	0.0152	0.0141	0.0141	0.0256	0.0141	0.0145	0.0157	0.0164	0.0142
  L	0.0146	0.0204	0.0156	0.0217	0.0146	0.0302	0.0219	0.0145	0.0202	0.0146	0.0146	0	0.0144	0.0145	0.0144	0.0218	0.0194	0.017	0.0171	0.0145	0.0146	0.0145	0.0177	0.0146	0.0192	0.0227	0.0149	0.0144	0.0164	0.0145	0.0145	0.0147	0.0147	0.0261	0.0148	0.0144	0.0146	0.0149	0.0234	0.0291	0.0146	0.0164	0.0145	0.0144	0.0151	0.0146	0.0144	0.0146	0.0158	0.0243	0.0146	0.0144	0.0153	0.02	0.0145	0.0145	0.0241	0.0144	0.0203
  M	0.0128	0.0137	0.0133	0.0128	0.0268	0.0236	0.0127	0.0263	0.0128	0.021	0.0128	0.0127	0	0.0128	0.0127	0.0383	0.0128	0.0205	0.0128	0.0127	0.0168	0.0127	0.0197	0.0191	0.0144	0.0128	0.0127	0.0127	0.0149	0.0453	0.0127	0.0191	0.0128	0.0129	0.0128	0.0126	0.0128	0.0146	0.0199	0.0135	0.0128	0.0128	0.015	0.0132	0.0128	0.0128	0.0127	0.0128	0.0128	0.0287	0.0128	0.0129	0.0128	0.0141	0.0148	0.0128	0.0131	0.0128	0.0128
  N	0.0129	0.0131	0.0167	0.0128	0.013	0.013	0.0128	0.0202	0.0231	0.0154	0.0239	0.0127	0.0127	0	0.0135	0.0368	0.0127	0.0296	0.0128	0.0127	0.0151	0.013	0.0175	0.0219	0.0166	0.0191	0.0128	0.0126	0.0191	0.0133	0.0127	0.0128	0.0128	0.0173	0.0238	0.0126	0.0141	0.0167	0.0131	0.0132	0.0127	0.0128	0.0127	0.0174	0.0128	0.0128	0.0126	0.0132	0.0305	0.0244	0.0129	0.0127	0.0127	0.0279	0.0132	0.0171	0.0135	0.0126	0.0166
  O	0.0143	0.014	0.0273	0.0138	0.0139	0.0139	0.0138	0.0184	0.0181	0.0165	0.0225	0.0138	0.0138	0.0147	0	0.0324	0.0138	0.0214	0.0139	0.0138	0.0139	0.0139	0.021	0.0172	0.0144	0.014	0.0138	0.0137	0.0138	0.021	0.0138	0.014	0.0183	0.0148	0.0138	0.0193	0.0174	0.0139	0.0198	0.0139	0.0138	0.0142	0.0206	0.0138	0.0196	0.0138	0.0138	0.0139	0.018	0.014	0.0233	0.0139	0.0138	0.0141	0.0138	0.014	0.018	0.0138	0.0138
  P	0.0101	0.0209	0.0222	0.0097	0.039	0.0199	0.0144	0.0239	0.0101	0.0181	0.0109	0.0144	0.0287	0.0277	0.0224	0	0.0191	0.0208	0.0097	0.0106	0.0154	0.0144	0.0099	0.0391	0.0213	0.0145	0.0152	0.0096	0.0101	0.0456	0.011	0.0099	0.0259	0.044	0.011	0.0145	0.0266	0.0129	0.0109	0.0152	0.0096	0.0109	0.0096	0.0339	0.016	0.0104	0.0096	0.0147	0.0159	0.0478	0.0165	0.0116	0.0148	0.0578	0.0096	0.0147	0.0106	0.0095	0.0193
  Q	0.014	0.017	0.0141	0.014	0.0146	0.0141	0.014	0.0174	0.0141	0.0211	0.0141	0.0188	0.0141	0.014	0.014	0.0281	0	0.0142	0.0143	0.014	0.014	0.014	0.0142	0.014	0.0203	0.0214	0.0193	0.014	0.014	0.0186	0.014	0.0194	0.014	0.0142	0.0228	0.0139	0.014	0.0145	0.0149	0.0165	0.014	0.0141	0.014	0.014	0.014	0.014	0.0139	0.0282	0.0141	0.0147	0.0141	0.014	0.014	0.0142	0.014	0.014	0.0143	0.014	0.014
  R	0.0177	0.0332	0.0429	0.0187	0.0301	0.0243	0.025	0.0265	0.0178	0.0175	0.0193	0.0132	0.0181	0.0262	0.0174	0.0245	0.0114	0	0.0183	0.0124	0.0156	0.0189	0.0226	0.0135	0.0486	0.0289	0.0132	0.0113	0.0213	0.0193	0.0113	0.0178	0.012	0.0198	0.025	0.0113	0.0158	0.0125	0.0361	0.0243	0.0117	0.023	0.0115	0.014	0.0116	0.0218	0.0113	0.0143	0.0132	0.0532	0.0131	0.0185	0.0194	0.0291	0.0168	0.0131	0.0289	0.0114	0.0277
  S	0.0143	0.0159	0.0137	0.0181	0.0222	0.0153	0.0245	0.0137	0.0139	0.0143	0.0193	0.0159	0.0135	0.0135	0.0135	0.0137	0.0137	0.0219	0	0.0182	0.0135	0.0135	0.0142	0.0138	0.0168	0.0348	0.0246	0.0136	0.0204	0.014	0.0136	0.0167	0.0162	0.0194	0.0224	0.0254	0.0137	0.0233	0.0148	0.0138	0.0153	0.0158	0.0135	0.0134	0.0223	0.02	0.0155	0.0206	0.0216	0.0226	0.0201	0.0136	0.0135	0.0142	0.0135	0.0246	0.04	0.0135	0.0142
  T	0.0123	0.0157	0.0159	0.0123	0.0125	0.0123	0.0124	0.0131	0.0123	0.0643	0.0126	0.0123	0.0122	0.0123	0.0122	0.0137	0.0122	0.0136	0.0166	0	0.0122	0.0123	0.0124	0.0123	0.0125	0.0289	0.0122	0.0122	0.0123	0.0123	0.0174	0.0123	0.0123	0.022	0.0123	0.0122	0.0159	0.0126	0.0124	0.0161	0.0122	0.0123	0.0123	0.0122	0.0191	0.0123	0.0168	0.0125	0.0148	0.0124	0.0155	0.0315	0.0123	0.0396	0.0123	0.0271	0.0127	0.0122	0.0163
  U	0.0211	0.0145	0.0211	0.014	0.021	0.0209	0.0139	0.0139	0.0218	0.014	0.014	0.014	0.0182	0.0165	0.0139	0.0222	0.0138	0.0192	0.014	0.0138	0	0.0233	0.0173	0.0201	0.0248	0.0305	0.0192	0.0138	0.0139	0.0142	0.0138	0.0141	0.0139	0.0141	0.014	0.0138	0.0139	0.0141	0.0234	0.0142	0.0139	0.0141	0.0139	0.0138	0.0138	0.0171	0.0138	0.0358	0.0155	0.0355	0.0139	0.0138	0.0139	0.0141	0.0203	0.0139	0.0182	0.0138	0.0141
  V	0.0136	0.0149	0.0141	0.0138	0.0162	0.0142	0.0188	0.0136	0.0138	0.0138	0.0178	0.0135	0.0135	0.0138	0.0136	0.0204	0.0135	0.0228	0.0136	0.0135	0.0228	0	0.0142	0.0138	0.042	0.0136	0.0136	0.0135	0.0135	0.0136	0.0141	0.0144	0.0135	0.0205	0.0162	0.0134	0.0136	0.0146	0.0138	0.0137	0.0135	0.0136	0.0135	0.0135	0.0135	0.0192	0.0134	0.0197	0.0136	0.0179	0.0137	0.0153	0.0135	0.0262	0.0138	0.0135	0.0229	0.0135	0.0139
  W	0.0128	0.0325	0.0207	0.0215	0.0181	0.0164	0.016	0.0162	0.0165	0.0393	0.0314	0.0149	0.0188	0.0168	0.0185	0.0127	0.0123	0.0246	0.0129	0.0123	0.0153	0.0128	0	0.0186	0.0239	0.043	0.0145	0.0122	0.0191	0.0136	0.0464	0.0241	0.0126	0.0176	0.0186	0.0122	0.0163	0.0235	0.0128	0.0155	0.0125	0.0132	0.0447	0.0123	0.0616	0.0129	0.0124	0.0228	0.0136	0.0228	0.0232	0.0156	0.0134	0.0133	0.0215	0.0127	0.0219	0.0123	0.0127
  X	0.0323	0.0232	0.0141	0.013	0.0132	0.0172	0.013	0.0285	0.0131	0.0197	0.0197	0.0131	0.0195	0.0225	0.0162	0.0534	0.013	0.0156	0.0134	0.013	0.0189	0.0133	0.02	0	0.0133	0.0234	0.013	0.0188	0.013	0.0193	0.013	0.013	0.0131	0.0166	0.0217	0.0132	0.0131	0.0132	0.0169	0.0134	0.013	0.0197	0.0131	0.016	0.0134	0.0147	0.013	0.0131	0.0131	0.0134	0.0132	0.0131	0.013	0.0427	0.013	0.0131	0.0143	0.013	0.0131
  Y	0.0112	0.0225	0.0238	0.0226	0.0287	0.0177	0.021	0.0106	0.0363	0.0152	0.0105	0.0129	0.011	0.0127	0.0101	0.0217	0.014	0.0421	0.0121	0.0099	0.0174	0.0303	0.0191	0.01	0	0.0125	0.0391	0.0113	0.0116	0.0312	0.0099	0.0272	0.0112	0.0398	0.0164	0.0098	0.0353	0.0302	0.042	0.0184	0.0105	0.0291	0.0109	0.014	0.0108	0.0146	0.01	0.0244	0.0271	0.0739	0.0225	0.0099	0.0142	0.0159	0.0197	0.012	0.0395	0.0099	0.0233
  Z	0.012	0.033	0.0121	0.0128	0.0169	0.012	0.0139	0.0122	0.0124	0.0496	0.0207	0.0183	0.0117	0.0175	0.0118	0.0177	0.0177	0.0299	0.0301	0.0273	0.0256	0.0117	0.041	0.0209	0.015	0	0.0297	0.0159	0.0118	0.0118	0.0152	0.014	0.0128	0.0133	0.0119	0.0116	0.0118	0.0134	0.0236	0.0155	0.0117	0.0123	0.0117	0.0116	0.0182	0.0176	0.0117	0.0125	0.0154	0.029	0.0199	0.0179	0.0117	0.0184	0.0117	0.0203	0.0196	0.0116	0.0223
  [	0.0126	0.0186	0.0129	0.0126	0.0183	0.0128	0.0127	0.013	0.0128	0.0135	0.0126	0.0129	0.0125	0.0127	0.0125	0.02	0.0173	0.0148	0.0231	0.0125	0.0175	0.0127	0.015	0.0126	0.0506	0.0321	0	0.0125	0.0126	0.0126	0.0125	0.0128	0.0127	0.0254	0.0148	0.0125	0.0166	0.0213	0.0206	0.0127	0.0125	0.0127	0.0163	0.0126	0.0127	0.0126	0.0128	0.0188	0.0127	0.0134	0.0128	0.0125	0.0137	0.0155	0.0175	0.0126	0.023	0.0133	0.0126
  \	0.0147	0.017	0.0141	0.0139	0.014	0.0139	0.0139	0.0139	0.0139	0.0147	0.0139	0.0139	0.0138	0.0139	0.0138	0.0139	0.0138	0.014	0.0141	0.0138	0.0139	0.0139	0.014	0.02	0.0161	0.019	0.0139	0	0.0139	0.0139	0.0138	0.0139	0.0139	0.014	0.0139	0.0138	0.0139	0.0189	0.0155	0.0139	0.0138	0.0143	0.0139	0.0208	0.0139	0.0154	0.0138	0.0277	0.0141	0.0176	0.0145	0.0138	0.0143	0.0147	0.0139	0.0161	0.0153	0.0138	0.0139
  ]	0.0136	0.0138	0.014	0.0269	0.0165	0.0187	0.0137	0.0136	0.0137	0.0248	0.0138	0.0154	0.0158	0.0204	0.0136	0.0144	0.0135	0.0257	0.0207	0.0136	0.0137	0.0136	0.0213	0.0136	0.0162	0.0138	0.0136	0.0136	0	0.0154	0.0135	0.0136	0.0173	0.0157	0.0137	0.0135	0.0137	0.0144	0.0286	0.014	0.0145	0.0193	0.0138	0.0136	0.0136	0.0138	0.0136	0.0139	0.0144	0.0227	0.0186	0.0136	0.0205	0.0138	0.0136	0.0137	0.0321	0.0135	0.0137
  ^	0.0206	0.0175	0.0185	0.02	0.0341	0.0226	0.0133	0.0179	0.0134	0.0182	0.0177	0.0133	0.047	0.0138	0.0201	0.0631	0.0175	0.0227	0.0138	0.0133	0.0136	0.0133	0.0147	0.0196	0.0424	0.0135	0.0133	0.0132	0.015	0	0.0132	0.0241	0.0133	0.0233	0.0203	0.0132	0.0136	0.0168	0.018	0.0202	0.0133	0.0173	0.0133	0.014	0.0143	0.0133	0.0132	0.0172	0.0183	0.023	0.014	0.0133	0.0168	0.0302	0.0133	0.0185	0.0149	0.0132	0.0134
  _	0.0117	0.0127	0.0155	0.0118	0.0118	0.0118	0.0117	0.0118	0.0215	0.042	0.012	0.0117	0.0117	0.0117	0.0117	0.0136	0.0117	0.0118	0.0119	0.0167	0.0117	0.0123	0.0447	0.0117	0.0119	0.0154	0.0117	0.0117	0.0117	0.0118	0	0.0117	0.0117	0.0143	0.0179	0.0117	0.0118	0.0119	0.0118	0.0118	0.0117	0.0117	0.0168	0.0117	0.0335	0.0117	0.0124	0.0118	0.012	0.0118	0.013	0.0244	0.0117	0.0287	0.0117	0.0119	0.0124	0.0117	0.0118
  `	0.0131	0.0189	0.0142	0.0131	0.014	0.0132	0.0131	0.0131	0.0133	0.0136	0.016	0.0132	0.0196	0.0132	0.0132	0.0135	0.0181	0.0207	0.0162	0.013	0.0133	0.014	0.0259	0.013	0.0365	0.0157	0.0133	0.013	0.0131	0.0238	0.013	0	0.0132	0.0137	0.0179	0.013	0.0131	0.0187	0.0133	0.0173	0.0132	0.0132	0.0131	0.013	0.0131	0.0132	0.013	0.0214	0.0132	0.0185	0.0132	0.0138	0.0132	0.0265	0.0131	0.0132	0.0206	0.018	0.0131
  a	0.0141	0.0237	0.0143	0.0142	0.0148	0.0142	0.0142	0.0204	0.0232	0.0145	0.0142	0.0143	0.0142	0.0142	0.0186	0.0383	0.0141	0.015	0.017	0.0141	0.0142	0.0141	0.0145	0.0142	0.0162	0.0155	0.0143	0.0141	0.018	0.0142	0.0141	0.0143	0	0.0146	0.0188	0.014	0.0142	0.0213	0.0219	0.0142	0.0141	0.0142	0.0141	0.0178	0.0141	0.0142	0.014	0.0199	0.0142	0.0303	0.0161	0.0141	0.0141	0.0178	0.0141	0.0157	0.021	0.014	0.0142
  b	0.0247	0.0142	0.0215	0.0359	0.016	0.0135	0.0151	0.0132	0.0337	0.0182	0.0137	0.0234	0.0132	0.0177	0.0139	0.0599	0.0131	0.0229	0.0188	0.0232	0.0132	0.0197	0.0188	0.0165	0.0531	0.0149	0.0262	0.013	0.015	0.0229	0.0158	0.0136	0.0134	0	0.0263	0.013	0.0151	0.03	0.0154	0.0214	0.0131	0.0147	0.0133	0.0201	0.0154	0.0171	0.0141	0.0207	0.0153	0.0358	0.0212	0.0149	0.0136	0.0314	0.0131	0.0139	0.0348	0.0132	0.0275
